958
952
953
955
948
950
951
944
945
946
947
940
943
942
939
938
933
932
935
934
928
930
926
927
924
925
920
918
919
916
917
915
912
911
910
908
907
906
905
904
903
902
901
900
898
1016
1018
1019
1020
1021
1022
1008
1009
1010
1011
1013
1014
1015
1001
1000
1003
1002
1005
1004
1007
1006
995
994
997
996
999
986
987
984
985
990
988
978
979
982
983
980
971
970
968
975
973
972
961
960
966
965
964
1100
1102
1103
1096
1097
1098
1092
1093
1094
1095
1089
1091
1117
1116
1113
1112
1115
1114
1109
1104
1107
1106
1135
1132
1133
1131
1128
1129
1127
1124
1125
1122
1123
1120
1121
1151
1150
1148
1147
1146
1144
1143
1142
1141
1140
1139
1137
1136
1032
1033
1034
1035
1036
1038
1039
1024
1025
1026
1027
1031
1049
1051
1050
1053
1052
1055
1054
1041
1040
1043
1042
1045
1044
1046
1066
1067
1064
1065
1070
1071
1069
1058
1059
1056
1057
1063
1060
1061
1083
1082
1081
1080
1087
1086
1085
1084
1075
1074
1073
1079
1077
1221
1220
1217
1216
1219
1218
1231
1230
1225
1224
1226
1236
1237
1239
1232
1233
1244
1247
1240
1241
1270
1271
1278
1279
1276
1277
1274
1275
1273
1155
1154
1157
1156
1159
1161
1160
1163
1162
1168
1169
1172
1174
1176
1177
1178
1180
1181
1182
1187
1186
1185
1191
1189
1188
1194
1193
1199
1197
1196
1203
1201
1206
1207
1204
1205
1210
1211
1208
1209
1214
1215
1212
1213
1404
1407
1406
1401
1400
1403
1402
1399
1305
1304
1311
1310
1309
1299
1298
1297
1296
1302
1301
1291
1288
1289
1294
1295
1292
1293
1282
1283
1280
1281
1286
1287
1284
1285
1320
1321
1322
1323
1312
1313
1314
1315
1316
1317
1318
1319
1494
1495
1492
1490
1491
1489
1502
1503
1501
1498
1499
1496
1497
1479
1478
1477
1476
1475
1474
1473
1472
1487
1483
1481
1524
1525
1527
1520
1521
1522
1523
1532
1533
1534
1535
1528
1529
1530
1531
1509
1508
1511
1510
1505
1506
1517
1516
1519
1518
1513
1512
1514
1426
1427
1424
1425
1430
1431
1428
1434
1435
1432
1433
1438
1439
1436
1437
1411
1409
1408
1415
1413
1412
1418
1417
1416
1423
1422
1421
1456
1457
1459
1460
1461
1462
1463
1464
1466
1467
1469
1470
1471
1441
1443
1442
1445
1444
1446
1451
1450
1453
1454
1548
1549
1550
1551
1546
1547
1540
1541
1536
1537
1538
1539
1557
1556
1553
1552
1555
1763
1761
1760
1767
1766
1765
1764
1770
1768
1775
1773
1772
1776
1777
1782
1781
1786
1787
1784
1785
1791
1729
1731
1730
1733
1732
1735
1734
1737
1736
1739
1738
1741
1740
1743
1745
1746
1747
1748
1750
1752
1753
1756
1757
1759
1700
1699
1698
1697
1696
1710
1709
1708
1707
1706
1705
1704
1718
1716
1717
1715
1726
1724
1725
1722
1720
1721
1676
1678
1673
1672
1674
1684
1685
1686
1687
1680
1682
1683
1692
1693
1694
1688
1690
1691
1913
1914
1917
1919
1918
1904
1907
1908
1911
1910
1902
1903
1883
1882
1881
1880
1886
1885
1884
1875
1872
1879
1877
1876
1866
1864
1865
1870
1871
1868
1869
1858
1859
1857
1862
1863
1860
1852
1854
1851
1847
1841
1840
1836
1837
1838
1834
1835
1830
1831
1824
1825
1826
1823
1822
1821
1820
1819
1817
1815
1813
1810
1808
1807
1804
1805
1803
1800
1801
1799
1796
1797
1794
1795
1792
1793
2032
2033
2035
2036
2037
2038
2039
2040
2042
2044
2045
2046
2047
2021
2020
2022
2024
2027
2026
2029
2031
2030
2002
2003
2000
2001
2006
2007
2010
2011
2008
2014
2015
2013
1987
1986
1984
1990
1992
1996
1972
1973
1969
1970
1971
1980
1981
1982
1983
1976
1978
1979
1957
1956
1959
1953
1955
1954
1965
1964
1967
1966
1961
1963
1942
1943
1941
1938
1936
1937
1950
1951
1947
1945
1927
1926
1925
1924
1923
1922
1921
1920
1935
1934
1933
1932
1931
1930
1929
1928
2200
2201
2202
2205
2206
2207
2192
2194
2195
2197
2198
2199
2185
2187
2186
2191
2178
2181
2183
2234
2235
2232
2233
2238
2239
2236
2237
2226
2227
2231
2228
2229
2219
2218
2217
2216
2223
2221
2220
2211
2208
2215
2213
2212
2269
2270
2271
2264
2265
2266
2267
2260
2262
2256
2257
2258
2259
2255
2254
2248
2250
2245
2247
2246
2241
2243
2242
2302
2303
2300
2301
2299
2296
2297
2294
2295
2292
2293
2290
2291
2288
2289
2285
2284
2283
2282
2281
2280
2279
2277
2276
2275
2274
2272
2064
2067
2066
2069
2068
2071
2070
2073
2072
2075
2079
2078
2048
2050
2051
2052
2053
2057
2058
2060
2061
2062
2107
2106
2105
2104
2111
2110
2109
2082
2083
2081
2084
2133
2132
2134
2128
2131
2130
2141
2140
2143
2142
2137
2136
2139
2116
2117
2118
2119
2112
2114
2115
2125
2127
2120
2121
2167
2166
2165
2164
2162
2160
2175
2173
2172
2171
2170
2169
2168
2150
2151
2149
2146
2147
2144
2145
2158
2159
2157
2154
2155
2152
2153
2810
2811
2808
2809
2815
2813
2802
2800
2801
2806
2807
2804
2795
2794
2793
2792
2799
2798
2797
2796
2787
2785
2784
2791
2790
2789
2776
2777
2778
2779
2780
2783
2768
2770
2771
2772
2773
2774
2775
2761
2760
2762
2765
2767
2766
2755
2754
2757
2756
2758
2615
2612
2611
2609
2623
2622
2621
2619
2673
2672
2678
2677
2676
2681
2686
2685
2684
2658
2657
2662
2663
2661
2666
2667
2664
2665
2670
2671
2668
2669
2640
2642
2645
2644
2646
2649
2653
2652
2655
2654
2624
2626
2627
2628
2629
2630
2631
2632
2633
2635
2636
2637
2639
2989
2985
2984
2987
2986
2981
2980
2983
2982
2977
2976
2979
2978
3007
3001
3002
2996
2997
2998
2999
2992
2993
2995
2959
2958
2957
2953
2952
2951
2950
2946
2945
2944
2975
2972
2973
2970
2971
2968
2969
2966
2965
2962
2963
2960
2961
3048
3051
3050
3053
3052
3055
3054
3041
3040
3042
3045
3044
3046
3064
3065
3066
3056
3058
3059
3060
3061
3062
3018
3017
3016
3023
3022
3021
3020
3011
3010
3009
3015
3014
3013
3034
3035
3032
3033
3038
3039
3037
3026
3027
3024
3025
3028
3029
2852
2853
2849
2860
2862
2863
2857
2869
2868
2871
2870
2867
2877
2876
2879
2878
2873
2875
2874
2822
2823
2820
2821
2819
2830
2831
2828
2829
2826
2827
2825
2839
2838
2837
2836
2834
2833
2832
2846
2845
2844
2843
2842
2841
2840
2912
2913
2915
2916
2917
2918
2919
2920
2921
2922
2924
2927
2929
2928
2931
2933
2932
2935
2934
2937
2936
2939
2938
2941
2940
2943
2882
2883
2881
2887
2884
2890
2891
2889
2895
2892
2893
2899
2898
2896
2903
2902
2901
2906
2905
2904
2910
3284
3285
3286
3287
3281
3282
3283
3293
3294
3295
3288
3289
3290
3318
3316
3317
3314
3312
3313
3324
3323
3303
3302
3301
3300
3297
3311
3310
3309
3307
3306
3304
3527
3524
3523
3522
3521
3520
3535
3534
3533
3532
3531
3529
3528
3536
3537
3459
3458
3457
3456
3463
3461
3460
3466
3465
3464
3470
3474
3475
3472
3473
3478
3479
3477
3482
3483
3480
3481
3487
3489
3488
3491
3490
3493
3492
3495
3494
3497
3496
3499
3498
3501
3500
3503
3502
3504
3506
3507
3508
3509
3510
3511
3512
3513
3514
3515
3516
3517
3518
3519
3406
3407
3404
3405
3402
3403
3400
3398
3399
3397
3394
3392
3423
3421
3419
3418
3417
3412
3411
3410
3409
3408
3436
3437
3438
3433
3435
3428
3429
3430
3424
3425
3427
3453
3452
3455
3454
3449
3448
3451
3450
3445
3444
3447
3441
3440
3443
3442
3339
3336
3337
3342
3343
3341
3330
3328
3329
3335
3333
3352
3359
3358
3347
3346
3345
3344
3351
3350
3349
3348
3369
3370
3372
3374
3375
3360
3362
3363
3366
3367
3385
3387
3389
3391
3390
3377
3376
3380
3383
