956
952
953
954
948
949
950
951
944
945
946
947
943
937
936
939
938
933
935
934
929
928
931
930
926
927
925
922
920
918
919
917
912
910
909
908
907
906
904
903
902
900
898
1016
1018
1019
1021
1022
1010
1011
1013
1014
1015
1001
1000
1003
1002
1007
1006
993
992
997
996
998
984
985
988
978
979
976
982
983
980
981
968
975
974
973
972
963
961
960
967
966
965
964
1100
1102
1103
1096
1098
1099
1092
1095
1089
1090
1117
1116
1119
1113
1112
1115
1114
1109
1105
1107
1134
1135
1132
1133
1131
1128
1129
1126
1124
1125
1123
1120
1121
1151
1150
1148
1147
1146
1145
1144
1143
1142
1139
1138
1137
1033
1034
1035
1036
1037
1038
1039
1024
1025
1026
1027
1028
1029
1030
1031
1049
1048
1050
1052
1055
1054
1041
1040
1043
1042
1046
1066
1067
1064
1065
1070
1071
1068
1069
1058
1059
1057
1063
1060
1061
1083
1082
1081
1080
1087
1085
1084
1075
1074
1072
1079
1077
1220
1223
1222
1216
1219
1218
1229
1228
1231
1230
1225
1224
1227
1226
1236
1238
1239
1232
1233
1234
1235
1244
1245
1246
1247
1240
1241
1242
1243
1250
1249
1248
1270
1271
1278
1279
1277
1275
1272
1273
1153
1152
1155
1154
1157
1159
1158
1161
1162
1165
1164
1166
1169
1170
1171
1172
1174
1175
1176
1177
1179
1180
1181
1183
1187
1186
1185
1184
1191
1190
1189
1195
1194
1193
1197
1196
1202
1203
1200
1201
1206
1207
1205
1210
1211
1208
1209
1214
1215
1212
1213
1405
1406
1401
1400
1403
1402
1399
1306
1305
1304
1311
1310
1309
1308
1299
1298
1296
1303
1302
1300
1290
1291
1289
1294
1295
1292
1293
1282
1283
1280
1286
1284
1285
1320
1322
1323
1312
1313
1314
1315
1316
1317
1318
1319
1494
1495
1490
1491
1488
1489
1502
1500
1501
1498
1496
1497
1479
1478
1476
1475
1474
1472
1487
1486
1483
1482
1481
1524
1526
1527
1520
1521
1522
1523
1532
1533
1534
1528
1529
1530
1531
1509
1508
1511
1510
1505
1504
1507
1506
1516
1519
1518
1513
1512
1514
1426
1427
1424
1425
1428
1429
1434
1435
1432
1433
1438
1439
1436
1437
1411
1410
1409
1408
1415
1413
1412
1419
1418
1417
1416
1423
1422
1421
1420
1456
1457
1458
1459
1460
1461
1462
1463
1464
1466
1467
1468
1469
1470
1471
1441
1443
1442
1445
1444
1447
1446
1449
1448
1451
1450
1453
1454
1548
1549
1550
1551
1544
1545
1540
1541
1542
1536
1537
1538
1553
1555
1762
1761
1760
1767
1766
1764
1771
1770
1775
1773
1772
1779
1776
1787
1784
1785
1790
1729
1731
1730
1733
1732
1734
1737
1736
1739
1738
1741
1740
1743
1742
1744
1745
1746
1747
1748
1749
1751
1752
1753
1756
1757
1758
1759
1703
1701
1700
1699
1698
1697
1696
1711
1710
1709
1708
1707
1706
1705
1704
1718
1719
1716
1717
1715
1713
1726
1727
1724
1725
1720
1721
1677
1679
1678
1672
1675
1674
1684
1685
1687
1681
1682
1683
1692
1693
1694
1695
1688
1689
1690
1691
1913
1912
1915
1914
1917
1919
1918
1907
1906
1908
1911
1910
1902
1903
1883
1881
1880
1887
1886
1884
1875
1874
1872
1879
1878
1877
1876
1864
1865
1870
1871
1868
1869
1858
1859
1856
1862
1852
1855
1854
1848
1851
1850
1845
1847
1846
1841
1840
1836
1837
1838
1839
1834
1835
1830
1824
1826
1827
1822
1820
1818
1817
1816
1815
1813
1812
1811
1809
1808
1806
1802
1803
1800
1801
1798
1799
1796
1797
1795
1793
2033
2034
2035
2036
2037
2038
2040
2042
2044
2045
2046
2047
2018
2021
2020
2023
2025
2024
2027
2026
2029
2028
2031
2003
2001
2006
2010
2008
2009
2014
2015
1987
1986
1985
1984
1989
1988
1995
1992
1999
1998
1997
1996
1972
1973
1975
1969
1970
1971
1980
1981
1982
1976
1978
1957
1956
1959
1958
1953
1955
1954
1965
1964
1967
1961
1962
1942
1943
1940
1941
1939
1936
1937
1951
1948
1949
1947
1944
1945
1927
1925
1924
1923
1922
1921
1934
1933
1931
1930
1928
2200
2201
2202
2203
2205
2206
2207
2192
2193
2195
2197
2198
2185
2184
2187
2186
2191
2190
2179
2178
2181
2183
2234
2235
2232
2233
2239
2236
2226
2227
2225
2230
2231
2228
2229
2219
2218
2217
2223
2222
2221
2220
2211
2210
2208
2215
2214
2213
2212
2269
2270
2271
2264
2266
2267
2260
2262
2263
2256
2257
2258
2253
2252
2255
2254
2249
2248
2251
2250
2245
2244
2246
2241
2240
2243
2242
2303
2300
2301
2298
2299
2296
2297
2294
2295
2293
2290
2289
2286
2285
2284
2283
2282
2281
2280
2279
2277
2276
2275
2272
2067
2066
2068
2071
2073
2075
2079
2078
2048
2049
2050
2051
2052
2053
2054
2055
2057
2058
2059
2060
2061
2062
2106
2109
2082
2080
2133
2132
2135
2134
2128
2131
2141
2140
2143
2137
2136
2116
2117
2112
2113
2115
2124
2125
2120
2121
2122
2123
2166
2165
2164
2163
2162
2161
2160
2175
2173
2172
2171
2170
2169
2168
2150
2148
2149
2146
2147
2145
2159
2156
2157
2154
2152
2153
2810
2811
2808
2815
2812
2813
2802
2801
2806
2807
2804
2805
2795
2794
2792
2799
2798
2797
2796
2784
2791
2790
2789
2788
2777
2778
2779
2781
2782
2783
2768
2770
2771
2772
2773
2774
2775
2761
2760
2763
2762
2764
2766
2755
2754
2757
2615
2613
2612
2610
2609
2622
2621
2620
2619
2616
2673
2672
2679
2678
2676
2683
2682
2681
2680
2685
2684
2658
2659
2657
2662
2660
2661
2666
2667
2665
2670
2671
2668
2641
2640
2643
2645
2644
2647
2646
2649
2648
2653
2652
2624
2625
2626
2627
2628
2629
2630
2631
2632
2633
2634
2635
2636
2637
2989
2990
2985
2984
2980
2983
2982
2977
2976
3006
3007
3001
3002
2996
2998
2999
2992
2993
2994
2959
2958
2952
2951
2950
2947
2946
2945
2944
2974
2975
2972
2970
2971
2969
2966
2967
2962
3049
3051
3050
3053
3055
3054
3041
3040
3043
3042
3047
3064
3065
3066
3056
3058
3059
3060
3062
3018
3017
3016
3022
3021
3020
3011
3010
3009
3015
3014
3013
3012
3034
3035
3033
3039
3026
3024
3025
3030
3028
3029
2852
2854
2855
2848
2849
2850
2851
2860
2861
2862
2863
2856
2857
2858
2859
2869
2868
2871
2870
2865
2876
2879
2878
2823
2820
2821
2818
2819
2817
2831
2829
2826
2827
2824
2825
2839
2838
2837
2836
2835
2834
2833
2832
2846
2845
2844
2843
2841
2912
2913
2915
2916
2917
2918
2919
2921
2923
2924
2925
2926
2929
2928
2931
2933
2932
2935
2934
2937
2936
2939
2938
2941
2940
2943
2883
2880
2881
2885
2890
2891
2889
2894
2895
2899
2898
2896
2903
2901
2900
2906
2905
2911
2910
3285
3286
3287
3281
3282
3283
3292
3293
3294
3288
3289
3290
3291
3318
3314
3313
3327
3324
3325
3323
3320
3321
3303
3302
3300
3299
3297
3296
3311
3310
3307
3305
3527
3526
3525
3524
3523
3521
3534
3533
3532
3530
3529
3528
3458
3457
3456
3463
3462
3461
3460
3466
3465
3464
3470
3468
3475
3473
3478
3479
3477
3482
3480
3481
3486
3487
3484
3489
3488
3491
3490
3493
3492
3494
3497
3496
3499
3498
3501
3500
3503
3502
3505
3507
3508
3509
3510
3512
3513
3516
3517
3406
3407
3404
3405
3402
3403
3401
3399
3396
3397
3394
3395
3392
3393
3423
3422
3421
3419
3418
3416
3415
3412
3411
3410
3409
3408
3436
3437
3438
3433
3434
3428
3429
3430
3424
3425
3427
3452
3455
3454
3449
3448
3451
3450
3445
3447
3446
3441
3440
3443
3442
3338
3339
3336
3342
3343
3340
3341
3330
3331
3328
3329
3334
3335
3333
3353
3359
3358
3347
3346
3344
3351
3350
3349
3348
3368
3369
3370
3373
3374
3375
3360
3361
3363
3364
3365
3367
3385
3384
3387
3386
3389
3388
3391
3390
3377
3376
3379
3378
3381
3380
3383
3382
