954
940
937
932
931
926
916
903
900
1018
1020
1008
1011
1014
1015
1000
1005
994
997
996
999
998
984
985
990
988
989
978
983
980
981
972
963
966
1102
1103
1089
1119
1113
1107
1135
1133
1130
1145
1144
1030
1031
1049
1053
1040
1044
1047
1046
1058
1082
1087
1077
1076
1224
1243
1250
1248
1274
1155
1163
1168
1170
1176
1187
1194
1193
1202
1203
1200
1201
1206
1208
1214
1215
1405
1406
1305
1296
1303
1290
1295
1283
1286
1320
1321
1502
1484
1483
1481
1535
1506
1516
1427
1425
1430
1433
1410
1413
1418
1421
1462
1464
1468
1469
1440
1443
1442
1444
1449
1550
1551
1537
1553
1763
1766
1771
1731
1733
1737
1736
1743
1749
1756
1698
1719
1677
1682
1683
1693
1694
1691
1913
1907
1909
1880
1887
1886
1884
1874
1878
1866
1865
1869
1857
1834
1828
1829
1824
1821
1816
1809
1804
1800
2032
2017
2018
2023
2022
2025
2030
2007
2009
2012
1989
1992
1970
1982
1983
1965
1966
1941
1939
1950
2199
2189
2178
2180
2232
2226
2215
2260
2259
2245
2240
2297
2292
2281
2272
2067
2054
2107
2105
2082
2084
2140
2136
2118
2127
2121
2123
2170
2168
2147
2156
2157
2155
2152
2808
2813
2806
2804
2796
2782
2757
2756
2611
2610
2609
2608
2616
2675
2679
2677
2676
2683
2666
2665
2642
2645
2654
2624
2627
2630
2631
2989
2987
2978
2998
2957
2950
2945
2975
2969
2961
3041
3042
3064
3060
3034
3032
3026
3025
3030
2854
2848
2859
2869
2870
2865
2872
2821
2831
2824
2839
2837
2840
2915
2921
2924
2933
2932
2939
2938
2940
2943
2891
2895
2893
2898
2896
2900
3287
3281
3294
3295
3289
3290
3291
3316
3327
3324
3323
3321
3302
3301
3296
3310
3527
3524
3533
3532
3530
3529
3466
3464
3481
3490
3493
3492
3495
3497
3499
3503
3504
3514
3515
3401
3393
3423
3422
3417
3409
3408
3436
3438
3433
3429
3431
3442
3341
3331
3329
3335
3353
3351
3364
3385
3377
3379
