952
953
955
944
946
932
928
910
908
903
899
1016
1017
1020
1022
1008
1001
996
998
987
990
973
960
1102
1096
1118
1108
1110
1134
1128
1146
1144
1142
1140
1136
1032
1034
1024
1049
1048
1041
1043
1064
1083
1216
1218
1233
1234
1235
1245
1246
1248
1154
1156
1161
1160
1190
1189
1188
1195
1194
1202
1211
1406
1400
1402
1304
1311
1308
1301
1291
1295
1280
1281
1320
1312
1316
1319
1492
1501
1477
1474
1486
1525
1532
1535
1531
1505
1504
1519
1428
1429
1435
1437
1465
1451
1455
1454
1548
1550
1540
1543
1539
1767
1773
1780
1785
1788
1730
1737
1746
1750
1756
1699
1696
1710
1709
1717
1714
1677
1672
1684
1692
1695
1688
1914
1903
1881
1880
1887
1884
1874
1863
1848
1840
1835
1828
1824
1827
1817
1803
2035
2025
2006
2010
2014
2013
1986
1985
1984
1972
1970
1979
1958
1964
1962
1950
1951
1949
1924
1932
2204
2185
2239
2230
2211
2270
2271
2253
2240
2242
2293
2289
2280
2071
2070
2072
2051
2061
2107
2082
2132
2112
2124
2125
2151
2806
2805
2792
2787
2786
2783
2768
2770
2773
2774
2775
2761
2760
2764
2756
2613
2673
2679
2683
2686
2661
2667
2671
2655
2636
2637
2985
2981
2982
2979
2978
2999
2972
2968
2967
2962
2963
2960
3049
3040
3042
3046
3060
3019
3018
3009
3008
3014
3038
3039
3037
3030
3028
3029
2862
2870
2865
2867
2873
2821
2818
2830
2834
2845
2843
2928
2932
2937
2939
2940
2883
2884
2891
2894
2896
2907
2906
2905
3318
3315
3325
3311
3309
3304
3527
3520
3537
3459
3458
3463
3471
3478
3480
3491
3508
3511
3513
3514
3519
3407
3403
3400
3398
3395
3393
3422
3438
3424
3454
3451
3442
3331
3335
3354
3357
3347
3351
3375
3363
3365
3387
3386
3377
3380
