958
953
955
949
950
951
945
946
947
940
937
936
939
938
933
932
935
929
928
931
930
926
924
925
922
923
920
916
917
911
910
909
908
907
906
904
903
902
900
899
898
1016
1019
1020
1021
1022
1023
1008
1009
1010
1012
1013
1014
1015
1001
1000
1003
1005
1004
1006
993
992
995
994
997
996
999
998
986
987
984
990
991
988
989
978
979
976
982
983
981
971
970
968
975
974
973
972
963
962
961
960
967
966
965
964
1102
1103
1096
1097
1098
1099
1092
1093
1095
1088
1090
1091
1117
1116
1119
1113
1112
1115
1114
1109
1111
1110
1105
1104
1107
1135
1132
1131
1128
1129
1124
1125
1122
1123
1120
1121
1149
1148
1147
1146
1145
1144
1141
1140
1139
1138
1137
1136
1033
1034
1035
1036
1037
1039
1024
1025
1026
1030
1031
1049
1048
1051
1052
1054
1041
1043
1042
1045
1044
1047
1046
1066
1067
1065
1070
1071
1068
1069
1058
1059
1056
1057
1063
1060
1061
1083
1082
1081
1080
1087
1086
1085
1084
1075
1074
1073
1077
1076
1221
1220
1223
1222
1217
1216
1229
1228
1231
1230
1224
1227
1226
1236
1237
1238
1232
1233
1234
1245
1246
1247
1241
1242
1243
1250
1248
1278
1279
1276
1277
1274
1275
1272
1154
1157
1159
1160
1163
1162
1165
1164
1167
1168
1169
1170
1171
1172
1173
1176
1177
1178
1180
1182
1183
1187
1186
1185
1191
1190
1188
1194
1193
1199
1198
1197
1196
1202
1203
1200
1207
1204
1205
1210
1208
1215
1212
1213
1405
1407
1406
1401
1402
1399
1306
1305
1304
1310
1309
1308
1299
1298
1297
1296
1303
1302
1301
1290
1291
1288
1289
1294
1295
1292
1293
1282
1283
1280
1281
1286
1320
1321
1323
1313
1314
1317
1318
1319
1494
1495
1492
1493
1490
1491
1488
1489
1502
1503
1500
1501
1498
1499
1497
1479
1478
1477
1476
1473
1486
1484
1481
1480
1525
1527
1520
1521
1522
1523
1532
1533
1534
1535
1528
1530
1531
1508
1511
1510
1505
1504
1507
1506
1517
1518
1513
1514
1426
1427
1424
1425
1430
1431
1428
1434
1435
1432
1436
1437
1411
1410
1409
1408
1415
1414
1413
1412
1419
1418
1417
1416
1423
1422
1420
1456
1457
1458
1460
1461
1462
1463
1464
1466
1467
1468
1469
1470
1471
1441
1440
1443
1442
1445
1444
1447
1446
1449
1448
1450
1453
1452
1455
1454
1548
1549
1551
1544
1545
1546
1540
1541
1542
1543
1536
1539
1557
1556
1555
1763
1761
1760
1767
1766
1765
1764
1770
1769
1768
1775
1773
1772
1779
1776
1782
1780
1785
1790
1788
1789
1731
1733
1732
1735
1734
1736
1739
1738
1740
1745
1748
1749
1750
1751
1752
1756
1757
1758
1759
1703
1701
1700
1699
1698
1697
1696
1708
1707
1706
1705
1704
1718
1719
1716
1717
1714
1713
1726
1727
1724
1725
1722
1720
1721
1677
1676
1678
1673
1672
1675
1674
1684
1685
1680
1681
1683
1692
1693
1695
1689
1690
1691
1913
1912
1914
1917
1919
1918
1907
1906
1909
1908
1911
1903
1883
1887
1885
1884
1874
1872
1879
1877
1866
1864
1865
1871
1868
1869
1859
1857
1863
1860
1854
1850
1845
1846
1841
1840
1838
1833
1834
1835
1828
1829
1830
1824
1826
1827
1821
1820
1819
1818
1817
1816
1815
1813
1812
1811
1809
1808
1807
1804
1805
1803
1800
1801
1796
1795
1792
2033
2034
2035
2036
2037
2038
2040
2042
2043
2044
2045
2046
2047
2017
2019
2018
2021
2020
2023
2025
2024
2026
2028
2031
2030
2002
2000
2006
2007
2010
2011
2008
2009
2014
2015
2013
1987
1986
1985
1984
1990
1988
1992
1999
1998
1996
1972
1975
1969
1970
1971
1980
1981
1982
1983
1976
1979
1957
1956
1959
1953
1954
1965
1964
1967
1966
1961
1942
1940
1941
1938
1939
1936
1937
1950
1951
1948
1947
1944
1945
1927
1926
1924
1923
1922
1921
1920
1935
1934
1932
1931
1930
1929
1928
2201
2202
2205
2206
2207
2194
2195
2197
2198
2184
2187
2189
2188
2190
2179
2178
2180
2234
2232
2233
2238
2239
2237
2227
2230
2228
2229
2219
2216
2223
2220
2210
2209
2215
2214
2213
2212
2268
2269
2270
2265
2261
2262
2256
2253
2252
2255
2254
2249
2248
2251
2250
2245
2244
2247
2246
2241
2240
2243
2242
2302
2303
2298
2299
2296
2297
2295
2292
2293
2290
2291
2288
2285
2283
2282
2280
2279
2277
2275
2274
2064
2067
2066
2068
2070
2073
2072
2075
2078
2049
2050
2051
2052
2054
2055
2058
2060
2061
2062
2063
2106
2105
2111
2110
2080
2084
2134
2130
2141
2140
2142
2137
2136
2139
2118
2119
2112
2113
2114
2124
2125
2120
2121
2122
2123
2167
2166
2165
2164
2163
2162
2161
2160
2175
2172
2150
2151
2148
2149
2146
2147
2144
2145
2158
2159
2154
2152
2153
2810
2811
2812
2813
2802
2803
2800
2801
2806
2804
2805
2794
2793
2792
2799
2796
2787
2786
2785
2784
2791
2790
2788
2776
2777
2778
2779
2780
2781
2782
2783
2768
2770
2774
2761
2760
2765
2767
2766
2755
2754
2757
2756
2758
2615
2612
2610
2609
2608
2623
2622
2621
2620
2619
2616
2675
2673
2679
2678
2676
2680
2687
2686
2685
2684
2659
2657
2662
2663
2660
2661
2666
2667
2665
2670
2671
2668
2669
2641
2640
2643
2642
2645
2644
2647
2646
2649
2653
2654
2625
2627
2629
2633
2634
2635
2637
2991
2990
2985
2984
2986
2981
2980
2983
2982
2977
2976
2979
2978
3001
3002
2996
2997
2998
2999
2992
2994
2959
2957
2953
2952
2951
2950
2947
2946
2945
2974
2975
2972
2973
2970
2971
2966
2965
2962
2960
2961
3051
3050
3053
3052
3055
3054
3041
3040
3045
3044
3047
3046
3064
3065
3066
3058
3059
3060
3061
3062
3063
3019
3017
3016
3023
3022
3021
3011
3010
3009
3008
3015
3014
3013
3034
3035
3032
3033
3037
3026
3027
3024
3025
3030
3031
3029
2852
2853
2854
2855
2849
2850
2860
2861
2862
2863
2856
2857
2858
2859
2869
2868
2871
2870
2864
2867
2876
2879
2878
2873
2822
2823
2820
2821
2818
2819
2817
2830
2831
2828
2829
2826
2827
2824
2825
2838
2837
2836
2835
2834
2833
2832
2845
2844
2843
2842
2841
2840
2912
2913
2915
2916
2917
2918
2919
2920
2922
2923
2924
2925
2926
2927
2929
2928
2931
2933
2932
2935
2934
2937
2936
2938
2941
2943
2882
2880
2881
2887
2885
2890
2891
2888
2889
2895
2898
2897
2896
2902
2901
2900
2907
2906
2905
2904
2911
2910
3285
3287
3281
3283
3292
3294
3288
3289
3318
3316
3314
3315
3313
3327
3324
3322
3320
3321
3301
3300
3299
3297
3296
3311
3310
3307
3305
3304
3525
3524
3523
3522
3521
3520
3534
3533
3532
3531
3530
3529
3528
3536
3537
3459
3457
3456
3463
3462
3460
3465
3464
3468
3474
3472
3473
3478
3479
3477
3482
3483
3481
3486
3484
3485
3489
3488
3491
3490
3493
3492
3495
3494
3497
3496
3498
3500
3503
3502
3504
3505
3506
3510
3511
3512
3513
3515
3516
3517
3518
3519
3406
3404
3405
3402
3400
3401
3398
3399
3396
3397
3394
3395
3392
3393
3423
3422
3418
3416
3415
3412
3411
3410
3408
3436
3437
3438
3432
3433
3434
3435
3429
3430
3431
3424
3425
3427
3453
3455
3454
3449
3448
3451
3444
3446
3441
3440
3443
3442
3338
3339
3336
3337
3342
3343
3340
3341
3330
3331
3328
3335
3333
3354
3353
3352
3359
3358
3357
3347
3346
3345
3344
3351
3350
3349
3348
3369
3370
3372
3373
3374
3375
3360
3361
3362
3363
3364
3365
3366
3367
3385
3384
3387
3386
3389
3391
3390
3377
3376
3379
3378
3381
3380
3383
3382
