956
958
952
954
955
950
951
944
945
946
947
940
942
937
936
938
933
935
934
929
931
930
926
925
922
920
918
916
917
915
910
909
908
907
906
905
904
903
902
901
900
899
898
1016
1018
1019
1020
1021
1022
1023
1008
1009
1010
1011
1012
1013
1015
1001
1000
1005
1004
1007
1006
992
995
994
997
996
999
998
986
984
990
991
988
989
978
979
976
982
983
980
981
971
970
968
975
974
973
972
963
961
960
967
965
1100
1101
1102
1097
1099
1092
1093
1094
1095
1088
1091
1117
1119
1118
1113
1112
1114
1108
1110
1105
1106
1135
1132
1133
1130
1128
1129
1126
1127
1124
1125
1122
1123
1120
1151
1150
1149
1148
1147
1146
1144
1143
1142
1141
1140
1139
1138
1136
1032
1033
1035
1036
1037
1039
1024
1025
1026
1027
1028
1029
1030
1031
1051
1050
1053
1052
1055
1041
1043
1042
1045
1044
1047
1046
1066
1067
1064
1065
1070
1068
1069
1058
1059
1056
1063
1060
1061
1083
1082
1081
1080
1087
1086
1085
1084
1075
1073
1072
1079
1078
1077
1076
1221
1217
1216
1219
1218
1229
1228
1231
1224
1227
1226
1236
1237
1238
1239
1232
1233
1235
1245
1247
1240
1241
1242
1250
1249
1248
1278
1279
1276
1277
1274
1275
1273
1153
1155
1157
1156
1159
1158
1161
1160
1163
1162
1165
1164
1167
1166
1169
1171
1172
1173
1174
1175
1176
1177
1178
1179
1181
1187
1186
1185
1184
1191
1190
1189
1194
1193
1199
1198
1197
1196
1202
1200
1207
1205
1210
1211
1208
1214
1215
1213
1404
1407
1406
1401
1400
1403
1399
1304
1311
1310
1308
1299
1298
1297
1302
1301
1300
1291
1288
1294
1295
1292
1293
1282
1283
1280
1281
1286
1287
1284
1285
1320
1321
1323
1314
1316
1317
1318
1494
1495
1492
1493
1490
1491
1502
1503
1500
1501
1498
1499
1496
1479
1478
1477
1476
1475
1474
1472
1487
1486
1485
1484
1483
1481
1480
1524
1525
1527
1520
1521
1522
1523
1532
1533
1534
1535
1528
1529
1530
1531
1509
1510
1505
1504
1506
1517
1516
1519
1518
1513
1514
1426
1427
1424
1425
1430
1431
1428
1429
1433
1438
1439
1436
1437
1411
1410
1409
1408
1415
1414
1413
1412
1418
1417
1416
1421
1420
1456
1457
1458
1459
1460
1462
1463
1464
1465
1466
1467
1468
1469
1471
1441
1440
1443
1442
1446
1448
1451
1453
1452
1455
1454
1548
1549
1550
1544
1545
1546
1540
1541
1543
1536
1538
1539
1557
1556
1553
1552
1555
1554
1763
1761
1760
1767
1765
1764
1771
1770
1769
1775
1772
1779
1776
1777
1782
1783
1786
1787
1785
1790
1791
1729
1733
1735
1734
1737
1736
1739
1738
1740
1743
1744
1745
1746
1747
1749
1750
1751
1753
1756
1757
1703
1702
1700
1699
1698
1696
1711
1710
1709
1708
1706
1705
1704
1718
1719
1716
1717
1714
1715
1712
1713
1726
1727
1724
1722
1720
1721
1677
1676
1679
1678
1672
1675
1674
1684
1685
1686
1687
1680
1681
1683
1692
1693
1694
1689
1690
1691
1913
1912
1915
1914
1917
1919
1918
1907
1906
1909
1908
1911
1910
1902
1903
1881
1880
1887
1886
1885
1884
1875
1874
1872
1879
1878
1877
1876
1866
1864
1865
1871
1868
1869
1856
1857
1852
1855
1848
1850
1845
1847
1846
1841
1836
1837
1838
1835
1829
1830
1831
1824
1825
1826
1827
1823
1822
1821
1820
1819
1818
1817
1816
1813
1812
1810
1808
1806
1807
1805
1802
1803
1800
1801
1798
1799
1796
1794
1795
1793
2032
2033
2034
2035
2038
2039
2040
2042
2043
2044
2046
2047
2017
2021
2020
2022
2024
2027
2026
2031
2030
2002
2003
2000
2001
2006
2007
2010
2011
2008
2009
2015
2012
1987
1986
1985
1984
1990
1989
1995
1999
1998
1997
1996
1972
1973
1975
1969
1971
1980
1981
1982
1976
1978
1979
1957
1959
1953
1955
1954
1964
1967
1961
1962
1942
1943
1941
1939
1936
1937
1950
1951
1948
1947
1944
1945
1927
1926
1925
1924
1923
1922
1921
1935
1934
1933
1932
1931
1930
1929
1928
2200
2201
2203
2204
2205
2206
2207
2192
2193
2194
2195
2197
2198
2199
2185
2187
2186
2189
2188
2190
2179
2178
2180
2234
2235
2232
2238
2239
2236
2237
2226
2227
2224
2230
2231
2228
2229
2219
2218
2216
2223
2222
2221
2220
2210
2209
2208
2215
2214
2213
2212
2268
2269
2270
2264
2266
2260
2261
2263
2256
2257
2258
2259
2253
2252
2255
2254
2249
2248
2251
2250
2245
2244
2247
2243
2303
2300
2298
2299
2296
2297
2294
2295
2292
2293
2290
2291
2288
2287
2286
2284
2283
2282
2280
2279
2277
2276
2275
2274
2272
2067
2066
2068
2070
2073
2072
2075
2077
2079
2078
2048
2049
2050
2051
2052
2053
2054
2055
2057
2058
2059
2060
2061
2062
2063
2107
2106
2105
2104
2111
2110
2082
2083
2080
2081
2135
2134
2128
2131
2130
2141
2140
2143
2142
2136
2139
2116
2117
2118
2112
2113
2114
2115
2124
2127
2121
2123
2167
2165
2164
2163
2162
2161
2173
2171
2170
2169
2168
2150
2151
2149
2146
2147
2144
2158
2159
2156
2157
2154
2155
2152
2153
2810
2811
2808
2809
2815
2812
2802
2800
2801
2806
2807
2804
2805
2795
2794
2793
2792
2797
2787
2786
2785
2784
2790
2789
2788
2777
2781
2782
2783
2768
2771
2773
2775
2761
2760
2763
2762
2765
2764
2766
2755
2757
2756
2759
2758
2615
2612
2611
2609
2608
2623
2622
2621
2619
2675
2673
2672
2678
2677
2676
2683
2682
2681
2680
2686
2685
2658
2659
2662
2661
2666
2664
2665
2670
2669
2640
2643
2642
2644
2647
2646
2649
2648
2653
2652
2655
2654
2624
2626
2627
2628
2629
2630
2631
2633
2634
2636
2637
2639
2991
2990
2985
2984
2986
2981
2980
2982
2979
2978
3006
3007
3000
3001
3002
2996
2997
2998
2999
2992
2993
2995
2959
2958
2957
2953
2952
2950
2945
2944
2974
2975
2972
2973
2970
2968
2969
2966
2967
2962
2963
2960
2961
3049
3048
3051
3050
3052
3055
3043
3042
3045
3044
3047
3046
3064
3065
3056
3058
3059
3060
3061
3062
3063
3018
3017
3016
3023
3022
3021
3020
3011
3010
3008
3015
3014
3013
3012
3034
3035
3032
3038
3039
3036
3037
3026
3027
3024
3030
3029
2852
2853
2854
2855
2848
2849
2851
2860
2861
2863
2856
2857
2858
2869
2868
2871
2870
2864
2867
2866
2877
2876
2879
2878
2873
2872
2874
2822
2823
2821
2818
2819
2830
2831
2828
2826
2827
2824
2839
2838
2837
2836
2835
2834
2832
2847
2846
2845
2844
2843
2842
2841
2840
2912
2913
2915
2916
2918
2919
2921
2922
2923
2924
2925
2926
2927
2929
2928
2931
2933
2932
2935
2934
2937
2936
2939
2938
2882
2883
2880
2881
2887
2884
2885
2890
2888
2894
2895
2892
2893
2899
2898
2897
2903
2902
2901
2900
2907
2906
2905
2904
2911
3284
3285
3281
3282
3283
3292
3293
3288
3289
3291
3318
3316
3314
3315
3312
3327
3324
3322
3323
3320
3303
3302
3301
3299
3298
3310
3309
3307
3306
3305
3304
3527
3524
3523
3520
3535
3534
3531
3528
3537
3457
3456
3463
3462
3461
3460
3466
3465
3464
3471
3470
3475
3472
3473
3479
3477
3482
3483
3480
3481
3489
3488
3491
3490
3493
3492
3494
3497
3496
3499
3498
3501
3504
3505
3506
3507
3508
3510
3511
3512
3514
3407
3404
3405
3402
3403
3400
3401
3399
3397
3395
3392
3423
3421
3419
3411
3409
3436
3437
3438
3432
3433
3434
3428
3430
3424
3425
3427
3453
3452
3455
3454
3449
3448
3451
3445
3444
3446
3443
3338
3339
3337
3342
3343
3340
3341
3330
3328
3329
3334
3335
3333
3353
3352
3358
3347
3346
3350
3349
3348
3368
3369
3370
3372
3374
3375
3360
3361
3362
3367
3384
3387
3386
3388
3391
3377
3376
3379
3378
3380
