950
944
946
943
942
934
928
926
927
920
917
904
903
1017
1012
1015
1001
1000
1002
992
978
1112
1134
1132
1133
1131
1120
1151
1150
1146
1143
1141
1138
1025
1049
1051
1050
1041
1044
1070
1058
1056
1057
1063
1080
1072
1221
1229
1225
1227
1233
1234
1247
1240
1241
1242
1249
1270
1279
1276
1272
1153
1159
1166
1175
1184
1190
1189
1188
1197
1196
1203
1204
1205
1210
1211
1406
1400
1305
1304
1299
1295
1281
1287
1321
1491
1488
1476
1525
1534
1508
1504
1519
1518
1513
1427
1431
1428
1435
1432
1439
1436
1411
1408
1461
1468
1444
1446
1448
1450
1546
1540
1541
1542
1537
1539
1555
1763
1761
1777
1784
1733
1732
1737
1746
1749
1703
1698
1710
1679
1672
1689
1915
1919
1909
1903
1886
1885
1859
1839
1828
1817
1813
1806
1804
1800
1799
1797
1794
2036
2038
2039
2042
2046
2019
2021
2030
2002
2010
2013
1984
1992
1997
1978
1955
1967
1962
1939
1936
1951
1949
1924
1935
1933
1928
2200
2202
2204
2206
2194
2195
2186
2183
2232
2238
2224
2231
2229
2219
2217
2208
2213
2212
2269
2263
2257
2259
2254
2251
2250
2302
2293
2290
2289
2286
2276
2070
2077
2049
2051
2057
2105
2082
2081
2135
2134
2131
2139
2117
2119
2112
2113
2127
2166
2160
2170
2169
2168
2149
2146
2147
2154
2815
2800
2797
2787
2768
2773
2767
2755
2613
2610
2609
2622
2673
2676
2682
2687
2685
2659
2663
2666
2667
2671
2669
2645
2652
2655
2626
2629
2634
2637
2989
2985
2987
2979
2996
2994
2952
2946
2945
2967
2962
3053
3052
3054
3040
3043
3047
3064
3059
3060
3062
3021
3010
3038
2852
2855
2860
2863
2879
2878
2873
2818
2830
2838
2847
2846
2916
2922
2928
2934
2937
2936
2940
2883
2887
2884
2902
2900
2907
2904
3282
3292
3312
3302
3298
3307
3305
3524
3523
3535
3534
3533
3531
3459
3456
3479
3477
3481
3495
3494
3497
3496
3499
3505
3506
3508
3510
3513
3514
3519
3407
3421
3408
3432
3433
3425
3454
3445
3444
3336
3331
3329
3352
3357
3344
3351
3368
3365
3379
