956
958
952
953
954
955
949
950
951
944
945
947
940
942
937
939
933
932
935
934
929
931
930
926
927
924
925
922
923
920
916
912
911
907
906
905
904
903
902
901
899
1016
1017
1019
1020
1021
1022
1023
1008
1009
1012
1013
1014
1015
1001
1003
1002
1005
1004
993
992
995
997
996
999
986
984
990
988
989
978
976
983
980
981
970
968
975
974
972
962
960
967
966
965
964
1100
1101
1102
1096
1097
1098
1092
1094
1095
1088
1090
1117
1116
1118
1113
1112
1115
1114
1111
1110
1105
1104
1107
1106
1134
1135
1133
1130
1131
1128
1129
1126
1127
1125
1122
1123
1120
1151
1150
1149
1148
1146
1144
1142
1141
1140
1137
1136
1032
1033
1034
1035
1036
1037
1038
1039
1024
1026
1027
1028
1029
1030
1031
1048
1051
1050
1053
1052
1055
1054
1041
1040
1043
1045
1044
1047
1046
1066
1064
1065
1071
1068
1069
1058
1059
1056
1057
1061
1083
1082
1080
1087
1086
1085
1084
1075
1074
1073
1072
1079
1078
1077
1076
1221
1223
1222
1217
1216
1218
1229
1228
1230
1225
1224
1227
1226
1238
1232
1234
1235
1245
1246
1240
1241
1242
1243
1250
1249
1248
1270
1271
1278
1279
1273
1153
1152
1155
1154
1157
1159
1161
1160
1163
1162
1165
1164
1167
1166
1168
1169
1170
1171
1172
1173
1174
1175
1176
1177
1178
1179
1180
1181
1182
1183
1186
1185
1184
1191
1190
1189
1188
1193
1199
1196
1202
1201
1206
1207
1205
1210
1211
1208
1209
1214
1215
1212
1213
1405
1404
1407
1406
1400
1402
1399
1306
1304
1311
1309
1308
1299
1298
1296
1303
1302
1301
1300
1291
1288
1289
1294
1295
1292
1282
1283
1280
1281
1286
1287
1284
1320
1321
1322
1323
1312
1313
1314
1316
1317
1318
1319
1494
1492
1493
1490
1491
1488
1502
1503
1500
1501
1498
1499
1496
1479
1478
1477
1476
1475
1474
1473
1472
1487
1486
1485
1484
1483
1481
1480
1525
1526
1527
1520
1521
1522
1523
1532
1533
1534
1528
1529
1531
1509
1508
1511
1510
1505
1504
1507
1506
1517
1519
1518
1513
1512
1514
1426
1424
1425
1430
1431
1428
1435
1433
1438
1436
1437
1411
1410
1409
1408
1415
1414
1413
1412
1419
1418
1417
1416
1423
1422
1420
1456
1457
1458
1459
1460
1461
1462
1464
1465
1466
1467
1468
1469
1470
1441
1440
1443
1442
1445
1444
1447
1446
1450
1453
1452
1454
1548
1549
1550
1551
1544
1545
1546
1547
1540
1541
1542
1543
1537
1538
1539
1557
1556
1553
1555
1554
1763
1762
1761
1767
1766
1764
1771
1770
1769
1775
1773
1772
1779
1776
1783
1780
1781
1786
1784
1785
1791
1789
1729
1730
1733
1732
1734
1737
1736
1741
1743
1742
1745
1746
1747
1748
1749
1750
1751
1752
1753
1757
1758
1759
1703
1702
1700
1699
1698
1697
1711
1710
1709
1706
1704
1718
1719
1716
1717
1715
1726
1724
1725
1722
1677
1676
1679
1678
1672
1675
1674
1687
1680
1681
1682
1692
1694
1695
1688
1691
1912
1914
1917
1919
1918
1904
1907
1906
1909
1908
1911
1902
1903
1883
1881
1880
1887
1885
1875
1872
1879
1878
1877
1876
1866
1864
1870
1871
1868
1869
1858
1859
1856
1857
1863
1860
1852
1855
1845
1847
1846
1841
1836
1837
1838
1839
1834
1835
1828
1829
1831
1824
1825
1826
1822
1821
1820
1819
1818
1817
1816
1815
1813
1812
1811
1810
1809
1808
1806
1805
1802
1803
1800
1801
1798
1799
1796
1797
1794
1795
1792
1793
2032
2033
2034
2035
2037
2038
2039
2040
2042
2043
2045
2046
2019
2018
2022
2025
2024
2027
2026
2029
2028
2031
2030
2002
2006
2011
2008
2009
2015
2012
2013
1986
1985
1990
1989
1988
1995
1999
1998
1997
1996
1973
1975
1969
1970
1971
1980
1981
1982
1983
1976
1978
1957
1956
1959
1958
1953
1954
1965
1964
1967
1966
1961
1963
1962
1942
1940
1939
1937
1950
1948
1947
1944
1945
1927
1926
1925
1924
1922
1921
1920
1934
1933
1932
1929
1928
2200
2201
2202
2204
2205
2206
2207
2192
2193
2194
2195
2196
2197
2198
2199
2184
2187
2188
2190
2179
2178
2181
2180
2183
2182
2232
2233
2238
2236
2226
2227
2224
2225
2230
2231
2228
2229
2219
2218
2217
2216
2223
2221
2211
2210
2209
2208
2215
2213
2212
2268
2269
2270
2271
2264
2265
2267
2260
2261
2262
2263
2256
2257
2258
2259
2253
2252
2254
2248
2251
2250
2245
2244
2247
2246
2241
2240
2243
2242
2302
2300
2301
2298
2299
2297
2294
2295
2292
2290
2291
2287
2286
2285
2284
2282
2280
2279
2277
2275
2274
2272
2064
2067
2069
2068
2071
2070
2073
2072
2075
2077
2079
2078
2049
2050
2051
2053
2054
2055
2057
2058
2059
2060
2061
2062
2063
2105
2104
2111
2110
2109
2082
2083
2081
2084
2133
2135
2134
2128
2131
2130
2141
2142
2137
2136
2139
2116
2117
2118
2119
2113
2114
2115
2124
2125
2127
2120
2121
2122
2167
2166
2165
2164
2163
2161
2160
2171
2170
2168
2150
2151
2148
2149
2147
2144
2145
2158
2159
2156
2157
2155
2152
2810
2808
2815
2803
2800
2801
2806
2807
2804
2805
2795
2794
2793
2798
2797
2796
2787
2786
2785
2784
2791
2790
2788
2778
2779
2781
2782
2768
2770
2772
2774
2775
2761
2760
2762
2765
2764
2767
2766
2755
2756
2759
2758
2615
2611
2610
2609
2608
2623
2622
2616
2675
2673
2672
2677
2682
2681
2680
2687
2685
2684
2658
2662
2663
2660
2661
2666
2667
2665
2670
2671
2668
2669
2641
2643
2642
2645
2644
2647
2646
2649
2648
2653
2655
2654
2624
2625
2628
2629
2630
2632
2633
2634
2635
2636
2989
2990
2985
2984
2987
2986
2983
2977
2979
2978
3006
3007
3000
3001
2996
2997
2993
2994
2995
2959
2958
2953
2952
2950
2945
2944
2975
2972
2973
2970
2968
2969
2966
2962
2963
2960
2961
3049
3048
3051
3050
3052
3055
3054
3041
3040
3043
3042
3047
3046
3064
3065
3066
3058
3059
3060
3062
3019
3018
3017
3016
3023
3022
3021
3020
3011
3010
3009
3008
3015
3014
3013
3012
3034
3035
3032
3033
3038
3039
3037
3027
3024
3025
3030
3031
3028
3029
2852
2853
2854
2855
2848
2849
2850
2851
2860
2862
2863
2856
2857
2869
2871
2870
2865
2867
2866
2879
2878
2873
2872
2874
2822
2823
2820
2821
2818
2819
2817
2831
2828
2829
2826
2827
2824
2825
2839
2838
2837
2836
2835
2833
2832
2847
2845
2844
2843
2842
2841
2840
2912
2915
2916
2917
2919
2920
2921
2922
2924
2927
2929
2928
2931
2933
2932
2935
2934
2936
2938
2941
2940
2882
2883
2880
2881
2887
2884
2885
2891
2888
2889
2894
2895
2892
2893
2899
2896
2903
2902
2900
2907
2906
2905
2904
2911
3284
3285
3286
3287
3281
3283
3292
3293
3294
3295
3288
3289
3291
3318
3316
3317
3314
3315
3312
3313
3327
3324
3325
3323
3320
3321
3303
3302
3301
3300
3299
3298
3297
3296
3310
3309
3307
3306
3305
3304
3527
3526
3525
3524
3523
3521
3520
3535
3534
3533
3532
3531
3530
3529
3528
3536
3537
3459
3458
3457
3456
3463
3461
3465
3464
3471
3470
3468
3474
3475
3472
3473
3479
3482
3483
3480
3481
3486
3487
3484
3485
3489
3488
3491
3490
3493
3492
3495
3494
3497
3496
3499
3498
3501
3500
3503
3504
3505
3506
3507
3508
3509
3510
3511
3512
3515
3517
3518
3519
3406
3407
3404
3405
3402
3403
3400
3401
3398
3399
3396
3397
3394
3395
3392
3393
3423
3422
3419
3418
3416
3412
3411
3410
3409
3408
3436
3437
3438
3432
3433
3434
3435
3428
3429
3430
3424
3425
3453
3452
3455
3454
3449
3448
3451
3450
3445
3446
3441
3440
3443
3442
3339
3337
3342
3343
3340
3341
3330
3331
3329
3354
3353
3352
3359
3358
3357
3347
3346
3345
3351
3350
3349
3348
3368
3370
3372
3373
3374
3360
3362
3363
3364
3365
3366
3367
3384
3387
3389
3388
3391
3390
3377
3378
3381
3380
3383
3382
