948
951
944
945
936
935
924
925
920
918
912
908
906
899
898
1019
1015
1007
1006
994
976
971
975
1101
1097
1099
1093
1095
1088
1118
1107
1128
1122
1123
1120
1121
1148
1147
1145
1143
1027
1049
1048
1053
1055
1042
1044
1056
1087
1223
1222
1229
1230
1224
1226
1238
1244
1245
1240
1241
1243
1250
1275
1157
1161
1164
1171
1173
1176
1190
1198
1197
1202
1201
1210
1212
1301
1294
1284
1285
1320
1312
1501
1498
1497
1474
1473
1535
1528
1504
1415
1419
1417
1416
1423
1456
1460
1447
1454
1550
1537
1553
1764
1770
1788
1729
1731
1734
1743
1749
1750
1758
1703
1697
1711
1710
1707
1705
1717
1724
1720
1677
1675
1919
1909
1911
1902
1881
1874
1863
1852
1848
1851
1847
1841
1833
1830
1811
1810
1798
1796
1792
2033
2034
2037
2039
2043
2019
2020
2023
2031
2010
2008
2009
1990
1998
1996
1981
1982
1956
1959
1953
1961
1963
1927
1925
1922
1928
2200
2201
2205
2192
2184
2186
2189
2234
2233
2239
2236
2231
2210
2214
2269
2270
2271
2265
2266
2267
2257
2248
2298
2299
2290
2291
2282
2069
2075
2079
2060
2061
2063
2104
2111
2109
2134
2131
2130
2143
2137
2136
2117
2119
2112
2125
2122
2123
2164
2162
2161
2160
2147
2157
2155
2152
2809
2815
2803
2800
2806
2795
2794
2776
2781
2774
2761
2762
2765
2767
2755
2756
2613
2612
2673
2659
2668
2640
2643
2649
2628
2632
2634
2991
3002
2992
2975
2965
2960
3048
3053
3046
3058
3059
3063
3019
3017
3022
3035
3038
3027
2851
2861
2870
2864
2867
2873
2875
2821
2827
2839
2840
2915
2924
2937
2885
2890
2891
2888
2894
2893
3282
3283
3292
3317
3315
3327
3325
3321
3300
3298
3306
3304
3522
3532
3466
3471
3473
3481
3486
3489
3495
3503
3502
3510
3512
3407
3401
3397
3421
3409
3408
3438
3434
3424
3427
3452
3448
3451
3446
3441
3336
3337
3342
3329
3335
3346
3345
3385
3388
3381
3380
