954
950
945
943
939
929
924
915
906
1017
1018
1020
1011
1005
992
987
985
971
968
963
962
966
965
964
1088
1113
1104
1130
1131
1125
1151
1149
1144
1137
1036
1024
1025
1028
1030
1051
1040
1043
1065
1060
1080
1223
1222
1219
1228
1238
1235
1244
1245
1248
1274
1273
1187
1184
1205
1210
1208
1404
1401
1403
1304
1282
1283
1287
1284
1322
1313
1316
1490
1500
1479
1478
1485
1535
1510
1517
1516
1426
1415
1419
1423
1422
1456
1462
1463
1447
1446
1544
1543
1538
1762
1761
1764
1769
1776
1782
1784
1734
1739
1746
1699
1716
1712
1713
1724
1692
1695
1691
1912
1918
1907
1909
1870
1871
1858
1852
1845
1824
1816
1813
1808
1805
1803
2032
2033
2035
2040
2018
2021
2022
2026
2003
2008
2013
1987
1988
1992
1969
1970
1971
1976
1956
1942
1938
1951
1923
2200
2202
2204
2206
2180
2234
2238
2226
2225
2231
2217
2223
2221
2220
2210
2212
2258
2255
2254
2249
2248
2245
2242
2297
2294
2291
2289
2285
2275
2274
2064
2067
2073
2053
2054
2062
2110
2083
2132
2136
2121
2164
2175
2173
2170
2149
2145
2156
2808
2809
2815
2812
2801
2799
2798
2786
2790
2782
2773
2761
2760
2762
2764
2767
2755
2609
2680
2662
2663
2660
2667
2670
2641
2640
2652
2624
2626
2985
2981
2983
2982
2997
2999
2992
2957
2971
2965
2962
3053
3041
3042
3062
3014
3034
3027
2854
2849
2850
2860
2868
2876
2878
2875
2820
2821
2817
2828
2824
2825
2834
2833
2845
2929
2932
2939
2943
2884
2895
2893
2904
2911
3289
3316
3302
3296
3304
3524
3523
3537
3459
3456
3470
3468
3474
3473
3477
3495
3494
3501
3500
3503
3511
3400
3398
3397
3417
3436
3428
3429
3424
3425
3447
3338
3339
3337
3330
3352
3358
3357
3347
3345
3368
3370
3361
3367
3389
3379
3383
