953
948
949
943
939
932
928
927
924
923
919
912
911
1017
1014
1003
1002
993
987
985
962
966
964
1103
1096
1098
1089
1090
1116
1115
1109
1111
1104
1107
1134
1131
1121
1145
1137
1034
1038
1049
1048
1054
1040
1071
1057
1074
1220
1223
1222
1230
1225
1234
1244
1246
1243
1270
1271
1272
1152
1154
1168
1170
1180
1182
1183
1188
1195
1203
1201
1206
1204
1209
1212
1405
1402
1306
1305
1309
1296
1303
1290
1289
1312
1313
1315
1319
1488
1489
1497
1473
1482
1526
1508
1511
1507
1512
1434
1435
1432
1419
1423
1422
1461
1470
1445
1444
1447
1449
1450
1551
1547
1542
1537
1762
1766
1768
1773
1780
1781
1784
1788
1789
1731
1730
1732
1741
1742
1748
1752
1758
1759
1701
1697
1707
1725
1673
1682
1695
1688
1904
1883
1882
1870
1858
1859
1862
1863
1860
1854
1851
1840
1839
1833
1834
1828
1815
1811
1809
1804
1797
1792
2036
2037
2045
2019
2018
2023
2029
2028
2014
2013
1988
1992
1970
1983
1956
1958
1965
1966
1963
1940
1938
1949
1920
2202
2196
2184
2191
2181
2183
2182
2233
2225
2217
2211
2271
2265
2267
2262
2246
2241
2240
2302
2301
2289
2285
2281
2064
2069
2071
2109
2084
2133
2132
2137
2119
2125
2120
2122
2166
2160
2175
2172
2145
2813
2803
2799
2798
2791
2776
2778
2779
2780
2770
2772
2774
2767
2754
2613
2610
2620
2616
2679
2687
2684
2663
2660
2667
2671
2668
2641
2645
2625
2632
2635
2989
2987
2983
2977
2976
2994
2951
2947
2946
2971
2965
3053
3054
3041
3040
3066
3019
3009
3033
3025
3031
3028
2850
2862
2859
2865
2875
2820
2817
2829
2825
2833
2917
2920
2941
2940
2943
2886
2891
2889
2896
2910
3286
3287
3317
3313
3325
3321
3297
3296
3311
3526
3525
3522
3521
3532
3530
3529
3458
3474
3495
3500
3502
3509
3517
3406
3393
3422
3418
3417
3412
3408
3429
3431
3450
3440
3336
3331
3359
3345
3344
3351
3365
3382
