956
958
952
954
955
949
950
951
944
946
947
940
943
942
936
939
938
933
932
935
934
929
928
931
926
924
925
922
923
918
919
916
917
915
911
910
908
907
905
904
903
902
901
900
899
898
1017
1018
1019
1020
1021
1022
1008
1009
1012
1013
1014
1001
1000
1003
1002
1005
1004
1007
993
992
995
994
996
999
998
986
987
984
985
990
988
989
978
980
981
971
970
968
975
974
973
972
963
962
961
960
966
965
964
1100
1101
1102
1096
1098
1092
1088
1090
1091
1116
1118
1113
1112
1114
1109
1108
1111
1110
1105
1104
1106
1134
1135
1132
1133
1130
1131
1128
1129
1126
1127
1120
1121
1151
1148
1146
1144
1143
1142
1140
1139
1137
1032
1033
1035
1036
1037
1038
1039
1024
1025
1026
1028
1029
1030
1031
1049
1051
1050
1052
1055
1041
1042
1045
1046
1064
1070
1058
1059
1056
1063
1061
1083
1081
1080
1087
1085
1084
1075
1073
1072
1079
1078
1076
1221
1220
1223
1217
1216
1218
1229
1228
1231
1226
1236
1237
1238
1233
1234
1244
1246
1240
1242
1249
1248
1271
1278
1279
1277
1274
1275
1272
1273
1153
1152
1155
1154
1157
1156
1159
1158
1161
1162
1164
1166
1168
1172
1173
1180
1182
1183
1187
1184
1190
1189
1195
1194
1193
1199
1198
1197
1202
1203
1200
1201
1206
1207
1204
1205
1210
1208
1209
1214
1215
1405
1404
1407
1400
1403
1399
1306
1304
1311
1310
1299
1297
1296
1301
1300
1290
1288
1289
1294
1292
1283
1280
1281
1287
1284
1285
1321
1322
1313
1314
1315
1316
1317
1318
1494
1495
1492
1490
1488
1503
1500
1501
1499
1497
1479
1478
1477
1476
1475
1474
1472
1486
1485
1483
1482
1481
1480
1524
1525
1526
1527
1520
1521
1522
1532
1533
1534
1528
1529
1530
1509
1508
1510
1504
1507
1506
1517
1516
1518
1513
1512
1514
1427
1424
1425
1431
1428
1429
1434
1432
1433
1438
1439
1437
1411
1410
1408
1415
1414
1413
1412
1419
1417
1423
1422
1421
1420
1456
1457
1460
1461
1462
1463
1464
1465
1466
1468
1470
1471
1441
1440
1443
1442
1444
1446
1449
1448
1451
1450
1453
1452
1455
1454
1548
1549
1550
1544
1546
1547
1540
1541
1542
1536
1537
1538
1539
1557
1556
1553
1552
1554
1763
1762
1761
1760
1767
1766
1765
1771
1770
1769
1768
1773
1772
1779
1777
1782
1781
1786
1787
1784
1785
1790
1791
1788
1729
1731
1730
1733
1732
1734
1737
1736
1741
1740
1743
1742
1744
1745
1746
1747
1748
1749
1750
1751
1752
1753
1756
1757
1758
1759
1703
1701
1699
1698
1697
1696
1711
1710
1709
1708
1707
1706
1705
1718
1719
1716
1717
1714
1715
1712
1726
1724
1725
1722
1720
1721
1676
1679
1678
1673
1672
1675
1684
1687
1680
1681
1682
1683
1692
1693
1695
1688
1689
1690
1913
1912
1914
1917
1918
1904
1907
1906
1909
1908
1911
1910
1902
1903
1883
1881
1880
1887
1886
1885
1884
1875
1874
1872
1879
1878
1877
1866
1864
1870
1871
1868
1869
1858
1859
1856
1857
1863
1852
1855
1854
1848
1851
1845
1847
1837
1838
1839
1835
1828
1829
1824
1825
1826
1827
1822
1821
1820
1819
1818
1817
1816
1815
1813
1812
1811
1810
1809
1806
1807
1804
1805
1802
1800
1801
1798
1799
1796
1797
1794
1795
2033
2034
2035
2036
2037
2038
2039
2040
2043
2044
2045
2047
2017
2019
2018
2021
2020
2023
2024
2027
2026
2029
2028
2031
2002
2001
2006
2007
2011
2014
2013
1987
1986
1985
1984
1990
1989
1988
1995
1992
1999
1997
1996
1973
1975
1969
1970
1971
1981
1982
1983
1976
1978
1979
1957
1956
1959
1955
1954
1965
1964
1967
1966
1963
1962
1943
1940
1938
1936
1937
1950
1951
1948
1949
1947
1945
1927
1925
1923
1922
1920
1935
1934
1933
1932
1931
1930
1929
1928
2200
2201
2202
2203
2205
2206
2207
2192
2193
2194
2195
2196
2198
2199
2184
2187
2186
2189
2191
2179
2181
2183
2232
2233
2238
2239
2236
2237
2224
2225
2230
2231
2228
2229
2219
2218
2217
2222
2221
2220
2211
2210
2209
2215
2213
2268
2270
2271
2264
2265
2266
2267
2260
2261
2262
2263
2256
2257
2259
2253
2252
2254
2249
2248
2250
2245
2244
2247
2246
2241
2243
2302
2303
2300
2301
2299
2297
2294
2292
2293
2290
2291
2289
2287
2286
2285
2283
2282
2281
2280
2277
2276
2275
2274
2272
2064
2067
2069
2068
2070
2073
2072
2075
2077
2079
2049
2050
2051
2052
2054
2055
2057
2058
2059
2060
2061
2062
2063
2106
2105
2104
2111
2110
2109
2082
2083
2081
2133
2132
2134
2128
2131
2130
2140
2143
2142
2137
2136
2139
2116
2117
2118
2112
2114
2115
2124
2125
2127
2121
2122
2123
2166
2165
2164
2163
2162
2161
2160
2173
2172
2168
2151
2148
2149
2146
2147
2145
2158
2159
2156
2157
2154
2155
2152
2153
2810
2809
2813
2802
2803
2801
2806
2807
2804
2805
2794
2792
2799
2798
2797
2796
2785
2791
2789
2788
2778
2779
2780
2781
2782
2783
2768
2770
2771
2772
2773
2774
2775
2761
2760
2764
2767
2766
2754
2757
2756
2759
2758
2615
2612
2611
2610
2608
2623
2622
2621
2620
2616
2675
2673
2672
2676
2683
2682
2680
2687
2686
2685
2684
2658
2662
2663
2660
2661
2666
2667
2665
2670
2671
2668
2669
2641
2640
2643
2644
2647
2646
2649
2648
2653
2655
2654
2624
2625
2626
2627
2628
2629
2630
2632
2633
2635
2639
2989
2991
2990
2984
2987
2986
2981
2980
2983
2982
2976
2979
2978
3006
3007
3000
3001
3002
2996
2998
2999
2992
2993
2994
2995
2959
2958
2957
2953
2952
2951
2950
2947
2946
2945
2944
2974
2975
2972
2973
2970
2971
2968
2969
2967
2965
2962
2960
2961
3049
3051
3050
3052
3055
3054
3041
3040
3043
3044
3047
3046
3064
3065
3056
3059
3060
3061
3062
3063
3019
3018
3017
3016
3023
3022
3021
3020
3010
3009
3008
3015
3014
3012
3034
3035
3033
3038
3036
3037
3027
3024
3025
3030
3031
3028
2852
2853
2854
2855
2848
2849
2850
2851
2860
2861
2862
2863
2856
2858
2869
2868
2871
2870
2865
2867
2866
2877
2879
2878
2873
2872
2874
2822
2820
2821
2818
2819
2817
2830
2829
2825
2839
2838
2837
2836
2833
2832
2847
2846
2845
2844
2843
2842
2841
2840
2912
2913
2916
2918
2919
2921
2923
2924
2925
2926
2927
2929
2928
2932
2935
2934
2937
2936
2938
2941
2940
2943
2882
2883
2880
2881
2886
2887
2884
2885
2890
2891
2894
2895
2892
2893
2897
2896
2903
2901
2900
2906
2905
2904
2910
3285
3286
3287
3281
3282
3283
3292
3293
3294
3288
3289
3290
3291
3318
3314
3315
3312
3327
3324
3325
3322
3323
3320
3321
3303
3302
3301
3300
3299
3298
3297
3296
3311
3310
3309
3307
3305
3527
3526
3525
3524
3522
3521
3520
3534
3533
3532
3530
3529
3528
3536
3537
3459
3458
3456
3462
3461
3460
3466
3465
3464
3471
3470
3468
3474
3475
3472
3473
3478
3477
3482
3483
3480
3487
3484
3485
3489
3488
3491
3490
3493
3495
3497
3498
3501
3500
3503
3502
3504
3505
3506
3507
3508
3510
3512
3513
3514
3516
3517
3518
3519
3406
3407
3404
3405
3402
3403
3400
3401
3398
3399
3396
3397
3394
3395
3392
3393
3422
3421
3419
3417
3412
3410
3408
3436
3437
3432
3433
3434
3428
3429
3430
3431
3425
3427
3453
3455
3448
3451
3450
3445
3444
3447
3446
3443
3442
3338
3339
3336
3343
3341
3330
3331
3328
3329
3335
3333
3354
3359
3358
3357
3347
3346
3345
3344
3351
3350
3349
3348
3368
3369
3370
3372
3373
3374
3375
3360
3361
3363
3364
3367
3385
3384
3387
3389
3388
3391
3390
3377
3376
3379
3378
3381
3380
3383
3382
