948
934
906
900
899
1017
1009
1013
1014
1000
999
984
991
976
968
963
960
967
966
965
1090
1091
1114
1104
1134
1132
1133
1123
1120
1121
1148
1146
1142
1035
1026
1054
1046
1067
1070
1068
1061
1081
1080
1078
1076
1225
1224
1233
1241
1250
1276
1274
1275
1164
1167
1176
1179
1186
1197
1204
1205
1209
1399
1298
1301
1300
1284
1285
1489
1496
1478
1476
1484
1521
1523
1534
1508
1505
1516
1513
1427
1435
1438
1409
1413
1463
1467
1469
1471
1445
1444
1447
1451
1549
1544
1540
1543
1537
1554
1770
1768
1772
1777
1784
1731
1733
1740
1758
1701
1698
1697
1711
1716
1720
1676
1675
1683
1695
1688
1689
1691
1912
1904
1887
1884
1876
1866
1859
1856
1863
1855
1848
1851
1827
1821
1801
1798
2037
2045
2027
2031
2006
2007
1987
1985
1989
1997
1996
1973
1957
1958
1942
1926
1924
1930
2205
2194
2185
2189
2181
2180
2183
2231
2228
2211
2213
2268
2261
2256
2252
2254
2248
2298
2295
2292
2289
2287
2285
2283
2070
2075
2062
2082
2131
2130
2113
2125
2166
2161
2171
2147
2154
2810
2802
2800
2805
2793
2798
2788
2780
2782
2771
2760
2754
2756
2759
2611
2610
2673
2678
2677
2683
2687
2686
2660
2661
2666
2667
2664
2671
2669
2645
2649
2652
2624
2635
2637
2987
2977
2978
2994
2946
2968
2967
2962
2961
3052
3054
3045
3066
3060
3020
3010
3039
2868
2878
2873
2872
2828
2836
2916
2919
2920
2926
2927
2933
2935
2941
2882
2881
2886
2897
2900
2907
2910
3282
3293
3290
3312
3322
3299
3298
3297
3310
3307
3529
3457
3463
3471
3470
3478
3487
3488
3495
3503
3504
3507
3515
3516
3404
3405
3396
3393
3423
3416
3412
3434
3449
3451
3445
3443
3337
3342
3329
3354
3353
3347
3370
3367
3385
3391
3376
3380
