946
943
937
916
908
906
902
1014
1001
992
996
984
990
991
983
968
961
960
1101
1117
1119
1118
1111
1134
1127
1151
1149
1146
1144
1138
1136
1039
1025
1048
1054
1047
1067
1070
1058
1057
1074
1221
1222
1230
1227
1236
1234
1249
1270
1154
1159
1158
1163
1169
1178
1179
1181
1182
1194
1197
1203
1204
1205
1211
1209
1214
1213
1405
1404
1302
1301
1300
1293
1281
1323
1495
1493
1491
1501
1477
1484
1482
1480
1524
1527
1521
1533
1534
1535
1528
1529
1530
1508
1516
1514
1425
1431
1438
1439
1413
1419
1461
1462
1468
1471
1443
1448
1451
1537
1538
1771
1775
1779
1784
1785
1790
1743
1742
1744
1753
1699
1696
1705
1713
1725
1673
1684
1912
1915
1918
1904
1902
1903
1881
1887
1875
1874
1872
1879
1864
1865
1868
1860
1852
1850
1845
1846
1835
1825
1823
1822
1818
1817
1812
1808
1803
1801
1794
2039
2045
2017
2023
2022
2003
2012
2013
1999
1983
1953
1954
1965
1967
1963
1941
1936
1950
1944
1934
1929
2203
2204
2207
2194
2195
2198
2190
2179
2183
2225
2230
2228
2218
2212
2270
2266
2257
2248
2244
2302
2300
2301
2296
2284
2064
2079
2078
2048
2049
2052
2053
2063
2082
2081
2143
2142
2167
2163
2171
2146
2158
2152
2811
2802
2785
2778
2774
2760
2762
2764
2767
2757
2756
2608
2622
2679
2682
2681
2680
2686
2657
2662
2666
2667
2669
2644
2646
2625
2629
2984
3006
2995
2952
2950
2945
2963
2961
3051
3052
3043
3046
3059
3023
3021
3020
3014
3034
3035
3039
3037
3030
2874
2823
2818
2819
2817
2830
2831
2824
2837
2832
2847
2913
2921
2929
2932
2940
2889
2899
2901
3284
3286
3293
3317
3324
3322
3323
3298
3297
3527
3524
3521
3535
3461
3465
3464
3473
3479
3482
3486
3487
3489
3492
3495
3498
3418
3416
3412
3436
3433
3424
3449
3451
3338
3331
3329
3374
3375
3363
3364
3366
3390
3379
3381
