956
958
952
953
954
955
948
949
951
945
947
940
937
936
939
938
933
932
935
929
931
930
924
925
922
923
918
919
916
915
912
911
910
909
908
907
906
905
902
901
900
899
898
1016
1021
1022
1023
1008
1009
1010
1011
1013
1014
1003
1005
1004
1007
1006
993
995
994
997
996
999
998
986
987
984
985
990
991
988
989
979
976
982
983
980
981
971
970
968
975
974
973
972
963
962
961
960
967
966
965
964
1100
1101
1102
1103
1096
1097
1098
1099
1092
1093
1094
1095
1088
1089
1090
1091
1117
1116
1119
1118
1113
1115
1109
1108
1111
1110
1104
1107
1106
1135
1130
1128
1129
1126
1127
1124
1125
1122
1123
1121
1149
1148
1147
1145
1144
1142
1140
1139
1137
1136
1032
1033
1034
1035
1036
1037
1038
1039
1024
1026
1027
1028
1029
1030
1031
1048
1053
1052
1055
1054
1040
1043
1042
1045
1047
1046
1066
1067
1064
1065
1071
1068
1069
1059
1060
1061
1083
1081
1087
1086
1084
1075
1074
1073
1079
1078
1077
1076
1220
1223
1222
1217
1216
1219
1218
1228
1231
1230
1224
1226
1236
1237
1238
1239
1232
1235
1244
1245
1246
1243
1250
1248
1271
1278
1277
1274
1275
1273
1152
1154
1157
1156
1158
1160
1162
1165
1164
1167
1168
1169
1170
1171
1172
1173
1174
1176
1177
1178
1179
1180
1181
1182
1183
1187
1186
1185
1191
1195
1194
1193
1199
1198
1202
1200
1201
1206
1207
1208
1209
1214
1215
1212
1213
1405
1404
1407
1401
1403
1402
1399
1306
1311
1310
1309
1308
1298
1297
1296
1303
1302
1301
1300
1290
1291
1288
1289
1294
1292
1293
1282
1283
1280
1286
1284
1285
1320
1322
1323
1312
1313
1314
1315
1316
1317
1318
1319
1494
1495
1492
1493
1490
1489
1502
1503
1500
1501
1498
1499
1496
1497
1479
1478
1477
1475
1474
1473
1472
1487
1486
1485
1484
1483
1482
1481
1480
1524
1526
1527
1520
1521
1522
1523
1532
1533
1535
1528
1529
1530
1531
1509
1511
1510
1505
1507
1506
1517
1516
1512
1514
1426
1424
1425
1430
1429
1434
1433
1438
1437
1410
1409
1415
1414
1413
1412
1419
1418
1417
1416
1423
1422
1421
1420
1456
1457
1458
1459
1460
1462
1463
1464
1465
1466
1467
1469
1470
1471
1441
1440
1443
1442
1445
1447
1449
1451
1453
1452
1455
1454
1548
1549
1550
1551
1544
1545
1547
1543
1536
1538
1557
1556
1553
1552
1554
1762
1760
1767
1766
1765
1771
1770
1769
1768
1775
1773
1772
1779
1782
1783
1780
1781
1786
1785
1790
1791
1788
1789
1729
1731
1730
1735
1734
1736
1739
1738
1741
1740
1743
1742
1744
1745
1747
1748
1751
1752
1753
1756
1757
1759
1702
1701
1700
1699
1697
1696
1711
1709
1708
1707
1706
1705
1704
1719
1716
1717
1714
1715
1712
1713
1726
1727
1724
1722
1720
1721
1677
1676
1678
1673
1675
1674
1684
1685
1686
1687
1680
1681
1682
1683
1692
1693
1694
1695
1688
1690
1691
1913
1912
1914
1917
1918
1904
1907
1906
1908
1911
1910
1902
1883
1882
1881
1880
1887
1884
1875
1874
1872
1879
1878
1877
1876
1866
1865
1870
1869
1858
1856
1857
1862
1860
1852
1855
1851
1850
1845
1847
1846
1841
1840
1836
1837
1833
1834
1835
1829
1830
1831
1824
1826
1827
1823
1822
1821
1820
1819
1818
1816
1815
1812
1811
1810
1809
1808
1807
1805
1802
1803
1801
1798
1796
1795
1792
1793
2032
2033
2034
2035
2037
2040
2043
2044
2045
2047
2017
2018
2020
2023
2022
2025
2024
2027
2026
2029
2028
2031
2003
2000
2001
2006
2007
2011
2008
2009
2014
2015
2012
1987
1986
1985
1990
1989
1988
1995
1999
1998
1996
1972
1973
1975
1969
1970
1971
1980
1981
1982
1983
1976
1979
1957
1956
1959
1958
1953
1954
1965
1964
1966
1961
1963
1942
1943
1940
1941
1938
1937
1950
1948
1947
1944
1945
1927
1926
1925
1923
1922
1921
1920
1932
1931
1930
1929
2201
2203
2205
2207
2192
2193
2196
2197
2198
2199
2185
2184
2187
2189
2188
2191
2190
2179
2178
2181
2180
2182
2234
2235
2233
2239
2236
2237
2226
2227
2225
2230
2228
2218
2216
2223
2222
2221
2220
2211
2210
2209
2215
2214
2268
2270
2271
2264
2265
2266
2267
2260
2261
2262
2256
2258
2253
2252
2255
2249
2248
2245
2244
2247
2246
2241
2240
2243
2242
2303
2300
2301
2298
2299
2296
2297
2294
2295
2292
2291
2288
2287
2285
2284
2283
2282
2281
2280
2279
2277
2275
2274
2272
2064
2067
2066
2069
2068
2071
2073
2072
2075
2079
2078
2048
2050
2052
2053
2054
2055
2058
2059
2060
2061
2062
2063
2107
2106
2104
2111
2110
2109
2083
2080
2084
2133
2132
2128
2130
2141
2140
2143
2142
2137
2136
2116
2118
2114
2115
2124
2125
2120
2121
2122
2123
2167
2165
2164
2163
2162
2161
2175
2173
2172
2171
2150
2151
2148
2144
2145
2158
2159
2156
2157
2155
2152
2153
2811
2808
2809
2812
2802
2803
2801
2806
2807
2804
2805
2795
2794
2793
2792
2799
2798
2796
2786
2785
2784
2790
2789
2788
2776
2777
2778
2779
2780
2781
2783
2770
2771
2772
2774
2761
2760
2763
2762
2764
2754
2757
2756
2759
2758
2615
2612
2611
2608
2623
2621
2620
2619
2616
2675
2672
2679
2678
2677
2683
2681
2680
2686
2684
2658
2657
2662
2660
2661
2664
2665
2670
2668
2641
2640
2643
2642
2644
2647
2646
2649
2648
2653
2654
2624
2625
2627
2628
2630
2631
2632
2633
2635
2636
2639
2991
2990
2984
2986
2981
2980
2983
2982
2977
2976
2978
3006
3007
3000
3001
3002
2997
2998
2999
2992
2993
2995
2959
2958
2957
2953
2951
2950
2947
2944
2974
2975
2972
2973
2970
2971
2968
2969
2966
2965
2963
2960
2961
3049
3048
3051
3050
3055
3041
3042
3045
3044
3046
3065
3066
3056
3058
3061
3063
3019
3018
3017
3016
3023
3022
3020
3011
3009
3008
3015
3014
3013
3012
3034
3035
3032
3033
3039
3036
3037
3026
3027
3024
3025
3030
3031
3028
3029
2853
2854
2848
2849
2850
2851
2861
2862
2856
2857
2858
2859
2869
2868
2871
2870
2865
2864
2867
2866
2877
2876
2872
2875
2874
2822
2823
2820
2821
2819
2817
2831
2829
2826
2827
2824
2825
2839
2837
2836
2835
2834
2832
2845
2844
2843
2842
2841
2840
2912
2913
2915
2917
2918
2919
2920
2921
2923
2924
2925
2926
2927
2929
2931
2933
2932
2935
2939
2938
2941
2943
2882
2880
2881
2886
2885
2890
2891
2888
2889
2894
2892
2893
2899
2898
2897
2896
2903
2901
2906
2905
2911
2910
3284
3285
3286
3287
3281
3283
3293
3294
3295
3288
3289
3290
3291
3318
3316
3317
3314
3315
3313
3327
3324
3325
3322
3323
3320
3303
3301
3300
3299
3297
3296
3311
3310
3309
3306
3304
3527
3526
3525
3522
3521
3520
3532
3530
3529
3536
3537
3458
3457
3463
3462
3461
3460
3466
3465
3464
3471
3470
3468
3474
3475
3472
3473
3478
3482
3483
3486
3487
3484
3485
3488
3491
3490
3493
3492
3498
3500
3503
3504
3507
3509
3511
3512
3515
3516
3517
3518
3406
3404
3405
3402
3403
3400
3401
3398
3399
3396
3397
3394
3395
3392
3393
3423
3422
3419
3418
3417
3416
3415
3412
3411
3410
3409
3436
3437
3438
3434
3435
3428
3429
3430
3424
3427
3453
3452
3455
3449
3448
3451
3450
3447
3446
3441
3440
3443
3442
3338
3339
3337
3342
3343
3340
3341
3330
3328
3334
3335
3333
3354
3353
3359
3358
3347
3346
3345
3350
3349
3348
3369
3370
3372
3373
3374
3375
3360
3361
3362
3363
3364
3366
3385
3384
3387
3386
3389
3388
3391
3390
3377
3381
3380
3383
3382
