956
958
953
954
955
948
949
950
951
944
945
947
937
936
939
938
933
932
935
928
931
930
926
924
925
922
923
918
916
917
912
911
910
909
908
907
906
905
904
903
901
900
899
898
1016
1017
1018
1019
1020
1021
1022
1023
1008
1009
1012
1013
1014
1015
1000
1003
1002
1005
1004
1007
1006
993
994
997
996
999
998
986
987
984
985
990
991
989
978
979
976
982
981
971
970
968
974
973
972
963
960
967
966
965
964
1100
1096
1099
1092
1094
1095
1089
1090
1091
1116
1119
1113
1115
1114
1109
1108
1111
1105
1107
1106
1135
1132
1133
1130
1131
1128
1129
1126
1125
1123
1120
1151
1150
1149
1146
1145
1143
1142
1141
1140
1139
1137
1136
1032
1033
1034
1035
1036
1037
1024
1025
1027
1028
1030
1049
1051
1050
1053
1055
1054
1041
1040
1043
1042
1045
1044
1047
1046
1066
1064
1070
1071
1068
1069
1058
1059
1056
1063
1081
1080
1087
1085
1084
1074
1073
1076
1220
1222
1219
1229
1228
1230
1224
1227
1236
1238
1239
1232
1233
1244
1245
1246
1247
1241
1242
1250
1249
1270
1271
1278
1279
1276
1277
1274
1275
1272
1273
1152
1155
1154
1156
1159
1158
1161
1163
1162
1165
1164
1167
1166
1168
1169
1170
1171
1172
1173
1174
1175
1176
1178
1179
1180
1181
1183
1187
1186
1185
1184
1190
1189
1188
1193
1199
1198
1196
1202
1203
1200
1201
1206
1207
1204
1205
1211
1208
1209
1214
1212
1213
1404
1407
1406
1400
1403
1402
1399
1305
1304
1311
1310
1308
1299
1297
1296
1303
1302
1301
1300
1290
1291
1288
1294
1295
1283
1280
1281
1284
1285
1320
1321
1322
1323
1312
1313
1314
1315
1316
1317
1494
1495
1493
1490
1491
1502
1503
1500
1501
1499
1496
1478
1477
1476
1475
1474
1473
1472
1486
1485
1484
1483
1482
1481
1524
1525
1526
1527
1521
1522
1523
1532
1533
1534
1535
1528
1529
1530
1531
1509
1508
1511
1505
1504
1507
1506
1517
1516
1519
1513
1514
1427
1424
1425
1430
1431
1429
1435
1432
1433
1438
1437
1411
1410
1409
1408
1415
1414
1413
1412
1419
1417
1416
1423
1422
1456
1457
1458
1459
1460
1461
1462
1463
1464
1465
1466
1467
1468
1469
1470
1471
1441
1440
1445
1444
1447
1449
1448
1451
1453
1452
1455
1454
1548
1549
1550
1544
1545
1546
1540
1541
1536
1537
1538
1556
1553
1552
1554
1763
1762
1761
1760
1767
1766
1765
1764
1770
1768
1775
1773
1772
1777
1782
1783
1780
1786
1787
1784
1785
1790
1791
1788
1729
1730
1735
1734
1737
1740
1743
1742
1744
1745
1746
1747
1748
1749
1750
1751
1752
1753
1756
1757
1758
1759
1703
1702
1700
1699
1698
1696
1711
1710
1709
1707
1705
1704
1718
1719
1716
1717
1714
1715
1712
1713
1726
1725
1722
1720
1721
1677
1676
1675
1674
1685
1686
1680
1681
1683
1693
1695
1690
1691
1913
1912
1915
1917
1919
1906
1909
1908
1911
1910
1902
1903
1883
1882
1881
1880
1887
1885
1884
1875
1874
1879
1876
1866
1864
1865
1868
1869
1858
1859
1856
1857
1862
1863
1860
1852
1848
1851
1845
1847
1846
1841
1840
1836
1837
1838
1833
1834
1835
1828
1830
1831
1824
1825
1826
1823
1822
1821
1820
1819
1818
1816
1815
1813
1812
1811
1810
1809
1808
1806
1807
1804
1802
1803
1800
1801
1798
1799
1796
1797
1794
1795
1792
1793
2032
2033
2035
2037
2039
2042
2043
2044
2045
2046
2047
2018
2021
2020
2023
2022
2025
2024
2027
2026
2029
2028
2031
2002
2003
2001
2006
2010
2011
2008
2009
2014
2015
2012
2013
1987
1985
1984
1990
1989
1995
1992
1999
1998
1997
1972
1975
1969
1970
1971
1980
1981
1982
1983
1976
1978
1957
1956
1959
1955
1954
1965
1964
1967
1961
1963
1942
1943
1940
1938
1939
1936
1937
1950
1949
1944
1945
1927
1926
1925
1924
1923
1922
1921
1920
1935
1934
1933
1932
1931
1929
1928
2200
2201
2202
2203
2204
2205
2206
2207
2193
2194
2195
2196
2197
2198
2185
2184
2187
2186
2191
2190
2179
2178
2181
2180
2182
2234
2235
2233
2238
2239
2236
2237
2226
2227
2224
2225
2230
2229
2219
2218
2217
2216
2223
2221
2220
2210
2208
2213
2268
2269
2270
2264
2265
2266
2267
2261
2263
2256
2257
2258
2259
2253
2252
2255
2254
2249
2248
2251
2250
2245
2244
2247
2241
2240
2243
2242
2302
2303
2300
2301
2298
2299
2296
2297
2294
2295
2290
2291
2288
2289
2285
2284
2283
2282
2281
2280
2279
2277
2276
2275
2274
2272
2067
2071
2070
2073
2077
2079
2078
2048
2049
2050
2051
2054
2057
2058
2059
2060
2061
2062
2063
2105
2104
2110
2083
2080
2081
2084
2133
2132
2134
2128
2130
2141
2140
2143
2142
2137
2136
2139
2116
2117
2118
2119
2112
2113
2114
2115
2124
2125
2120
2121
2122
2123
2167
2165
2163
2162
2161
2160
2175
2172
2170
2169
2150
2149
2146
2147
2144
2145
2158
2156
2154
2155
2152
2153
2810
2811
2808
2809
2815
2812
2813
2802
2803
2800
2801
2804
2805
2795
2794
2793
2792
2799
2798
2796
2787
2786
2785
2784
2791
2790
2789
2788
2776
2777
2778
2779
2780
2782
2783
2770
2771
2773
2774
2761
2760
2762
2765
2764
2767
2766
2755
2754
2757
2756
2759
2758
2615
2613
2612
2611
2610
2609
2608
2622
2621
2620
2619
2616
2673
2679
2678
2677
2676
2683
2682
2680
2687
2686
2685
2658
2659
2657
2662
2663
2660
2661
2666
2667
2665
2670
2671
2668
2669
2641
2643
2642
2645
2644
2647
2646
2649
2648
2652
2655
2654
2624
2625
2626
2627
2628
2629
2631
2632
2633
2634
2635
2636
2637
2639
2991
2990
2984
2986
2981
2983
2977
2979
2978
3007
3000
3002
2997
2998
2999
2992
2993
2959
2958
2957
2953
2952
2950
2947
2945
2944
2974
2975
2972
2970
2971
2966
2967
2962
2963
2960
2961
3049
3048
3050
3052
3055
3054
3041
3040
3043
3042
3045
3044
3047
3064
3065
3066
3056
3058
3060
3061
3062
3063
3019
3018
3017
3016
3023
3021
3020
3011
3010
3009
3008
3014
3013
3012
3035
3032
3033
3038
3039
3036
3037
3026
3024
3025
3031
2854
2855
2850
2851
2861
2857
2858
2869
2868
2871
2870
2865
2864
2867
2866
2876
2878
2873
2872
2875
2822
2823
2820
2821
2818
2819
2817
2830
2831
2828
2829
2826
2827
2824
2825
2839
2838
2837
2836
2835
2834
2833
2832
2847
2843
2842
2840
2912
2913
2916
2917
2918
2919
2920
2923
2924
2925
2927
2929
2928
2931
2933
2932
2935
2934
2937
2936
2939
2938
2941
2940
2943
2882
2880
2881
2886
2887
2885
2890
2891
2888
2889
2894
2895
2892
2893
2897
2902
2901
2900
2906
2905
2904
2911
2910
3284
3285
3286
3287
3281
3282
3283
3294
3295
3288
3291
3318
3316
3317
3314
3313
3327
3325
3322
3323
3321
3303
3302
3301
3300
3299
3298
3297
3296
3311
3309
3306
3305
3304
3527
3526
3525
3524
3522
3521
3520
3535
3532
3530
3529
3528
3536
3537
3459
3458
3457
3456
3463
3461
3460
3465
3464
3471
3468
3474
3475
3472
3473
3478
3479
3477
3482
3483
3480
3481
3486
3487
3484
3488
3491
3490
3493
3492
3495
3494
3497
3501
3503
3502
3506
3507
3509
3510
3511
3512
3513
3514
3516
3517
3518
3406
3404
3405
3403
3401
3399
3397
3394
3395
3392
3393
3423
3422
3421
3417
3415
3412
3410
3436
3437
3433
3435
3431
3425
3427
3453
3452
3454
3449
3451
3450
3445
3444
3447
3446
3441
3443
3442
3338
3339
3336
3337
3343
3330
3331
3328
3329
3335
3352
3359
3358
3357
3347
3346
3345
3344
3351
3350
3349
3368
3369
3370
3372
3373
3374
3375
3361
3362
3363
3364
3365
3366
3367
3385
3387
3386
3389
3388
3390
3377
3376
3379
3378
3381
3380
