956
958
952
955
948
949
950
951
944
945
943
942
936
939
938
933
932
935
929
928
931
930
927
924
925
922
923
920
911
910
909
908
906
904
903
902
901
900
899
898
1016
1017
1018
1019
1020
1021
1022
1023
1008
1011
1012
1013
1002
1005
1007
1006
993
992
995
994
998
986
987
984
985
991
988
989
979
976
980
981
971
974
973
972
963
962
960
967
965
964
1100
1102
1103
1096
1097
1098
1099
1092
1093
1088
1089
1090
1117
1116
1118
1113
1112
1114
1109
1108
1111
1105
1104
1107
1106
1134
1135
1130
1131
1128
1129
1126
1127
1125
1123
1120
1121
1151
1147
1146
1145
1144
1143
1141
1140
1138
1032
1033
1034
1035
1036
1037
1038
1039
1025
1026
1027
1028
1029
1030
1031
1049
1048
1051
1050
1053
1052
1055
1041
1040
1043
1042
1044
1047
1046
1066
1067
1070
1068
1069
1056
1057
1063
1060
1061
1083
1081
1087
1086
1084
1075
1074
1073
1072
1079
1077
1076
1221
1220
1222
1217
1216
1218
1229
1228
1231
1230
1225
1224
1227
1226
1236
1238
1232
1233
1234
1235
1244
1245
1246
1247
1240
1241
1242
1243
1250
1249
1248
1270
1271
1278
1279
1276
1277
1274
1275
1272
1273
1153
1152
1155
1157
1156
1159
1158
1161
1163
1162
1164
1167
1166
1168
1169
1171
1172
1174
1175
1176
1177
1179
1180
1181
1182
1183
1186
1191
1190
1189
1188
1194
1193
1199
1198
1196
1203
1200
1201
1206
1204
1205
1210
1211
1208
1209
1215
1212
1213
1405
1404
1407
1406
1400
1403
1402
1399
1306
1304
1311
1310
1309
1308
1299
1296
1303
1302
1300
1290
1291
1288
1294
1295
1282
1283
1280
1287
1284
1285
1320
1321
1323
1312
1314
1315
1316
1318
1319
1494
1495
1493
1490
1488
1502
1501
1498
1499
1496
1497
1479
1478
1477
1476
1473
1487
1485
1484
1483
1480
1524
1526
1527
1520
1521
1522
1532
1533
1534
1535
1528
1529
1530
1508
1511
1510
1505
1504
1507
1506
1517
1516
1519
1518
1513
1512
1514
1427
1424
1425
1430
1431
1428
1429
1434
1432
1433
1438
1439
1436
1410
1409
1408
1415
1412
1419
1418
1417
1416
1423
1422
1420
1456
1457
1459
1460
1461
1465
1466
1468
1469
1470
1441
1440
1443
1442
1445
1444
1447
1446
1449
1448
1451
1450
1452
1455
1550
1551
1544
1546
1547
1540
1541
1542
1543
1536
1537
1538
1539
1557
1553
1552
1555
1554
1763
1761
1760
1767
1766
1765
1764
1771
1770
1768
1775
1773
1772
1779
1776
1777
1782
1783
1780
1781
1786
1787
1784
1785
1790
1791
1788
1789
1731
1730
1737
1736
1739
1740
1743
1742
1745
1746
1747
1748
1749
1750
1752
1753
1756
1757
1758
1759
1702
1701
1700
1698
1711
1710
1709
1708
1707
1705
1704
1718
1719
1716
1717
1714
1712
1713
1726
1727
1725
1722
1720
1721
1676
1679
1678
1673
1675
1674
1685
1686
1687
1682
1683
1692
1693
1694
1695
1689
1690
1691
1913
1915
1914
1917
1919
1918
1907
1906
1909
1910
1902
1903
1883
1882
1881
1880
1887
1886
1885
1884
1874
1872
1879
1876
1866
1864
1865
1870
1871
1869
1858
1859
1862
1863
1860
1852
1854
1848
1851
1850
1840
1836
1837
1839
1833
1834
1835
1828
1824
1826
1827
1821
1817
1815
1813
1811
1810
1809
1808
1806
1807
1804
1805
1802
1801
1798
1799
1796
1797
2033
2034
2035
2037
2038
2039
2040
2043
2044
2046
2047
2017
2019
2018
2021
2020
2023
2022
2024
2027
2026
2029
2028
2031
2030
2002
2000
2001
2006
2007
2008
2014
2015
2012
2013
1987
1986
1985
1984
1989
1998
1997
1972
1973
1975
1969
1970
1971
1982
1983
1976
1978
1979
1957
1956
1959
1958
1953
1955
1954
1965
1967
1966
1961
1963
1962
1942
1943
1941
1938
1936
1937
1950
1948
1949
1947
1945
1927
1926
1925
1924
1921
1935
1934
1932
1931
1929
2200
2202
2203
2204
2206
2207
2192
2193
2194
2195
2196
2198
2199
2184
2187
2186
2189
2188
2190
2179
2178
2181
2183
2182
2234
2235
2232
2233
2238
2236
2237
2226
2224
2225
2230
2231
2228
2229
2219
2218
2216
2223
2222
2221
2210
2209
2208
2215
2214
2213
2212
2268
2269
2270
2271
2264
2265
2266
2267
2260
2261
2262
2256
2257
2258
2259
2253
2255
2254
2248
2251
2250
2245
2244
2246
2240
2243
2302
2303
2300
2301
2298
2299
2295
2292
2293
2290
2291
2288
2287
2286
2285
2284
2283
2282
2280
2277
2276
2275
2274
2064
2066
2068
2071
2070
2073
2072
2075
2077
2079
2078
2048
2050
2051
2053
2054
2055
2057
2058
2059
2060
2061
2062
2063
2107
2106
2105
2104
2111
2110
2109
2082
2083
2081
2133
2132
2135
2134
2131
2130
2143
2142
2136
2116
2117
2118
2112
2113
2114
2115
2124
2125
2127
2120
2121
2122
2123
2167
2166
2165
2164
2163
2162
2161
2175
2173
2172
2171
2170
2169
2168
2150
2151
2148
2149
2146
2147
2145
2158
2159
2156
2157
2154
2152
2153
2811
2808
2809
2815
2812
2813
2802
2801
2806
2807
2804
2805
2793
2792
2799
2798
2797
2796
2787
2786
2785
2791
2790
2789
2788
2776
2779
2780
2781
2782
2768
2770
2771
2773
2774
2775
2761
2760
2763
2762
2764
2766
2755
2756
2615
2613
2612
2611
2610
2609
2608
2623
2622
2619
2616
2675
2673
2672
2679
2678
2677
2676
2683
2682
2681
2687
2685
2684
2658
2662
2663
2660
2661
2666
2667
2665
2670
2671
2668
2669
2641
2640
2643
2642
2645
2644
2647
2646
2649
2652
2654
2624
2625
2626
2627
2628
2629
2630
2633
2634
2635
2636
2637
2639
2989
2991
2985
2986
2981
2980
2983
2977
2979
2978
3006
3007
3000
3001
3002
2996
2998
2999
2992
2993
2995
2959
2958
2957
2953
2950
2947
2945
2944
2974
2972
2973
2971
2968
2966
2967
2965
2962
2963
2960
2961
3049
3048
3051
3050
3053
3052
3055
3054
3041
3040
3043
3042
3045
3044
3047
3046
3064
3065
3066
3058
3059
3060
3019
3017
3016
3022
3011
3010
3008
3015
3014
3013
3034
3033
3039
3036
3037
3026
3027
3025
3030
3031
3028
2852
2854
2855
2848
2850
2851
2860
2861
2862
2863
2856
2857
2858
2859
2869
2868
2870
2864
2877
2876
2878
2873
2872
2875
2874
2822
2820
2818
2819
2830
2828
2829
2826
2827
2824
2825
2838
2837
2836
2834
2833
2832
2846
2845
2844
2843
2841
2840
2912
2915
2916
2917
2918
2920
2921
2922
2923
2926
2927
2929
2928
2931
2933
2932
2935
2934
2937
2936
2939
2938
2941
2940
2882
2883
2880
2881
2886
2887
2884
2885
2890
2888
2889
2894
2892
2893
2898
2897
2903
2901
2900
2907
2906
2905
2904
2910
3284
3286
3281
3282
3283
3292
3293
3294
3295
3289
3316
3314
3312
3313
3325
3321
3303
3302
3301
3300
3299
3297
3311
3310
3309
3306
3305
3304
3527
3526
3524
3523
3522
3521
3520
3535
3534
3533
3530
3536
3458
3456
3463
3461
3460
3466
3465
3464
3468
3475
3472
3473
3478
3479
3477
3482
3481
3486
3487
3484
3485
3488
3491
3493
3492
3495
3494
3497
3496
3499
3498
3501
3500
3503
3502
3506
3509
3511
3512
3513
3514
3515
3516
3517
3519
3407
3404
3402
3403
3400
3401
3398
3396
3394
3395
3393
3423
3422
3421
3419
3418
3417
3416
3415
3412
3411
3410
3409
3408
3436
3437
3438
3432
3433
3434
3435
3428
3430
3431
3424
3425
3427
3453
3452
3455
3454
3448
3451
3445
3447
3446
3440
3443
3442
3338
3339
3337
3343
3340
3341
3330
3328
3329
3334
3335
3333
3354
3353
3359
3357
3347
3346
3345
3344
3351
3350
3349
3348
3368
3369
3372
3373
3374
3375
3360
3362
3363
3364
3365
3366
3367
3385
3384
3387
3386
3389
3388
3391
3390
3377
3376
3379
3378
3380
3383
3382
