956
958
952
953
954
948
949
950
951
944
947
940
943
942
937
936
939
938
933
932
935
929
928
931
930
926
927
924
925
922
920
918
919
915
912
911
910
909
908
907
906
903
901
899
898
1018
1019
1021
1022
1023
1008
1009
1010
1011
1012
1013
1014
1015
1001
1000
1003
1002
1007
1006
992
994
997
996
999
998
986
987
984
985
990
991
988
989
978
979
976
982
980
981
968
975
974
973
972
963
962
961
960
967
966
965
964
1100
1101
1103
1097
1098
1093
1094
1090
1091
1117
1119
1113
1112
1115
1114
1109
1108
1111
1105
1104
1107
1106
1134
1135
1133
1130
1128
1129
1126
1127
1125
1122
1123
1120
1121
1151
1150
1149
1147
1146
1145
1144
1143
1140
1139
1138
1136
1032
1033
1036
1037
1038
1039
1024
1025
1026
1027
1029
1030
1031
1049
1051
1050
1053
1052
1055
1054
1041
1040
1043
1042
1045
1044
1047
1046
1067
1065
1070
1071
1068
1058
1059
1056
1057
1063
1060
1082
1081
1080
1087
1086
1085
1075
1074
1073
1072
1079
1078
1077
1221
1220
1223
1222
1217
1216
1218
1229
1228
1230
1225
1227
1226
1236
1238
1239
1233
1234
1235
1244
1245
1247
1240
1241
1242
1243
1250
1249
1248
1270
1271
1278
1277
1274
1275
1272
1273
1153
1152
1155
1154
1158
1161
1160
1163
1162
1165
1164
1167
1166
1168
1170
1173
1174
1175
1176
1178
1179
1180
1181
1183
1187
1186
1185
1191
1190
1189
1188
1195
1199
1198
1197
1196
1202
1203
1200
1201
1206
1207
1205
1210
1211
1208
1209
1214
1212
1213
1405
1404
1407
1406
1401
1400
1402
1306
1304
1311
1310
1309
1299
1298
1297
1296
1302
1301
1290
1288
1294
1295
1293
1283
1280
1286
1287
1284
1320
1322
1313
1314
1315
1317
1318
1319
1492
1488
1489
1502
1503
1501
1498
1499
1496
1479
1478
1477
1476
1475
1473
1485
1484
1481
1480
1524
1525
1526
1527
1520
1522
1523
1532
1533
1534
1535
1528
1529
1530
1509
1508
1511
1510
1505
1504
1507
1506
1517
1518
1512
1514
1424
1425
1431
1428
1429
1435
1432
1433
1438
1439
1436
1437
1411
1410
1409
1408
1414
1413
1412
1419
1418
1417
1416
1423
1421
1420
1456
1457
1458
1459
1461
1462
1463
1465
1466
1468
1469
1470
1441
1440
1443
1442
1445
1444
1447
1449
1451
1450
1452
1455
1454
1548
1549
1551
1544
1545
1546
1547
1540
1543
1537
1538
1556
1552
1554
1763
1762
1761
1767
1766
1765
1764
1772
1779
1776
1777
1780
1787
1784
1785
1790
1791
1788
1729
1730
1733
1732
1735
1734
1737
1739
1740
1743
1742
1745
1746
1747
1748
1749
1750
1751
1752
1753
1756
1757
1758
1759
1703
1701
1700
1699
1697
1696
1711
1710
1708
1707
1706
1705
1704
1718
1719
1716
1717
1714
1715
1712
1713
1726
1727
1724
1725
1722
1720
1677
1676
1678
1672
1684
1685
1686
1680
1681
1683
1692
1693
1695
1688
1691
1913
1912
1915
1917
1918
1904
1907
1906
1908
1911
1910
1902
1883
1882
1881
1880
1887
1886
1885
1884
1874
1872
1879
1878
1877
1876
1866
1864
1865
1871
1868
1869
1858
1859
1856
1857
1862
1863
1860
1852
1855
1854
1848
1845
1847
1846
1840
1836
1837
1838
1833
1834
1835
1828
1829
1830
1831
1824
1826
1827
1823
1822
1821
1820
1819
1818
1817
1816
1815
1813
1812
1811
1810
1809
1808
1807
1804
1802
1803
1800
1801
1799
1796
1797
1794
1792
1793
2033
2034
2035
2037
2038
2039
2040
2042
2043
2044
2045
2046
2017
2019
2018
2021
2020
2023
2022
2025
2027
2026
2029
2030
2002
2003
2000
2006
2007
2010
2011
2009
2014
2015
2012
2013
1987
1986
1985
1990
1989
1995
1992
1999
1998
1997
1972
1973
1975
1969
1980
1982
1978
1979
1957
1956
1959
1958
1953
1955
1954
1964
1967
1966
1961
1963
1962
1942
1943
1940
1941
1938
1939
1936
1950
1951
1948
1949
1944
1945
1927
1926
1925
1924
1923
1922
1921
1920
1935
1934
1932
1931
1929
1928
2200
2201
2202
2203
2205
2206
2207
2192
2193
2195
2196
2197
2198
2199
2185
2184
2187
2186
2188
2191
2190
2178
2181
2180
2183
2182
2234
2233
2238
2239
2237
2226
2227
2225
2230
2231
2229
2219
2217
2216
2222
2221
2220
2210
2209
2215
2214
2213
2212
2268
2269
2270
2271
2264
2266
2267
2260
2261
2262
2263
2256
2257
2258
2259
2253
2255
2254
2249
2248
2251
2250
2245
2244
2247
2246
2241
2240
2243
2242
2303
2300
2301
2298
2299
2296
2297
2292
2290
2291
2288
2289
2287
2286
2284
2283
2281
2280
2277
2276
2275
2274
2272
2064
2067
2066
2069
2071
2070
2073
2075
2079
2078
2050
2051
2052
2053
2054
2055
2057
2059
2060
2061
2062
2107
2106
2105
2104
2111
2110
2109
2082
2083
2081
2133
2132
2135
2134
2128
2131
2130
2141
2140
2143
2142
2137
2139
2116
2118
2119
2112
2113
2114
2115
2124
2125
2127
2120
2121
2122
2167
2166
2163
2162
2161
2160
2175
2173
2170
2168
2150
2151
2148
2149
2147
2144
2145
2158
2159
2156
2157
2154
2155
2152
2153
2810
2811
2808
2809
2815
2813
2803
2800
2801
2806
2807
2804
2795
2794
2792
2799
2796
2787
2784
2791
2790
2789
2788
2777
2778
2779
2780
2783
2768
2770
2771
2772
2774
2775
2761
2760
2763
2762
2765
2764
2766
2755
2754
2757
2756
2759
2758
2612
2611
2610
2609
2622
2620
2619
2672
2678
2676
2683
2682
2681
2680
2686
2658
2657
2663
2660
2661
2666
2664
2665
2670
2669
2641
2643
2642
2644
2646
2649
2653
2652
2655
2624
2625
2626
2627
2628
2629
2632
2634
2639
2989
2991
2985
2984
2987
2986
2983
2982
2977
2976
2979
2978
3006
3007
3000
3002
2996
2997
2998
2999
2992
2993
2994
2995
2959
2958
2957
2953
2952
2950
2947
2946
2945
2974
2975
2972
2973
2970
2971
2968
2969
2966
2965
2962
2963
2960
2961
3049
3048
3050
3052
3054
3041
3040
3044
3047
3065
3066
3056
3058
3061
3062
3063
3019
3018
3017
3016
3022
3021
3020
3011
3010
3009
3008
3015
3014
3013
3035
3032
3033
3038
3039
3037
3024
3025
3030
3031
3028
2852
2853
2854
2855
2848
2849
2850
2860
2861
2862
2863
2856
2857
2858
2859
2869
2868
2871
2870
2864
2867
2877
2876
2879
2878
2873
2872
2875
2874
2822
2823
2820
2821
2818
2819
2817
2828
2829
2826
2827
2824
2825
2839
2838
2837
2836
2835
2834
2832
2847
2846
2845
2844
2843
2842
2840
2912
2913
2915
2916
2917
2918
2919
2920
2921
2922
2923
2924
2925
2927
2929
2928
2931
2933
2932
2934
2937
2936
2939
2941
2940
2943
2883
2886
2887
2884
2885
2890
2891
2888
2889
2895
2893
2899
2898
2896
2902
2901
2907
2906
2905
2911
3284
3285
3286
3287
3281
3283
3292
3293
3294
3289
3290
3291
3318
3316
3317
3314
3315
3312
3313
3327
3325
3322
3321
3303
3301
3299
3298
3297
3311
3310
3309
3305
3304
3527
3524
3523
3522
3521
3520
3535
3534
3533
3531
3529
3528
3536
3537
3459
3458
3457
3456
3463
3462
3461
3460
3466
3465
3464
3471
3470
3468
3475
3472
3478
3479
3477
3483
3486
3487
3484
3485
3489
3488
3491
3490
3493
3492
3495
3497
3496
3499
3498
3501
3500
3503
3502
3504
3506
3507
3508
3509
3511
3512
3513
3514
3515
3516
3517
3518
3519
3406
3407
3404
3402
3403
3400
3401
3399
3396
3397
3394
3395
3392
3423
3422
3421
3419
3418
3416
3415
3412
3411
3410
3408
3436
3433
3434
3435
3428
3429
3430
3431
3424
3425
3427
3453
3454
3448
3451
3450
3445
3444
3441
3440
3442
3338
3339
3336
3337
3342
3330
3331
3328
3334
3335
3333
3354
3352
3359
3357
3345
3351
3350
3349
3368
3369
3370
3372
3373
3374
3375
3360
3361
3362
3363
3364
3365
3366
3385
3384
3387
3386
3389
3388
3390
3377
3376
3378
3381
3380
3383
3382
