958
938
934
931
927
925
922
915
905
1017
1012
1006
995
997
996
987
991
988
989
978
982
983
971
968
960
1100
1099
1110
1134
1122
1143
1140
1137
1025
1028
1029
1050
1055
1040
1044
1047
1046
1065
1061
1085
1076
1218
1225
1234
1247
1241
1270
1272
1152
1155
1162
1165
1166
1168
1174
1175
1178
1186
1185
1199
1202
1200
1210
1213
1400
1306
1311
1300
1294
1285
1312
1316
1492
1498
1478
1476
1472
1522
1430
1412
1460
1461
1465
1442
1451
1450
1545
1547
1540
1543
1538
1552
1761
1760
1765
1764
1771
1776
1777
1788
1729
1730
1733
1737
1743
1742
1744
1749
1700
1698
1710
1707
1704
1678
1673
1681
1689
1690
1919
1904
1909
1911
1886
1872
1854
1851
1841
1833
1824
1827
1822
1817
1813
1807
1803
1800
1798
1797
1793
2033
2043
2046
2027
2031
2006
2010
2011
1990
1988
1999
1996
1982
1983
1957
1967
1938
1948
1926
1923
1921
1932
2203
2206
2192
2198
2187
2189
2191
2183
2235
2233
2226
2218
2223
2209
2268
2269
2264
2263
2256
2247
2301
2291
2281
2280
2277
2066
2071
2077
2078
2063
2081
2130
2139
2116
2120
2165
2164
2173
2802
2807
2805
2796
2787
2785
2789
2783
2768
2760
2762
2755
2756
2759
2615
2608
2621
2673
2678
2685
2684
2657
2663
2669
2646
2653
2652
2628
2630
2631
2635
2636
2980
2978
2994
2959
2953
2970
2968
2969
3049
3048
3051
3053
3046
3063
3008
3014
3033
3026
2852
2849
2850
2856
2864
2879
2822
2821
2819
2830
2838
2845
2913
2923
2936
2943
2884
2885
2889
2892
2911
3293
3294
3291
3315
3327
3311
3307
3304
3527
3526
3535
3530
3529
3465
3490
3494
3500
3507
3510
3516
3405
3401
3421
3419
3412
3411
3436
3430
3431
3425
3452
3444
3339
3336
3337
3342
3331
3328
3353
3357
3346
3370
3364
3384
3387
3386
3381
3380
