952
946
940
943
942
934
929
927
920
915
902
1010
1011
1001
992
995
988
983
980
975
962
961
1103
1098
1093
1088
1117
1112
1110
1104
1127
1122
1148
1147
1038
1039
1029
1031
1048
1067
1065
1057
1060
1061
1082
1086
1075
1072
1078
1077
1223
1217
1235
1240
1243
1248
1153
1157
1160
1177
1182
1191
1195
1194
1197
1210
1215
1405
1401
1306
1309
1298
1289
1292
1293
1282
1286
1287
1318
1319
1492
1488
1489
1498
1497
1479
1487
1480
1520
1510
1518
1512
1426
1428
1434
1439
1436
1418
1421
1420
1443
1442
1446
1450
1551
1547
1542
1543
1539
1557
1555
1771
1769
1779
1776
1781
1789
1731
1733
1732
1736
1739
1738
1741
1697
1708
1727
1724
1679
1678
1673
1684
1694
1689
1914
1918
1904
1907
1886
1872
1878
1877
1870
1871
1855
1854
1850
1839
1829
1827
1817
1805
2034
2036
2038
2040
2017
2019
2030
2000
2007
1986
1988
1996
1973
1979
1958
1953
1966
1962
1941
1951
1948
1947
1930
2192
2199
2189
2188
2183
2232
2231
2228
2222
2211
2209
2215
2214
2212
2271
2260
2262
2246
2292
2287
2286
2064
2066
2069
2068
2072
2075
2052
2053
2055
2107
2106
2111
2109
2082
2135
2127
2166
2164
2173
2171
2168
2151
2148
2159
2157
2806
2807
2797
2781
2768
2772
2775
2763
2623
2675
2672
2681
2684
2664
2640
2653
2989
2985
2987
2980
2982
2976
3006
3001
2996
2994
2995
2951
2973
2968
2969
2965
3051
3053
3059
3022
3034
3027
3030
3028
2852
2848
2849
2856
2859
2877
2879
2874
2841
2915
2921
2922
2926
2899
2898
2896
2903
2907
3292
3293
3289
3290
3315
3312
3324
3320
3310
3307
3523
3534
3533
3531
3462
3466
3470
3485
3489
3496
3498
3500
3504
3505
3508
3515
3519
3407
3402
3400
3398
3396
3419
3418
3416
3411
3409
3408
3438
3432
3434
3428
3429
3430
3424
3455
3448
3440
3342
3340
3341
3334
3333
3354
3353
3348
3360
3384
3391
3383
3382
