955
945
946
934
923
916
917
905
904
902
900
1016
1017
1020
1005
1004
993
995
983
971
970
1102
1096
1099
1092
1095
1088
1089
1116
1118
1110
1132
1131
1124
1142
1141
1137
1034
1035
1028
1048
1066
1064
1069
1083
1084
1219
1231
1224
1237
1232
1246
1279
1276
1157
1156
1159
1169
1171
1172
1177
1182
1184
1194
1193
1204
1215
1403
1399
1305
1308
1300
1291
1289
1292
1282
1281
1285
1321
1312
1316
1494
1495
1493
1490
1491
1500
1497
1474
1472
1487
1486
1483
1482
1516
1519
1513
1426
1427
1434
1415
1460
1467
1471
1446
1448
1453
1550
1541
1542
1536
1539
1760
1771
1770
1775
1782
1781
1786
1789
1738
1741
1744
1702
1698
1709
1721
1679
1673
1674
1687
1682
1694
1689
1690
1914
1919
1909
1903
1875
1870
1851
1850
1841
1825
1798
1795
2032
2036
2047
2024
2028
2031
2001
2008
1984
1988
1996
1970
1971
1981
1983
1976
1965
1947
1930
2204
2194
2189
2179
2235
2232
2236
2224
2228
2218
2223
2211
2208
2265
2252
2302
2294
2295
2293
2285
2282
2279
2068
2072
2077
2048
2049
2058
2063
2080
2084
2136
2117
2123
2165
2164
2172
2171
2169
2146
2812
2802
2805
2793
2798
2786
2785
2776
2781
2782
2773
2767
2615
2621
2675
2673
2679
2677
2687
2684
2659
2667
2671
2645
2647
2630
2633
2990
2981
2980
3001
2951
2944
2967
3051
3053
3043
3042
3045
3046
3064
3059
3060
3023
3012
3034
3036
3026
3027
3029
2851
2865
2866
2830
2831
2833
2841
2926
2935
2938
2882
2880
2881
2894
2892
2897
2903
2900
2904
2910
3282
3295
3288
3324
3323
3302
3300
3296
3307
3306
3526
3525
3532
3530
3474
3473
3482
3480
3481
3494
3510
3405
3398
3417
3409
3437
3438
3432
3452
3455
3449
3447
3446
3443
3340
3341
3329
3358
3347
3346
3344
3348
3367
3391
3379
