956
952
954
955
948
949
950
951
944
946
947
940
943
942
936
938
935
934
929
928
931
930
926
924
925
922
923
920
918
919
916
917
915
912
911
910
909
907
906
905
904
902
901
900
899
898
1017
1018
1019
1020
1021
1023
1009
1010
1011
1012
1013
1015
1001
1000
1003
1002
1004
1007
1006
993
992
995
994
997
996
998
986
987
984
985
990
991
988
989
978
976
982
980
970
968
975
974
972
963
962
961
960
967
966
965
964
1100
1101
1103
1096
1097
1098
1099
1092
1093
1094
1095
1089
1091
1117
1116
1119
1118
1113
1112
1114
1109
1105
1104
1107
1106
1134
1135
1132
1133
1130
1131
1128
1129
1126
1127
1124
1125
1122
1123
1151
1150
1149
1148
1146
1145
1143
1142
1141
1140
1137
1136
1032
1033
1034
1035
1036
1037
1038
1039
1026
1027
1029
1030
1050
1052
1055
1054
1041
1043
1042
1045
1044
1046
1066
1064
1065
1071
1068
1069
1059
1056
1057
1063
1060
1061
1082
1081
1080
1087
1086
1085
1084
1075
1074
1073
1079
1078
1077
1076
1221
1220
1223
1222
1217
1216
1219
1218
1229
1228
1231
1230
1225
1227
1236
1237
1238
1239
1232
1234
1235
1244
1245
1247
1240
1241
1249
1270
1271
1278
1279
1276
1274
1272
1273
1153
1152
1155
1154
1157
1156
1159
1158
1161
1160
1163
1162
1165
1164
1167
1168
1170
1171
1172
1173
1174
1175
1177
1178
1179
1180
1181
1182
1187
1186
1184
1191
1190
1189
1188
1195
1194
1193
1199
1198
1197
1202
1203
1200
1201
1206
1207
1211
1208
1209
1214
1215
1212
1405
1404
1407
1406
1401
1306
1305
1304
1311
1310
1298
1297
1296
1303
1301
1300
1290
1288
1289
1294
1295
1292
1293
1280
1281
1287
1284
1320
1321
1322
1323
1312
1313
1315
1316
1319
1495
1492
1493
1488
1489
1502
1500
1498
1496
1497
1479
1478
1477
1476
1474
1473
1472
1487
1486
1485
1484
1482
1481
1480
1524
1527
1520
1521
1522
1523
1532
1534
1528
1530
1531
1509
1508
1510
1505
1507
1517
1519
1512
1514
1426
1424
1425
1430
1431
1429
1435
1432
1433
1438
1439
1411
1409
1408
1415
1414
1417
1416
1423
1422
1421
1420
1456
1457
1458
1459
1460
1461
1462
1463
1464
1465
1467
1468
1469
1470
1471
1441
1440
1443
1442
1445
1447
1446
1448
1451
1453
1455
1454
1548
1549
1550
1544
1545
1546
1547
1543
1536
1537
1538
1539
1557
1556
1553
1552
1555
1554
1763
1762
1761
1765
1764
1771
1770
1769
1768
1773
1772
1779
1777
1782
1783
1780
1781
1786
1787
1784
1790
1791
1788
1789
1729
1731
1730
1733
1735
1734
1737
1739
1743
1744
1746
1747
1749
1750
1751
1752
1756
1757
1758
1759
1703
1701
1700
1699
1697
1696
1711
1710
1709
1708
1707
1706
1704
1718
1719
1716
1717
1714
1715
1712
1713
1726
1727
1724
1725
1722
1720
1721
1677
1679
1678
1673
1672
1675
1674
1684
1685
1686
1687
1680
1681
1682
1683
1692
1693
1694
1688
1689
1690
1691
1913
1912
1915
1914
1917
1919
1918
1904
1907
1906
1909
1908
1910
1902
1903
1882
1881
1880
1885
1875
1874
1872
1879
1878
1877
1876
1866
1864
1865
1870
1871
1869
1858
1862
1848
1851
1850
1845
1847
1846
1841
1840
1836
1837
1833
1834
1835
1829
1831
1824
1826
1827
1822
1819
1818
1817
1815
1813
1812
1811
1810
1809
1804
1805
1802
1803
1800
1801
1798
1799
1797
1794
1795
1793
2033
2034
2035
2037
2039
2042
2043
2044
2045
2047
2017
2019
2018
2021
2020
2023
2022
2025
2024
2027
2026
2029
2028
2031
2002
2003
2000
2001
2006
2010
2011
2008
2009
2014
2015
2012
2013
1987
1986
1985
1984
1988
1995
1992
1999
1996
1972
1975
1969
1970
1980
1981
1983
1957
1956
1959
1953
1955
1954
1965
1964
1967
1966
1961
1963
1962
1942
1940
1941
1937
1950
1948
1949
1947
1944
1945
1926
1925
1924
1922
1921
1920
1935
1933
1931
1930
1929
1928
2200
2203
2204
2205
2206
2207
2192
2193
2194
2195
2197
2198
2199
2185
2187
2186
2189
2188
2191
2181
2180
2182
2235
2232
2233
2239
2236
2237
2226
2227
2224
2225
2230
2231
2228
2229
2219
2218
2223
2222
2221
2220
2209
2208
2215
2214
2213
2212
2264
2265
2266
2260
2261
2262
2263
2256
2257
2258
2259
2252
2249
2248
2251
2250
2245
2244
2247
2246
2243
2242
2302
2303
2299
2296
2295
2293
2290
2291
2288
2289
2286
2284
2283
2281
2280
2279
2276
2272
2067
2068
2071
2070
2073
2072
2077
2079
2048
2049
2050
2051
2052
2055
2058
2059
2060
2061
2062
2063
2104
2111
2110
2109
2080
2081
2084
2133
2132
2128
2131
2130
2141
2140
2143
2137
2139
2116
2117
2118
2119
2112
2113
2114
2115
2124
2125
2127
2120
2123
2167
2166
2165
2164
2163
2162
2160
2175
2173
2171
2168
2150
2151
2148
2149
2147
2144
2145
2159
2156
2157
2154
2155
2153
2810
2811
2808
2809
2815
2812
2813
2803
2800
2801
2807
2804
2805
2795
2794
2792
2799
2797
2796
2785
2784
2791
2789
2788
2776
2777
2779
2780
2782
2768
2771
2772
2773
2774
2761
2763
2762
2765
2764
2767
2766
2755
2754
2757
2756
2759
2615
2613
2610
2609
2608
2623
2621
2620
2619
2616
2675
2673
2672
2679
2678
2677
2676
2683
2682
2681
2680
2687
2686
2685
2658
2659
2657
2662
2663
2660
2661
2666
2664
2665
2668
2669
2640
2643
2645
2644
2649
2648
2653
2652
2655
2654
2624
2625
2626
2627
2628
2630
2632
2633
2634
2636
2637
2639
2989
2985
2984
2987
2980
2983
2982
2977
2976
2979
3006
3001
3002
2996
2997
2998
2999
2992
2993
2995
2958
2957
2953
2952
2951
2950
2947
2946
2945
2944
2974
2975
2973
2970
2971
2968
2969
2966
2967
2965
2962
2963
2960
3049
3048
3051
3050
3053
3052
3055
3054
3040
3044
3047
3046
3065
3066
3056
3058
3059
3060
3061
3063
3019
3018
3016
3021
3020
3011
3010
3008
3015
3014
3013
3012
3034
3035
3032
3033
3038
3039
3036
3037
3026
3024
3025
3030
3031
3028
3029
2852
2853
2854
2855
2848
2850
2851
2860
2861
2862
2863
2856
2857
2858
2859
2869
2871
2870
2865
2864
2867
2866
2877
2879
2878
2873
2872
2875
2874
2822
2818
2819
2830
2831
2828
2829
2826
2824
2825
2839
2838
2837
2836
2835
2834
2833
2832
2847
2846
2845
2844
2843
2841
2840
2912
2913
2915
2916
2917
2918
2919
2920
2921
2922
2923
2924
2925
2926
2927
2929
2928
2931
2932
2935
2934
2937
2936
2939
2938
2941
2940
2943
2882
2883
2880
2886
2890
2891
2888
2889
2894
2895
2893
2899
2898
2897
2896
2903
2902
2901
2900
2907
2906
2905
2904
2910
3285
3286
3287
3281
3283
3293
3294
3288
3289
3290
3318
3316
3317
3315
3312
3327
3324
3325
3322
3323
3320
3321
3302
3301
3300
3299
3298
3297
3296
3310
3309
3307
3305
3304
3527
3526
3525
3523
3522
3521
3535
3534
3533
3532
3531
3530
3528
3536
3537
3459
3458
3456
3462
3461
3460
3466
3465
3464
3471
3470
3468
3474
3475
3473
3478
3479
3477
3482
3483
3480
3481
3486
3487
3484
3485
3489
3488
3491
3493
3492
3495
3494
3497
3496
3499
3498
3501
3500
3504
3505
3506
3507
3508
3509
3510
3511
3512
3513
3514
3516
3517
3518
3519
3406
3407
3404
3402
3400
3401
3398
3399
3396
3395
3392
3393
3423
3422
3419
3418
3417
3416
3415
3412
3411
3410
3409
3408
3436
3437
3432
3433
3434
3435
3428
3429
3424
3425
3427
3453
3452
3455
3454
3449
3448
3450
3445
3444
3447
3446
3441
3440
3443
3442
3338
3339
3336
3337
3340
3341
3330
3328
3329
3334
3333
3354
3353
3352
3359
3358
3357
3347
3345
3344
3351
3348
3368
3369
3372
3373
3374
3375
3360
3361
3363
3364
3365
3366
3367
3385
3384
3387
3386
3389
3388
3377
3376
3379
3378
3381
3380
3383
3382
