948
946
943
936
938
928
918
919
917
915
910
909
908
900
898
1018
1011
1000
1007
1006
994
987
991
979
982
971
973
963
961
1103
1099
1093
1089
1119
1109
1108
1132
1124
1121
1147
1145
1143
1139
1138
1025
1049
1042
1067
1063
1060
1081
1220
1231
1237
1244
1272
1156
1158
1195
1194
1198
1197
1203
1200
1204
1401
1403
1305
1297
1285
1315
1495
1489
1497
1482
1524
1535
1530
1516
1427
1429
1434
1432
1439
1471
1449
1448
1451
1455
1536
1552
1760
1765
1768
1777
1787
1790
1788
1731
1735
1739
1738
1740
1744
1756
1701
1696
1708
1714
1712
1713
1727
1720
1721
1684
1685
1683
1693
1690
1913
1915
1910
1882
1886
1884
1874
1865
1862
1854
1848
1851
1850
1840
1833
1830
1827
1823
1804
2036
2044
2047
2017
2021
2020
2023
2003
2000
2001
2007
2010
2014
1987
1984
1992
1972
1979
1955
1943
1941
1938
1936
1951
1949
1923
1935
1931
2203
2186
2189
2234
2235
2239
2237
2222
2214
2266
2255
2249
2303
2296
2293
2288
2289
2283
2281
2276
2066
2048
2052
2107
2106
2080
2132
2140
2143
2112
2123
2162
2175
2173
2172
2169
2146
2153
2811
2809
2812
2813
2802
2792
2789
2776
2777
2780
2783
2771
2773
2763
2754
2757
2613
2612
2619
2678
2686
2657
2664
2640
2631
2637
2991
2981
2980
2982
2976
2998
2999
2992
2957
2951
2947
2946
2974
2971
2967
2965
3053
3045
3044
3056
3061
3063
3036
2861
2858
2859
2868
2864
2877
2876
2875
2830
2834
2846
2913
2918
2923
2925
2926
2937
2939
2943
2886
2890
2898
2897
2901
2910
3282
3290
3322
3311
3522
3462
3460
3466
3478
3477
3502
3513
3516
3421
3417
3415
3431
3427
3444
3447
3338
3336
3328
3334
3335
3333
3344
3369
3375
3361
3385
3386
3376
3379
