956
958
953
955
948
949
950
951
944
945
946
947
940
942
937
936
939
933
935
934
929
928
930
926
927
924
925
922
920
918
919
916
917
915
912
910
909
908
907
906
905
904
902
901
900
899
898
1016
1017
1018
1020
1021
1022
1023
1010
1011
1012
1014
1015
1001
1000
1003
1005
1004
1007
993
992
995
994
997
996
999
998
986
987
984
985
990
991
988
989
976
982
980
981
971
968
975
974
973
972
963
962
961
960
964
1100
1101
1102
1103
1096
1097
1092
1093
1094
1088
1089
1090
1091
1117
1116
1118
1113
1114
1109
1108
1111
1110
1105
1104
1107
1106
1134
1135
1132
1133
1130
1131
1128
1129
1126
1124
1125
1122
1123
1120
1121
1151
1150
1149
1148
1147
1146
1145
1144
1143
1142
1140
1139
1138
1137
1032
1033
1034
1036
1038
1039
1024
1025
1026
1027
1028
1030
1031
1049
1048
1051
1053
1055
1054
1041
1040
1043
1042
1045
1044
1047
1046
1067
1064
1065
1070
1071
1068
1058
1056
1057
1063
1060
1061
1082
1081
1080
1087
1086
1085
1073
1072
1079
1078
1077
1221
1220
1222
1217
1219
1218
1229
1228
1225
1224
1226
1236
1237
1239
1232
1233
1234
1235
1244
1245
1246
1247
1240
1241
1242
1243
1250
1249
1270
1271
1278
1279
1274
1275
1273
1153
1152
1155
1154
1157
1156
1159
1158
1161
1160
1163
1162
1165
1164
1167
1166
1168
1169
1170
1171
1172
1173
1174
1175
1176
1177
1179
1181
1183
1187
1186
1185
1191
1189
1188
1195
1193
1199
1198
1197
1196
1202
1200
1201
1207
1204
1205
1210
1211
1208
1214
1213
1405
1404
1407
1406
1401
1400
1403
1402
1304
1310
1309
1308
1299
1298
1297
1296
1303
1302
1301
1300
1290
1288
1289
1295
1292
1282
1283
1280
1287
1284
1320
1321
1322
1312
1314
1315
1316
1317
1318
1319
1494
1495
1492
1493
1491
1488
1489
1501
1498
1499
1496
1479
1478
1477
1476
1474
1473
1487
1486
1485
1484
1482
1481
1480
1524
1525
1526
1527
1520
1521
1522
1523
1533
1535
1528
1529
1530
1531
1509
1508
1510
1505
1504
1506
1516
1519
1518
1513
1512
1514
1426
1427
1430
1431
1428
1429
1435
1432
1438
1439
1436
1437
1411
1410
1409
1408
1415
1412
1419
1418
1417
1423
1422
1421
1420
1457
1458
1460
1461
1463
1464
1465
1466
1469
1471
1441
1440
1442
1445
1444
1447
1446
1449
1451
1450
1453
1455
1454
1548
1549
1550
1551
1544
1545
1546
1540
1541
1542
1543
1538
1539
1557
1553
1552
1555
1554
1763
1762
1761
1760
1766
1764
1771
1770
1769
1775
1773
1772
1779
1776
1777
1782
1783
1780
1781
1786
1787
1785
1790
1791
1789
1729
1730
1735
1736
1739
1738
1743
1742
1744
1745
1746
1747
1748
1749
1750
1751
1752
1756
1758
1703
1702
1701
1699
1698
1697
1711
1710
1708
1707
1706
1705
1704
1718
1719
1716
1717
1714
1713
1726
1724
1725
1722
1677
1676
1679
1678
1673
1684
1685
1686
1687
1680
1681
1682
1693
1694
1695
1689
1690
1691
1913
1912
1915
1914
1917
1919
1904
1906
1909
1910
1902
1903
1883
1881
1880
1887
1886
1885
1884
1875
1874
1872
1879
1878
1876
1866
1865
1871
1858
1859
1856
1862
1863
1860
1852
1855
1854
1848
1851
1850
1845
1847
1846
1841
1836
1837
1839
1834
1835
1828
1830
1831
1824
1823
1822
1821
1820
1819
1818
1817
1812
1810
1809
1808
1806
1807
1804
1805
1803
1800
1801
1798
1799
1797
1794
1795
1792
1793
2032
2033
2034
2035
2036
2038
2039
2040
2042
2043
2044
2045
2046
2047
2017
2018
2020
2022
2025
2024
2027
2026
2029
2028
2030
2002
2003
2000
2001
2006
2007
2011
2008
2012
1987
1986
1985
1984
1990
1989
1988
1995
1992
1999
1998
1997
1996
1972
1973
1975
1969
1971
1980
1981
1982
1983
1976
1979
1957
1956
1959
1953
1955
1954
1965
1966
1961
1963
1962
1942
1943
1940
1941
1939
1936
1937
1950
1948
1949
1947
1944
1945
1925
1924
1923
1922
1921
1935
1934
1933
1932
1930
1929
1928
2200
2201
2202
2203
2204
2206
2207
2192
2194
2195
2196
2197
2198
2199
2187
2186
2189
2188
2191
2190
2179
2181
2180
2183
2182
2234
2235
2232
2233
2238
2239
2226
2227
2224
2225
2230
2231
2228
2229
2217
2216
2223
2221
2220
2211
2210
2209
2208
2215
2214
2213
2212
2268
2269
2271
2264
2265
2266
2267
2260
2262
2256
2257
2258
2259
2253
2252
2255
2254
2249
2248
2251
2250
2245
2247
2240
2243
2242
2302
2303
2300
2301
2298
2299
2296
2297
2295
2292
2293
2291
2288
2289
2287
2286
2284
2283
2282
2281
2280
2279
2277
2276
2274
2272
2067
2070
2072
2075
2077
2079
2078
2049
2051
2052
2053
2054
2055
2057
2058
2059
2060
2061
2062
2063
2107
2106
2105
2104
2111
2110
2109
2082
2083
2080
2081
2132
2135
2128
2131
2140
2142
2137
2136
2139
2116
2118
2119
2112
2115
2125
2127
2122
2123
2167
2166
2165
2163
2162
2160
2175
2173
2172
2171
2170
2168
2150
2151
2149
2146
2147
2144
2145
2158
2159
2157
2155
2152
2153
2810
2811
2815
2812
2813
2803
2801
2806
2807
2804
2805
2795
2799
2798
2797
2796
2787
2786
2785
2784
2789
2788
2778
2780
2781
2782
2770
2771
2772
2775
2761
2763
2762
2765
2767
2766
2754
2757
2756
2758
2613
2612
2610
2609
2623
2621
2620
2619
2616
2675
2673
2672
2679
2677
2676
2683
2682
2681
2680
2687
2685
2684
2658
2659
2657
2662
2663
2660
2666
2667
2664
2665
2670
2668
2669
2641
2640
2643
2642
2645
2644
2647
2646
2649
2648
2653
2652
2655
2654
2624
2626
2627
2628
2630
2631
2632
2633
2634
2639
2989
2991
2990
2985
2984
2986
2981
2980
2982
2976
2979
2978
3006
3007
3000
3001
3002
2996
2997
2998
2999
2992
2993
2994
2995
2959
2958
2957
2952
2951
2950
2945
2944
2974
2975
2972
2970
2971
2968
2969
2967
2962
2963
2960
2961
3049
3048
3051
3054
3041
3040
3043
3045
3046
3064
3065
3066
3056
3058
3059
3061
3062
3063
3019
3017
3016
3022
3021
3020
3011
3010
3009
3008
3014
3013
3012
3034
3035
3032
3038
3039
3036
3037
3026
3027
3024
3030
3029
2852
2853
2854
2855
2848
2849
2850
2861
2863
2856
2858
2859
2869
2868
2871
2870
2865
2864
2867
2877
2876
2879
2878
2873
2872
2874
2822
2823
2820
2821
2818
2819
2830
2828
2829
2826
2825
2838
2837
2836
2835
2834
2833
2832
2846
2844
2842
2841
2840
2912
2913
2916
2917
2918
2919
2923
2927
2929
2928
2933
2934
2936
2939
2938
2941
2940
2882
2883
2880
2886
2885
2890
2891
2888
2889
2894
2895
2892
2893
2899
2898
2896
2903
2902
2900
2907
2906
2905
2904
2911
3284
3285
3286
3287
3281
3282
3283
3292
3293
3294
3295
3288
3290
3291
3316
3314
3313
3327
3324
3325
3320
3321
3303
3302
3301
3299
3298
3296
3311
3310
3309
3306
3305
3304
3527
3525
3524
3523
3521
3534
3532
3531
3530
3528
3536
3537
3459
3458
3457
3463
3461
3460
3465
3471
3468
3472
3473
3478
3479
3477
3482
3483
3481
3487
3484
3485
3491
3490
3492
3495
3494
3496
3498
3500
3503
3502
3505
3506
3507
3509
3510
3511
3512
3513
3514
3515
3516
3517
3518
3519
3406
3407
3404
3405
3402
3403
3398
3399
3396
3397
3395
3393
3422
3421
3418
3417
3415
3412
3411
3410
3409
3437
3438
3432
3434
3435
3428
3429
3430
3431
3424
3427
3453
3452
3455
3449
3451
3450
3445
3444
3447
3446
3441
3440
3443
3442
3339
3336
3337
3343
3340
3341
3330
3331
3328
3334
3335
3354
3353
3352
3359
3358
3357
3347
3346
3345
3344
3351
3350
3349
3348
3369
3372
3373
3374
3375
3361
3363
3364
3365
3367
3385
3384
3387
3386
3389
3388
3391
3390
3376
3379
3378
3381
3383
3382
