953
932
927
922
915
908
907
904
898
1022
1000
1005
1007
996
986
984
990
991
989
971
970
974
973
966
1100
1102
1096
1092
1090
1118
1112
1134
1126
1127
1149
1147
1146
1144
1034
1036
1029
1049
1055
1045
1064
1082
1086
1085
1073
1221
1223
1222
1232
1246
1240
1242
1243
1271
1278
1158
1162
1172
1176
1179
1195
1202
1204
1210
1215
1404
1305
1298
1300
1292
1293
1283
1314
1319
1494
1493
1490
1498
1496
1476
1472
1487
1486
1524
1525
1529
1531
1508
1506
1519
1427
1438
1437
1411
1419
1418
1461
1463
1449
1452
1454
1550
1546
1762
1765
1787
1790
1730
1735
1743
1742
1744
1748
1749
1751
1756
1696
1704
1718
1716
1714
1712
1691
1912
1917
1884
1858
1859
1854
1848
1835
1829
1830
1820
1818
1817
1815
1811
1810
1809
1804
1803
1800
1795
1793
2037
2022
2001
2007
2010
2013
1986
1988
1992
1954
1938
1925
1922
1921
1935
1930
2193
2199
2187
2186
2179
2239
2225
2231
2220
2256
2249
2248
2246
2301
2290
2289
2286
2279
2067
2072
2106
2105
2104
2081
2133
2141
2142
2120
2122
2166
2163
2175
2149
2146
2153
2808
2800
2799
2788
2781
2768
2770
2771
2774
2765
2766
2755
2754
2756
2623
2662
2663
2660
2667
2664
2670
2671
2644
2647
2649
2652
2636
2637
2986
2980
2978
3002
2972
2973
2961
3053
3040
3043
3042
3047
3063
3015
3013
3036
3031
2853
2855
2848
2856
2857
2859
2871
2866
2873
2872
2821
2839
2832
2912
2924
2935
2934
2880
2885
2891
2889
2894
2898
2910
3284
3295
3289
3316
3324
3300
3307
3306
3524
3523
3522
3528
3462
3472
3473
3479
3477
3482
3483
3485
3492
3507
3508
3509
3401
3397
3392
3393
3417
3412
3438
3429
3424
3454
3450
3444
3441
3338
3339
3342
3343
3328
3335
3369
3370
3363
3386
3390
3378
