956
958
952
953
954
955
948
949
944
945
946
947
940
943
942
937
939
938
933
935
934
929
928
930
926
927
924
925
922
920
918
919
916
917
915
912
911
910
909
908
906
905
904
903
902
901
900
899
898
1016
1017
1018
1019
1020
1021
1022
1008
1009
1010
1011
1012
1013
1014
1015
1001
1000
1005
1004
1007
1006
993
992
995
997
996
999
998
987
985
990
991
988
989
978
979
976
982
983
981
971
970
968
974
972
963
961
960
967
964
1102
1103
1096
1098
1099
1092
1094
1089
1090
1117
1116
1119
1118
1113
1112
1115
1114
1109
1108
1111
1105
1107
1106
1134
1135
1132
1133
1131
1128
1129
1126
1124
1125
1123
1120
1121
1150
1149
1148
1147
1146
1145
1144
1143
1141
1139
1032
1033
1035
1025
1026
1028
1029
1030
1031
1048
1051
1050
1053
1052
1043
1045
1044
1046
1066
1067
1065
1070
1071
1068
1069
1058
1059
1056
1063
1060
1061
1083
1080
1087
1085
1075
1074
1073
1072
1079
1077
1076
1221
1220
1223
1222
1217
1216
1219
1218
1229
1231
1225
1224
1227
1226
1236
1237
1239
1232
1233
1234
1244
1245
1246
1247
1240
1241
1242
1243
1250
1249
1248
1270
1278
1279
1276
1277
1274
1275
1272
1153
1152
1154
1156
1158
1161
1163
1162
1165
1166
1169
1170
1171
1172
1173
1174
1177
1178
1179
1181
1182
1183
1185
1191
1190
1189
1188
1195
1194
1193
1198
1197
1196
1202
1203
1200
1201
1206
1204
1211
1208
1209
1215
1212
1213
1405
1407
1406
1400
1403
1402
1399
1306
1305
1304
1311
1309
1308
1299
1298
1297
1296
1303
1302
1301
1300
1290
1291
1288
1294
1293
1282
1280
1284
1320
1321
1322
1323
1313
1314
1315
1316
1317
1318
1319
1494
1495
1492
1493
1490
1491
1488
1503
1500
1501
1499
1496
1479
1477
1475
1474
1473
1487
1485
1483
1480
1524
1525
1527
1521
1522
1523
1532
1534
1535
1528
1529
1530
1531
1509
1508
1505
1504
1507
1506
1517
1516
1519
1518
1513
1514
1427
1424
1430
1431
1429
1434
1435
1432
1433
1438
1436
1437
1410
1415
1414
1413
1416
1421
1456
1458
1459
1462
1463
1465
1467
1470
1471
1441
1440
1443
1442
1445
1444
1446
1449
1451
1450
1453
1452
1454
1548
1549
1550
1551
1544
1545
1546
1547
1540
1541
1542
1543
1537
1538
1539
1557
1556
1553
1552
1555
1554
1763
1762
1760
1767
1766
1764
1771
1770
1768
1775
1773
1772
1779
1776
1777
1782
1783
1780
1781
1786
1787
1790
1791
1789
1729
1731
1730
1733
1732
1734
1736
1739
1738
1741
1740
1743
1742
1745
1748
1749
1750
1751
1752
1753
1756
1757
1758
1703
1702
1698
1697
1696
1710
1708
1706
1705
1704
1719
1716
1717
1714
1715
1712
1713
1726
1727
1724
1725
1721
1677
1676
1679
1678
1672
1675
1674
1684
1686
1687
1680
1681
1682
1683
1692
1693
1695
1688
1689
1912
1914
1917
1919
1918
1904
1907
1909
1908
1911
1910
1902
1903
1883
1880
1887
1886
1885
1884
1875
1874
1872
1879
1878
1877
1876
1866
1864
1870
1871
1868
1869
1858
1856
1857
1862
1863
1852
1855
1848
1850
1845
1841
1840
1837
1838
1839
1835
1828
1829
1830
1831
1824
1825
1826
1827
1822
1821
1819
1817
1816
1815
1813
1812
1811
1810
1809
1808
1806
1807
1804
1802
1803
1800
1801
1799
1796
1797
1795
1792
1793
2032
2034
2035
2036
2037
2038
2039
2040
2042
2043
2045
2046
2019
2018
2021
2023
2025
2024
2027
2026
2029
2028
2030
2000
2006
2007
2010
2008
2009
2014
2012
2013
1987
1986
1985
1990
1989
1995
1992
1999
1998
1997
1996
1972
1973
1969
1970
1971
1980
1981
1982
1983
1976
1978
1979
1956
1958
1953
1955
1954
1965
1967
1966
1961
1962
1942
1943
1940
1938
1939
1936
1937
1950
1951
1948
1949
1947
1945
1927
1926
1925
1924
1922
1921
1920
1935
1934
1933
1931
1930
1929
1928
2200
2202
2203
2206
2192
2193
2194
2196
2197
2198
2199
2185
2184
2186
2189
2188
2191
2190
2179
2181
2180
2182
2234
2235
2232
2238
2237
2226
2227
2224
2225
2230
2231
2229
2219
2218
2217
2216
2223
2222
2221
2209
2208
2215
2214
2213
2212
2269
2270
2271
2264
2265
2266
2260
2261
2263
2256
2258
2259
2253
2252
2255
2254
2249
2250
2244
2247
2246
2241
2240
2243
2242
2302
2303
2300
2301
2298
2299
2296
2297
2294
2292
2293
2290
2291
2286
2285
2284
2283
2282
2279
2277
2276
2275
2274
2272
2064
2069
2070
2073
2072
2075
2079
2078
2048
2050
2051
2052
2053
2054
2055
2057
2058
2059
2061
2062
2063
2107
2106
2105
2104
2111
2110
2109
2082
2083
2080
2081
2084
2133
2135
2134
2128
2131
2130
2141
2142
2137
2136
2139
2116
2119
2112
2113
2124
2125
2127
2120
2121
2122
2123
2166
2165
2164
2163
2162
2161
2160
2175
2173
2172
2171
2170
2169
2168
2150
2151
2148
2149
2146
2147
2144
2158
2159
2156
2154
2155
2152
2153
2810
2808
2809
2813
2802
2803
2800
2801
2806
2805
2794
2792
2799
2798
2797
2787
2786
2785
2784
2791
2790
2789
2788
2776
2777
2778
2779
2781
2768
2770
2771
2772
2774
2761
2760
2765
2764
2767
2766
2755
2754
2757
2759
2615
2613
2611
2610
2609
2608
2623
2622
2616
2675
2673
2672
2679
2677
2676
2683
2682
2681
2680
2685
2684
2658
2659
2662
2663
2660
2666
2667
2664
2665
2671
2668
2669
2643
2642
2645
2644
2647
2649
2653
2652
2655
2654
2624
2625
2627
2628
2629
2631
2632
2633
2634
2635
2636
2637
2639
2990
2985
2987
2981
2980
2982
2979
2978
3006
3007
3000
3001
3002
2996
2997
2998
2999
2992
2993
2994
2995
2959
2958
2957
2953
2951
2950
2946
2945
2944
2974
2975
2972
2970
2971
2969
2966
2967
2965
2962
2963
2960
2961
3049
3050
3053
3052
3055
3054
3041
3043
3045
3044
3046
3064
3066
3056
3061
3062
3063
3019
3018
3017
3023
3022
3020
3008
3015
3014
3013
3012
3034
3035
3032
3038
3039
3036
3037
3026
3027
3024
3025
3031
3028
2853
2854
2855
2848
2850
2860
2861
2862
2863
2856
2858
2859
2869
2868
2871
2870
2865
2864
2867
2866
2877
2876
2879
2878
2873
2875
2874
2822
2820
2821
2818
2819
2830
2831
2826
2824
2825
2839
2838
2837
2836
2835
2834
2832
2847
2846
2845
2844
2843
2842
2841
2840
2912
2913
2915
2918
2920
2921
2922
2925
2926
2927
2929
2928
2931
2935
2934
2937
2936
2939
2938
2941
2940
2882
2880
2887
2884
2885
2891
2888
2894
2892
2893
2899
2898
2897
2896
2903
2902
2900
2907
2905
2904
2911
2910
3285
3287
3281
3282
3283
3293
3294
3295
3289
3290
3291
3318
3316
3317
3314
3315
3312
3313
3327
3323
3320
3321
3303
3300
3299
3298
3297
3296
3310
3307
3306
3305
3304
3526
3524
3523
3522
3521
3520
3535
3534
3533
3532
3531
3530
3529
3528
3536
3537
3459
3458
3456
3463
3462
3461
3460
3466
3465
3464
3470
3468
3474
3475
3472
3473
3479
3477
3482
3480
3486
3487
3484
3485
3488
3490
3493
3492
3495
3494
3497
3499
3498
3501
3500
3503
3502
3504
3505
3506
3507
3508
3509
3510
3511
3512
3513
3514
3515
3516
3517
3518
3519
3406
3407
3402
3403
3400
3401
3398
3399
3396
3397
3394
3395
3392
3423
3421
3418
3416
3415
3412
3411
3410
3408
3436
3437
3438
3433
3434
3435
3428
3430
3431
3424
3425
3427
3453
3452
3455
3454
3449
3448
3451
3450
3444
3447
3441
3440
3443
3442
3338
3339
3337
3342
3343
3341
3331
3328
3329
3334
3335
3333
3353
3352
3359
3357
3347
3345
3351
3350
3349
3348
3368
3369
3372
3374
3362
3363
3364
3366
3367
3385
3387
3386
3389
3388
3391
3390
3376
3378
3381
3383
3382
