956
958
953
954
955
948
949
950
951
944
945
946
940
943
942
937
936
938
933
932
935
934
929
928
930
926
927
924
922
923
920
916
917
915
912
911
910
908
906
905
904
903
902
901
900
899
1016
1017
1018
1019
1020
1021
1022
1023
1009
1011
1012
1013
1014
1001
1000
1003
1002
1005
1007
1006
993
995
994
997
996
999
998
986
987
984
985
990
988
989
978
982
983
980
981
971
970
968
975
974
962
961
960
967
966
965
1100
1102
1103
1096
1097
1098
1099
1092
1093
1095
1088
1089
1090
1091
1117
1116
1119
1118
1113
1112
1109
1108
1111
1110
1106
1134
1135
1132
1130
1131
1128
1126
1127
1124
1125
1122
1123
1120
1151
1150
1148
1147
1145
1144
1143
1141
1140
1139
1138
1136
1032
1033
1035
1037
1038
1024
1025
1028
1029
1031
1049
1050
1053
1052
1055
1054
1040
1043
1045
1044
1046
1066
1070
1068
1058
1059
1056
1057
1063
1060
1061
1081
1080
1087
1086
1085
1072
1079
1078
1077
1221
1220
1223
1222
1216
1219
1218
1229
1228
1231
1230
1225
1224
1227
1236
1237
1238
1239
1232
1233
1234
1235
1246
1247
1240
1241
1242
1243
1250
1249
1248
1271
1278
1279
1276
1274
1275
1273
1153
1152
1155
1154
1157
1158
1161
1163
1162
1165
1167
1166
1168
1169
1170
1171
1172
1177
1181
1182
1183
1186
1185
1184
1191
1190
1189
1188
1195
1194
1199
1197
1196
1203
1200
1201
1206
1207
1205
1210
1211
1208
1209
1214
1212
1213
1404
1406
1401
1400
1403
1402
1399
1306
1304
1311
1309
1308
1299
1298
1297
1303
1300
1290
1288
1293
1282
1283
1281
1286
1284
1285
1321
1322
1323
1312
1313
1314
1316
1318
1319
1494
1495
1492
1493
1490
1488
1502
1503
1500
1501
1498
1496
1497
1479
1478
1477
1476
1475
1474
1473
1472
1487
1486
1485
1484
1483
1482
1481
1480
1524
1526
1527
1520
1521
1522
1523
1532
1533
1534
1535
1528
1529
1530
1531
1509
1508
1511
1505
1504
1506
1517
1516
1519
1518
1513
1512
1514
1426
1424
1425
1430
1431
1428
1429
1433
1438
1439
1436
1437
1411
1410
1409
1415
1414
1413
1412
1419
1418
1416
1422
1420
1456
1457
1459
1460
1462
1464
1466
1467
1469
1470
1471
1441
1440
1443
1445
1446
1449
1448
1450
1453
1455
1454
1549
1550
1551
1546
1547
1540
1541
1542
1543
1536
1537
1539
1557
1553
1552
1555
1554
1763
1762
1761
1760
1767
1766
1765
1764
1771
1770
1769
1775
1773
1772
1779
1776
1777
1782
1783
1780
1786
1787
1784
1785
1788
1729
1730
1733
1732
1734
1736
1739
1738
1740
1743
1742
1745
1746
1747
1748
1749
1750
1751
1752
1753
1757
1758
1702
1699
1698
1697
1696
1711
1710
1709
1708
1706
1705
1718
1719
1714
1715
1712
1713
1726
1724
1725
1722
1720
1721
1677
1676
1679
1673
1675
1674
1684
1686
1687
1680
1681
1682
1683
1692
1693
1694
1695
1688
1690
1913
1912
1915
1914
1917
1919
1918
1907
1906
1909
1908
1910
1902
1903
1883
1881
1880
1887
1886
1885
1875
1874
1872
1879
1878
1877
1876
1866
1864
1870
1868
1869
1858
1856
1857
1862
1863
1860
1852
1855
1848
1851
1850
1845
1846
1841
1840
1837
1838
1839
1833
1834
1835
1828
1829
1830
1831
1824
1825
1823
1822
1821
1819
1818
1817
1816
1815
1813
1812
1810
1808
1806
1802
1801
1798
1799
1796
1797
1794
1795
1792
1793
2034
2035
2036
2037
2038
2039
2040
2042
2043
2044
2045
2046
2019
2018
2021
2020
2023
2022
2024
2026
2028
2031
2030
2002
2003
2001
2006
2007
2010
2011
2009
2014
2015
2012
2013
1987
1986
1985
1984
1990
1989
1988
1995
1992
1999
1996
1972
1973
1975
1969
1971
1980
1981
1982
1983
1976
1978
1979
1957
1956
1958
1954
1965
1964
1967
1966
1961
1963
1962
1942
1943
1940
1941
1938
1939
1936
1937
1948
1926
1925
1924
1923
1920
1935
1934
1933
1932
1931
1930
1929
2200
2201
2202
2203
2204
2207
2192
2193
2194
2195
2196
2198
2199
2185
2184
2187
2186
2189
2188
2191
2190
2179
2178
2181
2180
2234
2235
2232
2233
2238
2237
2226
2227
2224
2225
2230
2231
2228
2229
2219
2218
2217
2223
2222
2221
2211
2208
2215
2214
2213
2212
2268
2270
2271
2264
2265
2266
2267
2260
2262
2263
2256
2257
2258
2259
2253
2255
2249
2248
2251
2250
2245
2244
2247
2246
2241
2240
2243
2242
2302
2303
2300
2301
2299
2296
2297
2294
2295
2292
2293
2291
2289
2286
2285
2284
2283
2281
2279
2277
2276
2275
2274
2272
2064
2067
2069
2071
2070
2073
2072
2075
2079
2048
2049
2050
2051
2052
2053
2054
2055
2057
2058
2059
2060
2061
2062
2063
2107
2106
2105
2104
2111
2109
2082
2083
2081
2133
2132
2135
2134
2128
2131
2130
2141
2140
2143
2142
2137
2136
2116
2117
2118
2119
2112
2113
2114
2115
2124
2127
2120
2121
2122
2167
2165
2164
2162
2161
2160
2175
2173
2171
2170
2169
2168
2151
2147
2144
2145
2159
2156
2154
2152
2153
2810
2811
2808
2809
2815
2802
2803
2800
2801
2806
2804
2795
2793
2792
2798
2796
2785
2784
2790
2789
2777
2778
2780
2783
2770
2771
2772
2773
2775
2761
2760
2762
2765
2764
2767
2766
2755
2754
2756
2759
2758
2613
2612
2611
2609
2622
2621
2620
2619
2616
2673
2672
2679
2678
2683
2681
2687
2685
2684
2659
2657
2662
2663
2660
2661
2666
2664
2670
2671
2668
2669
2641
2643
2645
2644
2647
2646
2648
2653
2652
2654
2624
2626
2628
2629
2630
2631
2632
2633
2634
2635
2636
2637
2639
2990
2985
2984
2987
2986
2981
2982
2977
2976
2979
2978
3006
3007
3000
3001
3002
2996
2997
2998
2999
2992
2993
2995
2959
2957
2953
2952
2951
2950
2947
2946
2944
2974
2975
2972
2973
2970
2971
2968
2966
2967
2965
2962
2963
2960
2961
3049
3050
3053
3052
3054
3041
3040
3043
3042
3045
3044
3047
3064
3066
3056
3058
3059
3060
3062
3063
3018
3017
3023
3021
3020
3011
3010
3008
3015
3014
3013
3012
3034
3035
3032
3038
3039
3037
3026
3027
3024
3031
3028
2852
2853
2855
2848
2849
2850
2851
2861
2862
2863
2856
2857
2858
2859
2871
2870
2865
2864
2867
2866
2876
2879
2878
2872
2875
2822
2823
2820
2821
2818
2819
2830
2826
2824
2825
2839
2838
2836
2834
2833
2847
2846
2845
2843
2841
2840
2912
2913
2915
2916
2918
2919
2920
2921
2923
2924
2926
2927
2929
2928
2931
2932
2935
2936
2939
2938
2941
2940
2943
2882
2880
2881
2886
2887
2884
2885
2890
2888
2889
2894
2895
2892
2899
2898
2903
2902
2901
2906
2905
2910
3286
3281
3282
3283
3292
3294
3288
3318
3316
3317
3314
3315
3312
3313
3324
3325
3322
3323
3320
3321
3303
3302
3301
3300
3298
3297
3296
3311
3310
3309
3307
3306
3305
3304
3527
3526
3525
3523
3522
3520
3535
3534
3533
3532
3530
3528
3536
3537
3459
3457
3456
3463
3461
3460
3466
3465
3464
3471
3470
3468
3474
3475
3472
3479
3477
3482
3483
3486
3487
3484
3485
3488
3491
3490
3493
3495
3497
3496
3499
3498
3501
3500
3503
3502
3505
3506
3507
3508
3509
3510
3511
3512
3513
3514
3515
3516
3517
3518
3519
3406
3407
3404
3405
3402
3403
3400
3401
3398
3396
3397
3394
3395
3392
3393
3422
3419
3418
3416
3415
3411
3410
3409
3408
3436
3437
3438
3432
3433
3434
3435
3428
3429
3430
3431
3424
3427
3453
3452
3455
3454
3449
3451
3450
3444
3447
3446
3441
3442
3338
3339
3336
3342
3340
3341
3330
3331
3328
3329
3333
3354
3353
3352
3359
3358
3347
3346
3345
3351
3349
3348
3369
3370
3373
3375
3361
3363
3365
3366
3367
3385
3384
3386
3389
3391
3390
3377
3376
3378
3381
3380
3383
3382
