955
950
940
934
910
906
900
1016
1017
1021
1011
1012
996
998
991
968
967
965
964
1092
1094
1095
1119
1113
1112
1108
1111
1107
1134
1126
1127
1122
1120
1151
1136
1025
1049
1052
1041
1047
1066
1070
1069
1058
1080
1087
1086
1075
1229
1226
1236
1247
1274
1155
1156
1161
1162
1164
1167
1170
1178
1179
1180
1184
1191
1189
1195
1194
1210
1212
1296
1288
1289
1292
1283
1286
1285
1318
1489
1498
1496
1474
1473
1532
1533
1534
1528
1508
1427
1430
1432
1433
1439
1408
1415
1414
1412
1463
1465
1470
1442
1451
1453
1452
1454
1549
1544
1540
1543
1556
1766
1765
1770
1773
1788
1732
1739
1738
1740
1745
1703
1699
1697
1711
1707
1676
1685
1680
1911
1902
1882
1866
1865
1870
1857
1860
1855
1854
1848
1846
1838
1828
1830
1827
1809
1805
1801
1799
1796
1795
2038
2047
2017
2019
2024
2030
2000
2006
2015
1984
1990
1988
1975
1971
1981
1976
1979
1959
1953
1966
1962
1940
1941
1938
1937
1951
1944
1925
1923
1935
1934
1931
2202
2203
2206
2196
2189
2179
2178
2234
2239
2230
2231
2210
2264
2265
2267
2257
2259
2253
2245
2246
2240
2302
2296
2292
2293
2285
2280
2279
2277
2272
2075
2077
2060
2109
2142
2139
2125
2167
2162
2175
2150
2151
2147
2156
2800
2806
2793
2799
2796
2781
2783
2773
2775
2763
2762
2765
2615
2610
2608
2678
2677
2685
2657
2660
2667
2664
2643
2648
2654
2635
2637
2984
2996
2998
2995
2950
2944
2975
2966
2963
2960
3043
3042
3045
3063
3019
3016
3020
3033
3027
3028
3029
2852
2853
2855
2857
2821
2824
2825
2834
2845
2912
2922
2923
2929
2928
2936
2880
2888
2910
3284
3318
3316
3313
3321
3303
3296
3311
3305
3521
3520
3537
3459
3463
3460
3465
3468
3479
3486
3487
3489
3488
3496
3500
3512
3514
3405
3403
3400
3399
3395
3418
3411
3438
3432
3434
3429
3424
3453
3451
3339
3336
3343
3341
3331
3354
3359
3349
3348
3372
3373
3375
