956
958
952
953
955
948
949
950
951
945
946
947
943
942
936
939
938
933
935
934
929
928
930
927
924
925
922
923
920
918
919
917
915
912
911
910
909
908
907
906
905
904
901
899
898
1016
1017
1019
1021
1022
1023
1009
1010
1012
1013
1001
1003
1002
1004
1007
1006
993
992
995
986
987
991
979
976
982
971
970
968
975
974
973
962
961
960
967
965
964
1100
1101
1096
1097
1098
1099
1092
1093
1094
1095
1088
1090
1091
1117
1116
1118
1112
1115
1114
1109
1108
1111
1110
1105
1104
1106
1134
1132
1131
1128
1129
1126
1127
1124
1125
1122
1123
1120
1121
1151
1150
1149
1148
1147
1146
1143
1142
1141
1140
1139
1138
1137
1136
1032
1033
1034
1035
1036
1037
1038
1039
1024
1025
1026
1027
1028
1029
1048
1051
1050
1052
1055
1054
1041
1043
1042
1045
1066
1067
1064
1065
1070
1071
1068
1069
1059
1056
1057
1063
1060
1061
1083
1081
1080
1086
1085
1084
1075
1074
1073
1072
1079
1078
1221
1220
1223
1222
1217
1216
1219
1218
1229
1228
1231
1230
1225
1227
1226
1236
1237
1238
1239
1232
1233
1234
1235
1244
1245
1246
1247
1240
1241
1242
1249
1270
1271
1278
1279
1276
1277
1275
1272
1273
1153
1152
1154
1157
1156
1159
1158
1161
1160
1162
1165
1164
1167
1166
1169
1171
1172
1173
1174
1175
1177
1178
1179
1180
1181
1182
1183
1186
1185
1184
1191
1190
1189
1188
1195
1199
1198
1197
1207
1204
1205
1210
1211
1209
1212
1213
1404
1407
1401
1400
1403
1402
1399
1306
1304
1311
1310
1309
1308
1299
1298
1297
1301
1300
1291
1288
1289
1294
1292
1293
1282
1280
1281
1287
1284
1285
1322
1323
1312
1313
1314
1315
1316
1317
1318
1319
1494
1495
1493
1490
1491
1488
1489
1503
1500
1501
1498
1499
1496
1497
1479
1478
1477
1476
1475
1474
1473
1472
1487
1486
1485
1482
1480
1524
1525
1526
1527
1520
1521
1522
1523
1533
1534
1528
1529
1530
1531
1509
1508
1511
1510
1505
1504
1507
1517
1519
1518
1513
1514
1426
1424
1431
1428
1429
1434
1435
1432
1436
1409
1408
1415
1414
1412
1419
1417
1416
1423
1422
1420
1457
1458
1459
1460
1461
1463
1465
1466
1467
1470
1471
1441
1445
1447
1446
1448
1451
1450
1453
1452
1455
1454
1548
1549
1544
1545
1546
1547
1540
1541
1542
1543
1536
1538
1539
1557
1556
1552
1555
1554
1762
1761
1760
1767
1765
1764
1770
1769
1768
1775
1773
1772
1779
1776
1777
1782
1783
1780
1781
1787
1784
1785
1790
1791
1788
1789
1729
1730
1735
1734
1739
1738
1741
1740
1742
1744
1745
1746
1747
1750
1752
1753
1757
1758
1759
1703
1702
1701
1700
1699
1697
1696
1711
1710
1709
1708
1707
1706
1705
1704
1718
1716
1717
1714
1715
1712
1713
1726
1727
1724
1725
1722
1720
1721
1676
1679
1678
1673
1672
1675
1674
1684
1685
1686
1687
1680
1681
1692
1695
1688
1689
1690
1912
1915
1914
1917
1919
1918
1904
1906
1908
1911
1910
1902
1903
1883
1882
1881
1885
1875
1872
1879
1877
1876
1864
1870
1871
1868
1858
1859
1856
1862
1863
1860
1852
1855
1854
1848
1851
1845
1847
1841
1840
1836
1837
1838
1839
1833
1835
1830
1831
1825
1826
1827
1823
1822
1820
1819
1817
1813
1812
1811
1810
1808
1806
1807
1805
1802
1803
1801
1798
1799
1796
1797
1794
1792
1793
2033
2034
2035
2036
2037
2038
2039
2040
2042
2043
2045
2046
2047
2019
2021
2024
2027
2026
2029
2028
2031
2002
2003
2000
2001
2006
2010
2011
2008
2014
2015
2013
1987
1986
1984
1990
1988
1995
1998
1996
1973
1975
1969
1971
1980
1981
1976
1978
1979
1956
1959
1958
1953
1955
1954
1964
1967
1961
1963
1962
1943
1940
1938
1936
1937
1951
1948
1949
1944
1945
1927
1926
1925
1924
1923
1922
1921
1920
1935
1934
1933
1932
1931
1930
1929
1928
2200
2201
2202
2203
2204
2205
2206
2207
2192
2193
2194
2195
2196
2197
2198
2185
2184
2187
2186
2188
2191
2190
2179
2181
2183
2182
2234
2235
2233
2238
2239
2236
2237
2227
2224
2225
2230
2231
2228
2229
2219
2218
2217
2216
2223
2222
2221
2220
2211
2210
2209
2208
2214
2213
2212
2268
2269
2270
2271
2264
2265
2266
2267
2261
2262
2263
2256
2257
2258
2253
2252
2255
2254
2249
2248
2251
2250
2247
2246
2241
2243
2242
2302
2303
2300
2301
2298
2299
2294
2295
2293
2290
2291
2288
2289
2287
2286
2285
2284
2283
2282
2280
2279
2277
2276
2275
2274
2064
2066
2069
2068
2071
2070
2073
2072
2075
2077
2079
2078
2048
2049
2050
2051
2052
2053
2055
2057
2058
2059
2060
2061
2062
2063
2106
2104
2111
2110
2109
2083
2080
2133
2132
2135
2134
2128
2131
2130
2141
2143
2142
2137
2139
2116
2117
2119
2112
2113
2114
2115
2124
2125
2120
2122
2167
2166
2165
2164
2163
2162
2161
2160
2175
2173
2172
2171
2169
2150
2151
2148
2149
2146
2144
2145
2158
2159
2154
2153
2810
2811
2809
2815
2812
2803
2800
2801
2807
2805
2795
2794
2793
2792
2799
2798
2797
2786
2785
2784
2791
2789
2788
2777
2778
2779
2780
2781
2783
2768
2771
2772
2773
2774
2775
2761
2760
2763
2762
2765
2764
2767
2766
2755
2759
2758
2615
2613
2623
2622
2621
2620
2619
2673
2672
2678
2682
2681
2680
2687
2686
2685
2684
2658
2659
2657
2662
2663
2660
2661
2667
2664
2670
2671
2668
2669
2641
2640
2643
2644
2647
2649
2648
2653
2652
2655
2625
2626
2628
2629
2632
2633
2634
2635
2636
2637
2639
2991
2990
2985
2984
2986
2981
2980
2983
2982
2977
2976
2979
3006
3007
3000
3001
3002
2996
2997
2999
2992
2993
2994
2995
2959
2958
2953
2952
2951
2947
2946
2944
2974
2972
2973
2970
2971
2968
2966
2967
2965
2962
2963
2960
3049
3048
3051
3050
3053
3052
3055
3054
3040
3043
3045
3044
3047
3046
3065
3066
3056
3058
3059
3061
3062
3063
3019
3018
3017
3016
3023
3022
3021
3020
3011
3010
3009
3008
3015
3014
3013
3012
3035
3033
3038
3039
3036
3037
3027
3024
3031
3028
3029
2852
2853
2855
2849
2850
2851
2860
2861
2862
2863
2856
2857
2858
2868
2871
2864
2867
2866
2877
2876
2879
2878
2873
2875
2874
2822
2823
2820
2818
2830
2828
2829
2826
2827
2825
2835
2834
2833
2832
2847
2846
2845
2844
2843
2842
2841
2912
2913
2916
2917
2918
2919
2920
2923
2925
2926
2927
2929
2928
2931
2935
2934
2937
2936
2941
2882
2883
2880
2881
2886
2887
2884
2885
2890
2888
2889
2894
2892
2899
2897
2903
2902
2901
2907
2906
2905
2904
2911
2910
3284
3285
3286
3282
3283
3292
3293
3288
3318
3317
3314
3315
3312
3313
3325
3322
3320
3303
3300
3299
3298
3297
3311
3309
3307
3306
3305
3304
3526
3525
3523
3522
3521
3520
3535
3534
3531
3528
3536
3537
3459
3458
3457
3456
3463
3462
3461
3460
3465
3471
3470
3468
3474
3475
3472
3473
3478
3479
3477
3482
3483
3480
3486
3487
3484
3485
3489
3488
3491
3494
3496
3498
3501
3500
3502
3505
3506
3507
3508
3509
3510
3511
3512
3513
3516
3517
3518
3519
3406
3407
3404
3405
3402
3403
3400
3398
3399
3396
3397
3394
3395
3392
3421
3419
3418
3416
3415
3412
3411
3410
3437
3432
3434
3435
3428
3430
3424
3425
3427
3453
3452
3455
3454
3449
3448
3451
3450
3445
3444
3447
3446
3441
3440
3443
3338
3339
3336
3337
3342
3343
3340
3330
3328
3334
3333
3354
3352
3359
3358
3357
3347
3346
3345
3344
3350
3349
3348
3368
3369
3370
3372
3373
3374
3375
3360
3361
3362
3363
3365
3366
3367
3384
3387
3386
3389
3388
3391
3390
3376
3378
3381
3380
3383
3382
