952
950
951
944
945
946
940
937
936
934
922
918
915
907
903
1022
1011
1014
1015
1003
997
991
979
982
983
961
960
1098
1088
1089
1115
1111
1135
1131
1151
1143
1024
1025
1055
1045
1064
1086
1075
1218
1224
1246
1247
1243
1278
1277
1153
1154
1157
1165
1168
1171
1177
1187
1191
1189
1195
1196
1403
1306
1311
1296
1288
1294
1292
1287
1314
1319
1495
1490
1501
1497
1475
1482
1481
1523
1532
1510
1516
1518
1513
1439
1412
1417
1416
1421
1420
1457
1467
1469
1449
1451
1551
1547
1540
1555
1760
1765
1771
1768
1772
1786
1790
1791
1729
1731
1730
1735
1736
1752
1756
1696
1709
1706
1720
1672
1686
1683
1694
1917
1918
1907
1909
1902
1884
1879
1868
1862
1863
1855
1847
1837
1834
1824
1827
1821
1819
1813
1812
1805
1800
1797
2037
2018
2020
2026
2029
2006
2009
2012
1986
1985
1997
1996
1979
1956
1940
1941
1938
1939
1948
1925
1924
1921
1935
1933
2185
2178
2182
2233
2238
2230
2271
2264
2253
2248
2251
2245
2240
2303
2300
2301
2296
2288
2286
2284
2283
2272
2075
2077
2050
2054
2057
2107
2105
2135
2143
2139
2117
2119
2115
2121
2166
2172
2149
2158
2154
2155
2813
2801
2792
2788
2780
2782
2774
2763
2765
2767
2759
2613
2610
2673
2676
2680
2662
2660
2668
2669
2641
2645
2646
2649
2648
2625
2628
2633
2635
2639
2981
2978
3007
3000
2998
2993
2959
2958
2973
2970
2962
3053
3040
3042
3044
3064
3062
3018
3022
3011
3012
3026
3031
3029
2854
2855
2848
2850
2860
2861
2859
2865
2874
2822
2817
2831
2825
2838
2836
2846
2843
2840
2912
2918
2919
2923
2925
2931
2935
2934
2941
2881
2885
2890
2899
2898
2896
2906
2904
2910
3281
3295
3312
3325
3301
3297
3309
3523
3534
3532
3536
3459
3456
3465
3464
3471
3482
3485
3488
3495
3506
3508
3510
3512
3400
3396
3392
3422
3421
3418
3415
3408
3437
3428
3424
3425
3455
3449
3336
3330
3331
3359
3373
3374
3363
3384
3386
3388
3391
3390
3377
