956
952
954
948
944
943
942
934
927
918
919
915
912
905
901
1017
1018
1011
1002
1007
985
980
1101
1094
1089
1118
1108
1106
1134
1133
1130
1126
1127
1151
1150
1143
1142
1032
1038
1027
1028
1029
1050
1053
1055
1040
1064
1079
1078
1219
1218
1225
1239
1235
1244
1240
1249
1270
1271
1273
1153
1152
1155
1156
1158
1161
1166
1174
1175
1179
1181
1184
1189
1195
1201
1206
1209
1214
1404
1400
1403
1311
1287
1284
1285
1322
1312
1315
1316
1496
1475
1474
1472
1487
1485
1483
1482
1524
1526
1529
1509
1516
1519
1512
1429
1433
1438
1439
1421
1459
1465
1451
1550
1547
1537
1538
1553
1552
1554
1762
1771
1777
1783
1781
1786
1787
1784
1791
1729
1730
1737
1741
1743
1742
1744
1746
1747
1702
1715
1712
1679
1686
1687
1682
1694
1688
1915
1910
1902
1882
1881
1880
1886
1875
1878
1876
1870
1858
1856
1862
1852
1855
1848
1851
1847
1836
1837
1839
1831
1825
1823
1810
1806
1802
1798
1799
1797
1794
1793
2032
2039
2022
2027
2029
2003
2001
2012
1989
1995
1997
1973
1978
1958
1955
1963
1962
1943
1949
1925
1933
2203
2204
2192
2193
2196
2199
2185
2186
2191
2181
2182
2236
2226
2225
2231
2217
2222
2221
2211
2264
2267
2263
2259
2300
2294
2287
2286
2284
2069
2071
2077
2079
2048
2057
2059
2107
2104
2082
2083
2081
2133
2135
2131
2143
2117
2115
2127
2173
2156
2157
2155
2808
2809
2815
2807
2795
2798
2797
2789
2771
2772
2773
2775
2763
2762
2764
2759
2613
2611
2677
2683
2682
2664
2648
2652
2655
2624
2626
2628
2630
2631
2632
2636
2639
2989
2987
3006
3007
3000
2993
2995
2958
2944
2968
2969
2967
2963
3049
3048
3043
3042
3056
3018
3020
3012
3038
3039
3036
3028
2848
2851
2865
2866
2877
2872
2875
2874
2839
2847
2846
2921
2939
2940
2883
2886
2884
2894
2892
2893
2903
3284
3286
3282
3293
3295
3290
3291
3317
3312
3323
3303
3302
3298
3309
3527
3526
3535
3458
3461
3471
3470
3475
3480
3487
3499
3501
3508
3509
3514
3403
3419
3417
3409
3428
3450
3445
3447
3329
3334
3368
3388
