952
947
939
931
925
918
919
909
907
1008
1010
1015
1004
992
991
979
976
973
972
963
964
1101
1115
1114
1105
1104
1107
1133
1129
1121
1149
1137
1034
1036
1039
1026
1027
1030
1048
1041
1042
1047
1067
1064
1065
1071
1069
1083
1082
1084
1074
1076
1217
1226
1244
1245
1270
1277
1272
1160
1164
1173
1174
1175
1176
1179
1180
1187
1193
1198
1202
1204
1215
1405
1407
1305
1310
1296
1302
1291
1289
1294
1295
1280
1287
1320
1315
1317
1491
1489
1499
1525
1510
1434
1435
1408
1423
1421
1458
1461
1463
1465
1442
1444
1447
1451
1452
1548
1544
1545
1538
1556
1768
1781
1790
1789
1731
1735
1737
1741
1744
1759
1703
1701
1700
1707
1704
1716
1727
1678
1672
1685
1689
1691
1904
1911
1882
1884
1865
1871
1859
1854
1836
1826
1827
1820
1811
1809
1807
1804
1805
1803
1800
2032
2033
2047
2017
2025
2027
2029
2000
2008
1998
1997
1970
1959
1950
1951
1949
1947
1944
1945
1927
1922
1921
1928
2205
2197
2183
2182
2239
2236
2220
2269
2261
2252
2254
2298
2290
2288
2287
2282
2280
2066
2068
2077
2080
2084
2139
2125
2123
2166
2163
2172
2150
2148
2149
2146
2158
2157
2155
2812
2813
2807
2805
2794
2799
2797
2787
2786
2791
2788
2776
2779
2781
2782
2768
2774
2763
2757
2615
2610
2608
2623
2675
2677
2676
2682
2680
2686
2658
2667
2640
2642
2649
2625
2627
2989
2991
2980
2994
2958
2945
2969
3048
3051
3055
3046
3061
3019
3022
3009
3033
3036
3025
3030
3029
2854
2860
2869
2868
2877
2874
2817
2828
2829
2827
2837
2835
2844
2842
2922
2925
2937
2883
2891
2893
2897
2896
2907
2904
2911
3284
3285
3293
3295
3289
3290
3291
3327
3299
3524
3521
3531
3529
3458
3462
3473
3478
3480
3481
3489
3494
3504
3399
3423
3421
3417
3412
3425
3448
3445
3440
3443
3337
3343
3334
3335
3357
3344
3350
3368
3374
3360
3364
3387
3388
