952
954
943
938
932
931
923
911
903
1019
1008
1009
1013
1006
978
983
970
967
966
965
1098
1099
1095
1119
1112
1115
1127
1141
1136
1035
1037
1029
1050
1052
1066
1069
1059
1083
1084
1075
1074
1076
1223
1216
1231
1230
1227
1238
1248
1276
1277
1272
1178
1180
1182
1184
1190
1194
1203
1209
1215
1212
1399
1306
1311
1291
1294
1293
1281
1285
1323
1313
1490
1502
1503
1500
1497
1475
1472
1483
1532
1534
1511
1507
1517
1424
1425
1434
1433
1414
1413
1416
1456
1459
1462
1467
1468
1470
1443
1448
1452
1547
1536
1537
1767
1765
1768
1784
1788
1731
1733
1732
1737
1741
1740
1753
1759
1700
1696
1709
1715
1712
1727
1720
1672
1675
1674
1683
1692
1688
1918
1907
1908
1911
1882
1864
1870
1868
1869
1857
1840
1838
1833
1825
1826
1827
1816
1815
1813
1811
1802
1796
2037
2021
2023
2031
2009
2014
2013
1970
1978
1958
1964
1967
1938
1951
1927
1926
1920
1931
2205
2185
2184
2178
2236
2237
2219
2218
2222
2270
2261
2263
2244
2246
2241
2290
2285
2275
2064
2066
2069
2068
2071
2073
2048
2050
2134
2141
2143
2114
2124
2120
2121
2164
2169
2148
2156
2154
2808
2809
2802
2800
2794
2793
2792
2791
2790
2776
2777
2779
2783
2768
2760
2764
2755
2759
2615
2611
2608
2622
2678
2686
2661
2671
2625
2629
2635
2636
2637
2987
2983
2977
2953
2946
2973
2966
2965
3050
3053
3052
3055
3042
3044
3060
3018
3023
3015
3033
3025
3031
3028
2851
2860
2862
2857
2866
2817
2831
2827
2824
2839
2847
2845
2843
2915
2920
2921
2922
2924
2925
2926
2931
2932
2935
2937
2943
2881
2887
2884
2897
2910
3289
3318
3315
3322
3300
3307
3522
3520
3535
3533
3456
3462
3466
3470
3474
3480
3486
3489
3499
3501
3504
3400
3401
3394
3392
3419
3416
3408
3436
3433
3454
3448
3329
3370
3360
3362
3366
3377
3380
