956
948
935
920
910
907
906
901
898
1020
1023
1010
1011
1014
1000
985
981
963
967
1102
1092
1091
1113
1112
1111
1110
1107
1133
1128
1129
1124
1148
1143
1139
1136
1034
1037
1024
1026
1049
1053
1042
1045
1044
1046
1065
1057
1082
1081
1074
1072
1079
1220
1216
1225
1234
1247
1241
1278
1276
1274
1154
1163
1169
1170
1185
1191
1193
1203
1205
1210
1208
1405
1404
1407
1403
1308
1301
1290
1289
1280
1284
1320
1321
1495
1493
1490
1500
1499
1496
1477
1486
1485
1481
1509
1508
1519
1518
1514
1429
1434
1438
1439
1418
1423
1420
1459
1469
1451
1452
1545
1536
1537
1539
1557
1556
1762
1773
1776
1788
1789
1737
1739
1740
1748
1749
1758
1703
1700
1697
1705
1718
1719
1714
1715
1712
1722
1679
1678
1674
1685
1682
1692
1688
1907
1911
1883
1877
1869
1859
1855
1854
1848
1851
1846
1829
1830
1820
1818
1816
1813
1803
1799
1794
2035
2010
2014
1998
1973
1983
1978
1979
1957
1956
1967
1966
1961
1963
1943
1941
1936
1924
1920
1934
1930
2203
2206
2207
2192
2197
2185
2189
2181
2180
2233
2224
2231
2228
2221
2208
2214
2269
2266
2260
2255
2242
2303
2288
2287
2285
2284
2283
2281
2280
2275
2070
2078
2051
2052
2053
2054
2080
2135
2128
2136
2124
2125
2121
2123
2161
2171
2150
2151
2156
2157
2802
2801
2790
2776
2780
2770
2771
2764
2757
2612
2608
2679
2658
2659
2662
2661
2665
2670
2644
2627
2631
2635
2639
2990
2982
2979
2978
2999
2951
2944
2969
2967
3049
3052
3040
3065
3059
3017
3023
3022
3015
3034
3035
3033
3028
3029
2857
2868
2871
2876
2818
2827
2825
2835
2840
2912
2928
2934
2939
2894
2895
2898
2896
2903
2907
2905
2904
2910
3286
3293
3290
3318
3316
3324
3323
3321
3298
3296
3527
3532
3536
3460
3471
3477
3484
3489
3491
3498
3500
3503
3504
3509
3516
3407
3395
3393
3412
3432
3430
3424
3450
3444
3443
3342
3343
3340
3335
3353
3352
3359
3357
3351
3348
3368
3373
3360
3384
