953
954
947
940
937
918
919
915
912
907
1009
1010
1014
1015
1001
1000
1003
1004
997
996
999
990
978
982
983
970
968
961
1101
1094
1095
1091
1119
1115
1110
1132
1133
1124
1122
1150
1149
1148
1142
1139
1137
1136
1024
1054
1045
1064
1065
1071
1058
1059
1082
1080
1085
1078
1223
1219
1237
1239
1154
1160
1165
1170
1173
1178
1187
1185
1184
1195
1214
1401
1305
1298
1297
1301
1289
1292
1293
1281
1286
1322
1313
1317
1492
1491
1489
1503
1500
1475
1474
1486
1482
1481
1525
1523
1531
1509
1426
1435
1437
1411
1414
1413
1421
1458
1462
1463
1464
1467
1471
1453
1454
1548
1549
1556
1769
1732
1735
1734
1738
1741
1744
1751
1703
1697
1706
1715
1724
1677
1672
1680
1681
1688
1912
1904
1908
1911
1875
1877
1868
1856
1857
1855
1845
1847
1846
1841
1838
1829
1830
1831
1825
1822
1820
1819
1818
1816
1812
1803
1800
1794
1795
1792
1793
2032
2036
2042
2045
2025
2003
2010
2011
2009
1990
1988
1995
1992
1999
1996
1980
1981
1964
1940
1939
1951
1944
1923
1933
1930
1928
2201
2205
2197
2185
2191
2180
2239
2227
2217
2220
2211
2263
2249
2247
2241
2242
2296
2297
2294
2289
2281
2279
2272
2067
2069
2049
2052
2080
2084
2128
2141
2140
2139
2119
2160
2144
2155
2810
2803
2800
2795
2794
2778
2772
2765
2754
2757
2759
2758
2621
2620
2686
2659
2657
2664
2648
2653
2655
2631
2632
2984
2987
2982
2976
2997
2952
2951
2946
2970
2969
3056
3061
3062
3018
3021
3012
3032
3038
3024
3029
2853
2871
2865
2867
2866
2879
2823
2821
2817
2831
2847
2919
2924
2925
2943
2891
2895
2899
2896
2902
2911
3285
3287
3288
3290
3291
3318
3317
3315
3324
3322
3323
3320
3298
3296
3307
3525
3532
3531
3529
3528
3537
3459
3457
3462
3471
3470
3483
3480
3489
3490
3504
3505
3507
3508
3510
3518
3406
3405
3399
3397
3429
3449
3450
3444
3441
3336
3342
3331
3352
3358
3370
3361
3381
