958
952
953
955
948
949
951
946
947
940
943
942
936
939
933
932
935
934
929
928
931
930
926
927
922
920
918
917
915
912
911
910
909
907
906
905
904
903
902
901
900
1016
1017
1018
1020
1021
1022
1023
1008
1009
1011
1012
1013
1014
1001
1003
1002
1005
1004
1007
997
996
998
987
985
989
978
979
976
983
980
981
971
970
968
974
973
972
963
962
961
960
967
966
965
964
1100
1102
1103
1096
1097
1098
1099
1092
1095
1088
1089
1091
1118
1113
1112
1115
1114
1108
1111
1110
1105
1104
1107
1106
1134
1135
1132
1128
1129
1126
1127
1124
1125
1122
1120
1121
1151
1149
1148
1147
1146
1145
1143
1142
1141
1140
1139
1138
1137
1032
1033
1034
1035
1037
1038
1039
1024
1025
1026
1028
1049
1048
1051
1053
1052
1055
1054
1041
1040
1043
1042
1045
1044
1047
1046
1066
1067
1064
1070
1071
1068
1058
1059
1056
1057
1063
1060
1061
1083
1082
1081
1080
1087
1086
1085
1084
1075
1073
1079
1078
1077
1076
1221
1220
1222
1219
1229
1228
1231
1225
1224
1226
1236
1237
1238
1239
1232
1233
1235
1244
1245
1246
1243
1250
1249
1248
1270
1271
1278
1279
1276
1274
1275
1273
1157
1156
1159
1158
1161
1160
1163
1162
1165
1164
1167
1166
1168
1169
1170
1172
1173
1174
1175
1176
1177
1178
1179
1180
1181
1183
1187
1186
1185
1191
1190
1188
1195
1194
1193
1199
1198
1197
1196
1202
1203
1201
1206
1204
1210
1211
1208
1209
1214
1215
1213
1405
1404
1407
1406
1401
1306
1305
1310
1309
1308
1299
1298
1297
1303
1302
1301
1290
1291
1288
1294
1292
1293
1280
1281
1286
1287
1320
1321
1322
1323
1312
1313
1314
1315
1316
1318
1319
1494
1495
1492
1493
1490
1491
1488
1489
1503
1500
1501
1498
1496
1497
1479
1476
1474
1473
1486
1484
1483
1482
1481
1524
1525
1526
1527
1522
1523
1533
1534
1535
1529
1531
1508
1511
1505
1507
1506
1517
1516
1519
1518
1513
1514
1426
1424
1425
1430
1431
1428
1432
1433
1438
1439
1436
1437
1411
1410
1409
1408
1415
1414
1413
1412
1419
1417
1423
1422
1421
1458
1460
1461
1463
1464
1465
1466
1467
1469
1470
1441
1443
1442
1445
1444
1447
1446
1449
1448
1451
1450
1453
1452
1455
1548
1549
1550
1551
1544
1545
1546
1540
1541
1542
1543
1536
1537
1538
1557
1556
1553
1555
1554
1762
1766
1765
1764
1771
1770
1769
1768
1773
1772
1779
1776
1777
1783
1780
1786
1787
1784
1785
1791
1789
1730
1733
1735
1734
1737
1739
1738
1741
1743
1742
1744
1745
1746
1747
1748
1749
1750
1751
1753
1756
1757
1759
1702
1701
1698
1696
1710
1709
1707
1706
1705
1704
1718
1719
1717
1714
1715
1712
1726
1727
1724
1725
1722
1720
1677
1676
1679
1678
1673
1672
1675
1674
1684
1685
1686
1680
1681
1682
1683
1692
1693
1694
1695
1688
1689
1691
1913
1912
1915
1917
1919
1918
1904
1907
1906
1908
1910
1902
1883
1882
1881
1880
1887
1875
1874
1879
1878
1877
1866
1864
1871
1868
1869
1858
1859
1856
1857
1862
1863
1860
1852
1855
1854
1848
1851
1850
1845
1846
1841
1840
1836
1837
1838
1839
1833
1834
1835
1828
1829
1830
1825
1826
1827
1823
1821
1819
1818
1816
1813
1812
1811
1809
1806
1807
1804
1805
1802
1803
1800
1801
1798
1796
1797
1794
1793
2032
2033
2035
2036
2037
2039
2044
2047
2017
2019
2018
2021
2020
2023
2022
2027
2029
2028
2031
2030
2002
2003
2000
2001
2006
2007
2010
2011
2008
2009
2014
2015
2012
2013
1987
1986
1984
1990
1989
1988
1992
1999
1998
1997
1972
1973
1975
1969
1970
1971
1981
1982
1983
1976
1978
1979
1956
1953
1955
1954
1965
1964
1967
1966
1961
1963
1962
1942
1943
1940
1941
1938
1939
1936
1937
1950
1948
1949
1944
1945
1927
1926
1925
1923
1922
1921
1920
1935
1934
1932
1931
1928
2200
2201
2203
2204
2205
2206
2192
2194
2195
2196
2197
2199
2185
2184
2187
2186
2189
2188
2191
2190
2179
2183
2182
2234
2235
2233
2236
2237
2226
2227
2225
2231
2229
2219
2218
2217
2216
2223
2222
2221
2211
2208
2213
2269
2270
2264
2265
2266
2260
2262
2256
2257
2258
2259
2253
2252
2255
2254
2249
2248
2250
2245
2244
2247
2246
2241
2240
2243
2242
2301
2298
2299
2296
2297
2294
2295
2293
2290
2291
2288
2289
2287
2286
2285
2284
2283
2282
2281
2280
2279
2277
2276
2275
2274
2272
2064
2067
2066
2071
2073
2072
2075
2077
2079
2078
2048
2049
2050
2051
2053
2054
2055
2057
2058
2059
2060
2063
2107
2106
2105
2111
2110
2109
2083
2080
2081
2084
2133
2132
2135
2134
2128
2131
2141
2140
2143
2137
2139
2117
2118
2119
2112
2114
2124
2125
2120
2121
2123
2167
2166
2164
2162
2161
2160
2175
2173
2172
2169
2168
2150
2151
2148
2149
2146
2147
2144
2145
2159
2156
2157
2154
2155
2153
2810
2809
2815
2813
2802
2803
2800
2807
2804
2805
2795
2794
2792
2798
2797
2796
2787
2786
2785
2784
2790
2789
2788
2776
2778
2780
2781
2782
2783
2768
2770
2771
2772
2773
2775
2761
2760
2763
2762
2764
2767
2766
2756
2759
2615
2613
2612
2611
2610
2609
2608
2622
2620
2619
2675
2673
2672
2679
2677
2676
2682
2681
2686
2685
2658
2659
2657
2663
2660
2666
2667
2664
2665
2670
2668
2669
2641
2640
2642
2645
2644
2647
2646
2649
2648
2653
2655
2654
2624
2625
2626
2628
2629
2630
2631
2633
2634
2636
2637
2639
2989
2991
2990
2985
2986
2981
2980
2983
2982
2977
2976
2979
2978
3001
3002
2996
2997
2998
2999
2992
2993
2994
2995
2959
2957
2953
2952
2951
2950
2947
2946
2945
2975
2972
2970
2971
2968
2969
2966
2967
2965
2962
2963
2960
3049
3051
3050
3053
3054
3041
3040
3043
3042
3045
3046
3064
3065
3066
3056
3058
3059
3061
3062
3019
3018
3017
3016
3022
3021
3020
3011
3010
3009
3008
3015
3013
3012
3034
3032
3033
3038
3039
3036
3037
3026
3027
3024
3025
3030
3031
3028
3029
2852
2853
2854
2855
2848
2850
2851
2860
2861
2863
2856
2857
2858
2859
2869
2868
2870
2865
2864
2867
2866
2876
2879
2878
2873
2872
2874
2822
2823
2821
2818
2819
2830
2828
2829
2826
2827
2825
2838
2837
2835
2834
2833
2832
2847
2846
2845
2844
2843
2841
2840
2912
2913
2915
2916
2917
2918
2919
2921
2922
2923
2924
2926
2927
2929
2928
2931
2933
2932
2935
2934
2937
2936
2939
2941
2882
2883
2880
2881
2885
2891
2888
2889
2894
2892
2893
2899
2898
2896
2903
2902
2901
2900
2907
2905
2904
2910
3284
3286
3281
3282
3283
3293
3294
3289
3290
3291
3318
3316
3317
3314
3315
3312
3313
3327
3325
3322
3323
3320
3303
3302
3299
3298
3297
3296
3310
3309
3307
3306
3304
3527
3526
3525
3523
3522
3521
3535
3534
3532
3531
3530
3529
3528
3536
3537
3459
3457
3463
3462
3461
3466
3464
3471
3470
3468
3474
3475
3472
3473
3478
3479
3477
3482
3483
3480
3481
3486
3487
3489
3488
3491
3490
3492
3495
3494
3496
3499
3498
3503
3504
3505
3506
3508
3509
3510
3511
3512
3513
3514
3515
3516
3518
3519
3406
3407
3404
3405
3402
3403
3400
3399
3396
3397
3394
3395
3392
3423
3422
3421
3419
3418
3416
3415
3412
3411
3410
3409
3436
3437
3432
3435
3428
3429
3431
3452
3449
3448
3451
3445
3444
3447
3446
3440
3442
3338
3339
3336
3337
3342
3343
3341
3330
3331
3329
3334
3335
3333
3354
3357
3347
3346
3345
3344
3351
3350
3349
3348
3368
3369
3370
3372
3373
3375
3361
3364
3366
3367
3385
3386
3388
3391
3390
3376
3379
3378
3380
3382
