944
945
940
939
915
911
905
900
898
1017
1009
1010
1014
992
988
979
980
974
973
965
1100
1098
1090
1118
1111
1110
1104
1129
1127
1125
1033
1036
1038
1026
1028
1029
1050
1054
1041
1069
1059
1063
1060
1061
1084
1073
1077
1076
1223
1219
1229
1236
1232
1245
1249
1248
1162
1164
1172
1173
1180
1187
1184
1191
1200
1207
1400
1399
1306
1297
1302
1288
1313
1488
1503
1479
1478
1475
1474
1472
1520
1523
1534
1528
1519
1518
1426
1424
1437
1410
1408
1412
1419
1418
1459
1460
1462
1471
1443
1454
1550
1545
1547
1541
1539
1557
1552
1761
1765
1769
1777
1787
1735
1753
1758
1759
1703
1701
1697
1710
1709
1708
1705
1719
1716
1727
1721
1676
1686
1914
1910
1880
1874
1879
1878
1876
1855
1854
1845
1840
1838
1828
1829
1823
1820
1809
1803
1799
1796
2035
2037
2038
2040
2047
2018
2023
2027
2028
2003
2010
2014
1986
1989
1988
1992
1975
1969
1976
1956
1958
1944
1934
1929
1928
2201
2203
2207
2184
2189
2178
2232
2226
2227
2224
2231
2218
2223
2210
2215
2214
2269
2250
2246
2300
2297
2288
2286
2275
2272
2064
2068
2070
2079
2050
2059
2062
2111
2110
2133
2130
2137
2139
2171
2169
2157
2154
2152
2803
2804
2794
2798
2784
2791
2789
2779
2783
2765
2764
2615
2610
2609
2675
2673
2672
2684
2643
2646
2655
2654
2628
2631
2636
2989
2983
2976
3007
2998
2995
2957
2946
2973
3049
3050
3052
3043
3046
3059
3035
3030
3028
3029
2860
2863
2858
2868
2870
2867
2820
2821
2831
2828
2827
2824
2839
2838
2836
2833
2915
2922
2932
2936
2939
2941
2885
2895
2899
2900
2907
3287
3281
3295
3313
3325
3323
3298
3311
3309
3305
3304
3527
3526
3520
3528
3460
3465
3474
3478
3477
3481
3487
3491
3496
3506
3507
3508
3510
3513
3515
3403
3400
3395
3423
3408
3437
3431
3452
3454
3448
3446
3343
3354
3346
3351
3350
3361
3362
3364
3366
3379
3382
