958
945
937
933
932
927
908
903
1016
1022
1008
1014
1005
999
979
983
981
973
1102
1088
1090
1115
1108
1111
1110
1120
1121
1144
1139
1138
1024
1025
1028
1031
1049
1048
1051
1053
1040
1047
1067
1070
1083
1072
1224
1226
1233
1246
1242
1243
1250
1248
1277
1275
1166
1169
1176
1196
1204
1210
1400
1403
1402
1399
1309
1308
1299
1302
1291
1282
1283
1286
1317
1318
1494
1503
1501
1499
1475
1483
1535
1529
1511
1506
1516
1518
1513
1427
1428
1434
1436
1437
1410
1413
1412
1419
1466
1444
1449
1452
1551
1541
1542
1760
1767
1766
1775
1776
1732
1736
1738
1741
1740
1742
1745
1748
1753
1702
1698
1705
1676
1695
1911
1883
1887
1886
1884
1868
1859
1856
1857
1863
1860
1855
1854
1838
1839
1828
1825
1823
1821
1820
1816
1808
1806
1807
1796
1792
2036
2038
2040
2046
2030
2007
1990
1989
1997
1973
1971
1976
1958
1943
1936
1951
1927
1923
1934
1932
2201
2196
2184
2190
2179
2178
2183
2234
2238
2217
2216
2211
2210
2269
2270
2271
2267
2253
2255
2254
2241
2240
2300
2301
2298
2297
2294
2292
2287
2285
2282
2277
2274
2064
2066
2075
2078
2053
2057
2107
2106
2105
2083
2134
2161
2170
2169
2146
2152
2802
2806
2793
2798
2787
2786
2790
2778
2781
2783
2770
2775
2760
2758
2612
2622
2684
2667
2670
2671
2641
2642
2647
2646
2629
2631
2635
2991
2990
2986
2981
2978
3007
3000
2994
2959
2972
2961
3041
3043
3042
3045
3064
3062
3017
3023
3009
3027
2849
2868
2876
2823
2820
2821
2817
2827
2842
2933
2881
2887
2884
2885
2892
2911
3284
3282
3292
3295
3291
3314
3313
3303
3311
3306
3524
3529
3457
3463
3472
3490
3503
3502
3515
3405
3403
3397
3394
3421
3438
3430
3431
3451
3342
3343
3331
3335
3346
3350
3349
3370
3362
3391
3390
