956
958
953
954
955
949
950
944
946
940
943
937
936
939
938
933
932
935
934
929
928
930
926
927
924
925
922
923
920
918
919
916
917
915
911
910
909
908
907
906
905
904
903
902
901
900
1016
1017
1018
1019
1020
1021
1008
1010
1011
1012
1015
1000
1003
1002
993
992
995
994
998
986
987
985
990
991
988
989
979
976
982
983
980
971
970
968
975
974
972
963
962
961
960
967
966
965
964
1100
1101
1102
1103
1096
1098
1099
1092
1093
1094
1095
1090
1091
1117
1119
1118
1112
1115
1114
1109
1108
1111
1110
1105
1107
1106
1134
1135
1132
1133
1130
1131
1128
1129
1126
1127
1125
1122
1123
1120
1121
1151
1150
1149
1145
1144
1142
1141
1140
1139
1138
1137
1136
1032
1033
1035
1036
1037
1039
1024
1025
1027
1028
1029
1031
1049
1050
1053
1052
1055
1054
1041
1043
1042
1044
1047
1046
1066
1067
1064
1065
1070
1068
1059
1056
1057
1060
1083
1081
1080
1087
1086
1085
1084
1075
1073
1072
1078
1077
1076
1221
1220
1223
1222
1217
1216
1219
1218
1229
1228
1231
1224
1226
1236
1238
1232
1233
1234
1235
1244
1246
1240
1241
1243
1250
1248
1270
1271
1278
1279
1276
1277
1274
1273
1153
1155
1154
1157
1156
1158
1161
1160
1163
1162
1165
1164
1167
1166
1168
1169
1170
1171
1172
1173
1174
1175
1176
1177
1179
1181
1182
1183
1187
1184
1191
1190
1189
1188
1195
1194
1193
1199
1198
1197
1196
1202
1203
1200
1201
1206
1207
1204
1205
1211
1208
1209
1214
1215
1212
1213
1405
1404
1407
1406
1401
1402
1399
1306
1305
1304
1311
1310
1308
1299
1297
1296
1302
1301
1300
1291
1289
1295
1292
1293
1282
1283
1280
1281
1286
1284
1285
1320
1321
1322
1313
1314
1315
1316
1318
1319
1494
1495
1492
1493
1490
1491
1488
1489
1502
1503
1500
1498
1499
1496
1497
1479
1478
1477
1476
1475
1487
1485
1484
1483
1482
1481
1480
1524
1525
1526
1527
1520
1521
1522
1523
1532
1534
1535
1529
1530
1509
1511
1510
1505
1504
1507
1506
1517
1516
1519
1518
1513
1512
1514
1426
1424
1425
1430
1431
1428
1429
1434
1435
1433
1438
1439
1436
1437
1411
1410
1409
1408
1414
1413
1419
1418
1417
1422
1421
1420
1458
1460
1461
1462
1463
1464
1465
1466
1467
1468
1469
1470
1471
1440
1443
1444
1447
1446
1450
1453
1452
1454
1550
1551
1544
1546
1540
1541
1542
1536
1538
1539
1557
1552
1555
1554
1763
1761
1767
1766
1764
1771
1770
1768
1775
1772
1782
1783
1780
1781
1787
1784
1785
1790
1791
1788
1729
1731
1730
1733
1732
1735
1734
1736
1740
1743
1742
1744
1745
1746
1747
1751
1752
1753
1756
1757
1758
1759
1703
1702
1701
1700
1697
1696
1710
1708
1707
1706
1718
1716
1717
1715
1712
1713
1726
1727
1725
1722
1720
1721
1677
1676
1679
1678
1675
1674
1684
1685
1686
1687
1680
1681
1682
1683
1692
1693
1694
1695
1688
1689
1913
1912
1915
1914
1917
1919
1918
1904
1909
1908
1911
1910
1902
1903
1882
1881
1880
1887
1886
1885
1884
1875
1872
1879
1878
1876
1866
1865
1870
1868
1869
1858
1859
1856
1862
1863
1860
1852
1854
1848
1851
1845
1847
1841
1840
1836
1838
1839
1834
1835
1828
1829
1830
1831
1826
1823
1822
1820
1819
1818
1817
1815
1813
1812
1809
1808
1806
1807
1804
1805
1802
1803
1798
1799
1797
1794
1792
2032
2033
2034
2036
2037
2038
2039
2040
2042
2043
2044
2046
2017
2019
2021
2020
2023
2022
2027
2026
2029
2031
2030
2002
2006
2007
2011
2008
2009
2014
1986
1984
1990
1989
1988
1992
1999
1998
1996
1972
1973
1975
1970
1980
1981
1983
1976
1979
1956
1959
1958
1953
1955
1954
1965
1964
1967
1961
1963
1962
1942
1943
1940
1938
1937
1950
1951
1948
1949
1947
1944
1927
1925
1922
1935
1934
1933
1932
1929
2200
2201
2202
2203
2204
2205
2207
2192
2193
2194
2195
2196
2197
2199
2185
2184
2187
2186
2191
2190
2179
2178
2181
2180
2183
2182
2234
2235
2232
2233
2238
2239
2236
2237
2226
2227
2225
2230
2231
2228
2218
2217
2216
2223
2221
2210
2209
2214
2213
2268
2269
2271
2265
2266
2260
2261
2262
2263
2256
2257
2259
2253
2252
2255
2254
2249
2248
2251
2250
2244
2247
2246
2241
2240
2243
2242
2302
2303
2300
2301
2296
2294
2295
2292
2293
2291
2288
2289
2287
2286
2285
2284
2281
2280
2276
2275
2274
2272
2064
2067
2066
2069
2068
2071
2070
2073
2072
2075
2077
2079
2078
2048
2049
2050
2051
2052
2054
2055
2058
2059
2061
2062
2063
2107
2106
2105
2109
2082
2083
2080
2084
2132
2135
2134
2128
2131
2130
2141
2140
2142
2137
2136
2116
2117
2118
2119
2112
2113
2114
2124
2125
2127
2120
2121
2122
2123
2167
2166
2164
2162
2161
2175
2171
2170
2169
2150
2151
2148
2149
2146
2147
2144
2145
2158
2159
2156
2154
2810
2811
2808
2809
2815
2812
2802
2803
2800
2801
2806
2807
2804
2795
2794
2792
2799
2798
2797
2796
2787
2786
2784
2791
2790
2789
2776
2778
2780
2781
2782
2783
2768
2771
2773
2774
2775
2763
2762
2764
2767
2766
2755
2757
2756
2759
2758
2615
2613
2612
2611
2610
2609
2608
2622
2621
2620
2619
2616
2675
2673
2672
2679
2676
2683
2682
2680
2687
2685
2658
2657
2662
2663
2666
2667
2664
2665
2671
2668
2669
2641
2640
2642
2645
2644
2647
2646
2649
2648
2653
2655
2654
2628
2630
2631
2632
2633
2634
2635
2636
2637
2639
2989
2991
2990
2985
2987
2986
2980
2982
2976
2978
3007
3000
3001
3002
2996
2997
2998
2999
2992
2993
2994
2995
2958
2957
2953
2952
2950
2947
2946
2945
2944
2975
2972
2973
2971
2968
2967
2965
2962
2963
3049
3048
3051
3053
3052
3041
3040
3043
3042
3045
3044
3047
3046
3064
3065
3066
3056
3058
3059
3060
3063
3019
3018
3017
3016
3023
3022
3020
3010
3008
3015
3014
3013
3012
3035
3032
3033
3038
3039
3036
3037
3026
3027
3024
3025
3030
3031
3028
3029
2852
2853
2854
2855
2848
2849
2850
2851
2860
2862
2863
2857
2858
2859
2869
2868
2870
2865
2864
2866
2876
2879
2878
2873
2872
2822
2823
2820
2821
2818
2817
2830
2831
2828
2829
2826
2827
2824
2825
2839
2838
2837
2836
2834
2833
2832
2847
2845
2844
2843
2842
2841
2840
2912
2913
2915
2916
2917
2919
2920
2921
2922
2923
2924
2926
2927
2931
2933
2932
2935
2934
2937
2936
2938
2941
2940
2943
2882
2883
2880
2881
2886
2887
2884
2885
2890
2888
2889
2894
2895
2892
2893
2899
2898
2897
2896
2903
2902
2900
2906
2905
2911
2910
3284
3286
3287
3281
3282
3294
3295
3288
3290
3318
3316
3314
3315
3312
3313
3327
3325
3322
3323
3321
3303
3302
3300
3299
3296
3311
3310
3309
3306
3527
3526
3525
3524
3523
3521
3520
3535
3533
3531
3530
3529
3528
3536
3459
3458
3457
3456
3463
3466
3465
3464
3471
3470
3468
3475
3472
3473
3478
3479
3482
3483
3480
3481
3486
3487
3484
3485
3489
3493
3492
3495
3497
3496
3499
3498
3501
3500
3503
3504
3506
3507
3508
3513
3514
3515
3516
3517
3518
3519
3406
3407
3400
3398
3399
3396
3397
3394
3395
3393
3423
3422
3421
3419
3418
3417
3416
3415
3412
3410
3409
3437
3438
3434
3435
3428
3429
3430
3431
3424
3453
3452
3449
3451
3450
3445
3444
3447
3441
3440
3338
3339
3336
3337
3342
3343
3340
3330
3331
3328
3329
3334
3335
3354
3353
3352
3359
3358
3357
3347
3346
3345
3344
3350
3349
3368
3369
3370
3372
3373
3374
3375
3360
3361
3362
3363
3364
3366
3367
3385
3384
3387
3386
3391
3390
3377
3376
3379
3378
3381
3380
3383
3382
