956
952
953
954
955
948
949
950
951
944
945
946
947
940
943
942
937
936
939
933
932
935
929
928
930
926
924
923
920
918
919
916
917
911
910
909
908
907
906
904
903
902
901
900
899
898
1016
1018
1019
1020
1021
1022
1023
1008
1009
1010
1011
1013
1014
1015
1001
1000
1003
1002
1005
1004
1007
993
992
994
999
998
986
984
985
990
979
976
980
981
970
975
974
973
972
963
962
961
967
966
965
964
1101
1102
1103
1096
1097
1098
1092
1093
1094
1095
1088
1089
1090
1091
1117
1116
1119
1118
1113
1115
1114
1109
1108
1111
1105
1104
1107
1106
1135
1132
1133
1130
1131
1128
1127
1124
1125
1123
1120
1121
1150
1149
1148
1147
1146
1145
1144
1142
1141
1139
1138
1136
1032
1033
1034
1035
1036
1037
1038
1039
1024
1026
1027
1030
1031
1049
1048
1051
1053
1052
1054
1041
1043
1042
1045
1066
1067
1064
1070
1071
1068
1069
1058
1059
1056
1057
1063
1060
1083
1082
1081
1080
1087
1086
1084
1075
1074
1073
1072
1079
1078
1077
1221
1220
1223
1222
1217
1216
1219
1229
1228
1231
1230
1224
1227
1226
1236
1237
1238
1239
1232
1233
1235
1244
1245
1246
1240
1242
1243
1250
1249
1248
1271
1278
1279
1276
1277
1274
1275
1273
1153
1154
1157
1156
1159
1158
1161
1160
1163
1164
1167
1169
1170
1171
1173
1176
1177
1179
1180
1181
1182
1183
1187
1184
1191
1190
1189
1188
1195
1194
1193
1198
1197
1196
1203
1201
1206
1207
1204
1205
1211
1208
1209
1214
1215
1212
1405
1404
1407
1406
1401
1403
1402
1399
1305
1304
1310
1309
1308
1299
1298
1297
1296
1303
1302
1301
1290
1291
1288
1289
1295
1292
1293
1282
1283
1280
1281
1286
1287
1284
1320
1321
1322
1323
1313
1314
1315
1317
1318
1319
1494
1495
1493
1490
1491
1488
1489
1502
1503
1500
1501
1499
1496
1497
1479
1477
1475
1474
1473
1487
1486
1485
1484
1483
1481
1480
1524
1525
1526
1527
1520
1521
1523
1532
1533
1534
1535
1528
1529
1530
1531
1509
1508
1511
1510
1505
1504
1507
1506
1516
1519
1518
1513
1512
1514
1426
1427
1424
1425
1431
1428
1429
1434
1432
1433
1438
1439
1436
1437
1411
1410
1409
1408
1415
1414
1413
1419
1418
1417
1423
1422
1421
1420
1456
1457
1458
1459
1462
1463
1464
1466
1468
1469
1470
1471
1440
1443
1445
1444
1447
1446
1449
1448
1453
1452
1455
1548
1549
1550
1544
1546
1541
1542
1536
1537
1539
1557
1556
1553
1555
1554
1763
1762
1767
1766
1770
1769
1768
1775
1773
1772
1779
1782
1783
1780
1781
1786
1787
1784
1785
1790
1791
1789
1731
1732
1735
1734
1736
1739
1738
1741
1740
1745
1746
1747
1748
1750
1751
1752
1753
1756
1757
1758
1759
1703
1702
1701
1699
1697
1696
1711
1709
1708
1706
1705
1718
1719
1716
1717
1714
1715
1712
1713
1726
1727
1724
1725
1722
1720
1721
1677
1676
1679
1672
1675
1674
1684
1685
1686
1687
1680
1682
1683
1692
1693
1694
1695
1688
1691
1913
1912
1915
1914
1917
1918
1907
1906
1908
1910
1902
1903
1883
1882
1881
1880
1887
1885
1884
1875
1874
1879
1878
1877
1876
1866
1864
1865
1870
1871
1868
1869
1858
1859
1856
1857
1862
1863
1860
1852
1855
1848
1850
1845
1847
1846
1840
1836
1837
1838
1839
1834
1835
1828
1829
1830
1831
1825
1826
1823
1821
1820
1819
1818
1816
1815
1812
1811
1810
1809
1808
1806
1804
1805
1802
1801
1799
1796
1794
1795
1792
2032
2034
2035
2036
2037
2038
2039
2040
2042
2044
2045
2047
2017
2019
2018
2021
2020
2023
2022
2025
2024
2029
2028
2030
2002
2003
2001
2007
2008
2009
2014
2015
2012
2013
1987
1986
1985
1984
1989
1995
1992
1998
1997
1972
1973
1975
1970
1971
1980
1981
1976
1978
1979
1956
1959
1958
1953
1955
1954
1965
1964
1966
1961
1963
1962
1942
1943
1941
1939
1936
1937
1950
1951
1947
1944
1945
1927
1925
1924
1922
1920
1935
1934
1933
1931
1930
1929
1928
2200
2201
2202
2207
2193
2194
2195
2196
2197
2199
2185
2184
2186
2188
2179
2178
2181
2180
2182
2234
2232
2238
2239
2236
2237
2227
2224
2230
2228
2229
2219
2217
2216
2222
2221
2220
2210
2208
2215
2213
2212
2270
2271
2265
2266
2267
2260
2261
2262
2257
2258
2259
2253
2252
2255
2249
2248
2251
2245
2244
2246
2241
2240
2243
2242
2302
2303
2300
2298
2299
2296
2297
2294
2295
2292
2293
2290
2288
2289
2287
2285
2284
2283
2282
2279
2276
2275
2274
2272
2064
2067
2069
2068
2070
2073
2072
2075
2079
2048
2049
2050
2051
2052
2053
2054
2055
2057
2058
2059
2060
2061
2062
2107
2106
2105
2111
2110
2109
2082
2080
2084
2133
2132
2135
2134
2128
2131
2140
2143
2142
2137
2136
2117
2118
2112
2113
2114
2115
2124
2125
2127
2121
2122
2123
2167
2166
2163
2161
2160
2175
2172
2171
2170
2169
2168
2150
2151
2148
2149
2146
2144
2145
2158
2159
2156
2154
2155
2152
2153
2810
2811
2808
2809
2815
2812
2813
2803
2800
2801
2806
2804
2795
2794
2793
2792
2799
2798
2797
2786
2784
2791
2790
2788
2776
2777
2778
2779
2780
2781
2782
2770
2771
2772
2773
2774
2775
2761
2763
2765
2764
2767
2766
2754
2757
2758
2613
2612
2611
2610
2609
2623
2622
2620
2619
2616
2675
2672
2679
2677
2676
2683
2682
2681
2680
2687
2686
2658
2659
2662
2660
2661
2666
2667
2664
2665
2671
2668
2641
2640
2643
2642
2644
2647
2649
2648
2655
2654
2624
2625
2626
2627
2629
2632
2633
2634
2637
2639
2989
2991
2990
2985
2984
2987
2986
2981
2983
2982
2977
2976
2979
3007
3000
3001
3002
2996
2998
2999
2992
2993
2995
2958
2957
2952
2951
2950
2947
2946
2945
2944
2974
2975
2972
2973
2971
2966
2967
2965
2962
2963
2960
2961
3050
3052
3055
3054
3041
3040
3043
3042
3045
3044
3047
3064
3065
3066
3056
3058
3059
3060
3061
3062
3019
3018
3016
3023
3022
3021
3020
3011
3010
3009
3015
3013
3012
3034
3035
3032
3038
3036
3037
3027
3024
3025
3030
3031
3028
3029
2853
2854
2855
2848
2851
2860
2861
2862
2863
2857
2858
2859
2869
2868
2871
2870
2865
2867
2866
2877
2878
2873
2872
2875
2874
2823
2820
2818
2817
2831
2828
2829
2826
2827
2824
2825
2839
2837
2836
2835
2834
2833
2832
2847
2846
2844
2843
2842
2841
2840
2912
2915
2916
2917
2918
2919
2920
2921
2922
2924
2925
2926
2927
2929
2928
2931
2933
2932
2935
2934
2939
2938
2941
2940
2882
2883
2880
2881
2886
2887
2890
2891
2888
2894
2895
2893
2899
2898
2897
2896
2903
2902
2901
2900
2907
2906
2905
2904
3284
3285
3286
3287
3281
3282
3283
3292
3295
3288
3289
3290
3318
3316
3317
3314
3312
3313
3324
3325
3322
3323
3320
3321
3303
3302
3301
3300
3299
3298
3297
3296
3310
3309
3306
3305
3525
3524
3522
3521
3520
3534
3533
3532
3531
3528
3536
3537
3459
3458
3457
3456
3463
3462
3461
3460
3466
3464
3471
3470
3468
3474
3475
3472
3473
3478
3479
3477
3482
3483
3480
3481
3486
3487
3484
3485
3489
3488
3491
3493
3492
3495
3497
3496
3499
3498
3501
3503
3502
3504
3505
3506
3508
3509
3511
3512
3513
3514
3515
3517
3518
3519
3406
3407
3404
3402
3403
3400
3398
3399
3396
3397
3394
3395
3392
3393
3423
3422
3418
3417
3416
3415
3410
3409
3408
3437
3438
3432
3433
3434
3435
3428
3429
3424
3427
3453
3455
3454
3449
3448
3451
3450
3445
3447
3446
3441
3440
3443
3442
3338
3343
3340
3341
3330
3329
3334
3335
3333
3354
3352
3359
3358
3347
3345
3344
3351
3350
3349
3348
3368
3369
3372
3373
3374
3375
3360
3361
3362
3363
3365
3366
3367
3385
3389
3388
3391
3390
3377
3376
3379
3378
3383
3382
