954
949
937
936
929
931
922
923
909
899
1017
1023
1012
993
992
998
991
989
976
981
974
963
962
967
1101
1099
1088
1090
1119
1118
1108
1111
1110
1105
1134
1130
1126
1145
1138
1037
1028
1029
1048
1047
1068
1072
1078
1076
1222
1238
1234
1245
1242
1250
1272
1152
1158
1165
1164
1166
1170
1171
1175
1179
1183
1195
1198
1202
1200
1405
1306
1308
1303
1300
1290
1493
1488
1500
1486
1485
1484
1482
1526
1504
1507
1410
1414
1419
1420
1458
1468
1440
1447
1449
1448
1452
1455
1544
1545
1542
1543
1762
1769
1779
1783
1780
1790
1788
1789
1742
1744
1749
1751
1758
1703
1702
1701
1711
1719
1714
1712
1713
1727
1677
1679
1675
1689
1912
1915
1906
1909
1887
1874
1878
1856
1848
1850
1845
1846
1839
1833
1828
1829
1827
1818
1816
1812
1811
1809
1806
1802
2034
2043
2017
2019
2018
2023
2025
2028
2012
1985
1989
1988
1995
1999
1998
1997
1958
1962
1940
1939
1948
1949
1944
2203
2204
2193
2196
2184
2189
2188
2190
2179
2180
2182
2224
2225
2230
2222
2210
2209
2214
2268
2263
2253
2252
2249
2251
2244
2240
2298
2287
2286
2077
2049
2054
2063
2080
2135
2113
2124
2122
2123
2163
2161
2148
2812
2803
2805
2786
2788
2781
2782
2763
2764
2759
2613
2610
2608
2620
2616
2675
2679
2683
2682
2680
2687
2659
2660
2641
2643
2647
2648
2625
2634
2991
2990
3006
3000
2994
2947
2967
3049
3043
3047
3063
3019
3008
3012
3036
3030
3031
2866
2872
2818
2817
2835
2923
2925
2926
2880
2886
2885
2888
2894
2897
2900
2907
2911
3292
3291
3315
3327
3325
3322
3320
3321
3299
3298
3296
3305
3526
3525
3530
3462
3471
3468
3486
3484
3485
3505
3401
3396
3395
3393
3422
3416
3415
3432
3434
3431
3446
3338
3340
3331
3334
3354
3353
3357
3368
3373
3361
3364
3365
3384
3386
3388
3379
3378
3381
3382
