958
955
940
942
932
924
923
916
915
911
905
901
899
1017
1020
1023
1008
1009
1012
1005
1004
995
994
999
986
990
991
989
971
970
962
1101
1097
1093
1094
1088
1091
1118
1108
1111
1110
1104
1106
1130
1127
1122
1149
1141
1140
1136
1032
1051
1053
1045
1044
1047
1056
1086
1073
1078
1076
1221
1217
1237
1276
1274
1156
1160
1163
1167
1168
1173
1178
1182
1188
1199
1198
1204
1404
1407
1297
1301
1288
1321
1492
1493
1503
1499
1477
1473
1485
1484
1480
1525
1535
1517
1430
1431
1414
1465
1440
1452
1455
1546
1547
1543
1539
1557
1556
1552
1554
1763
1765
1769
1768
1777
1782
1783
1780
1781
1786
1791
1788
1735
1750
1702
1712
1722
1676
1673
1686
1680
1904
1909
1882
1885
1866
1857
1863
1860
1833
1828
1829
1831
1825
1823
1819
1810
1807
1804
1805
1794
1792
2032
2039
2017
2019
2022
2030
2002
2000
2007
2011
2012
2013
1990
1983
1979
1966
1963
1938
1950
1926
1920
1935
1932
1929
2204
2194
2189
2180
2224
2216
2209
2268
2265
2261
2247
2302
2292
2291
2288
2274
2064
2069
2070
2072
2063
2104
2111
2110
2083
2081
2084
2130
2142
2119
2114
2127
2167
2158
2809
2803
2800
2793
2787
2786
2785
2776
2780
2765
2767
2756
2759
2758
2611
2608
2623
2675
2677
2687
2686
2663
2664
2669
2642
2655
2654
2639
2987
2986
2981
2978
2997
2957
2973
2968
2961
3048
3052
3044
3046
3061
3063
3023
3032
3038
3031
2853
2864
2867
2866
2877
2873
2875
2874
2822
2830
2828
2847
2842
2922
2886
2884
2897
2902
2907
2904
3284
3295
3316
3317
3315
3312
3322
3301
3298
3309
3306
3304
3522
3520
3535
3531
3536
3537
3459
3471
3474
3472
3483
3485
3495
3504
3506
3511
3514
3515
3518
3519
3400
3398
3417
3432
3435
3431
3453
3444
3337
3354
3352
3357
3345
3372
3362
3366
