956
958
952
954
955
948
950
951
944
945
946
947
940
943
942
937
936
939
938
933
935
934
929
928
931
930
926
924
925
923
920
918
919
916
917
912
911
910
909
906
905
903
902
901
900
899
1016
1017
1018
1019
1020
1021
1023
1008
1009
1010
1011
1012
1013
1014
1015
1001
1003
1002
1004
1006
993
992
995
997
999
998
987
985
988
978
979
976
982
983
980
981
968
975
972
963
962
961
960
967
964
1101
1103
1097
1098
1099
1093
1094
1095
1088
1089
1091
1117
1116
1119
1113
1115
1114
1109
1108
1111
1110
1105
1104
1107
1106
1135
1132
1133
1130
1131
1128
1129
1124
1125
1122
1123
1120
1121
1151
1150
1148
1145
1143
1142
1141
1140
1139
1138
1137
1136
1032
1033
1035
1037
1038
1039
1024
1025
1026
1027
1028
1030
1031
1048
1051
1050
1053
1052
1041
1040
1043
1044
1047
1046
1066
1067
1065
1070
1071
1068
1069
1058
1059
1056
1057
1063
1060
1061
1083
1081
1080
1087
1084
1075
1074
1072
1079
1078
1077
1076
1220
1217
1216
1219
1218
1229
1228
1231
1230
1225
1224
1227
1226
1236
1237
1238
1239
1233
1234
1235
1244
1245
1247
1241
1250
1249
1248
1270
1279
1276
1277
1274
1275
1272
1153
1152
1155
1154
1157
1156
1159
1161
1160
1163
1165
1164
1167
1166
1168
1169
1170
1171
1173
1174
1175
1177
1178
1180
1181
1182
1183
1187
1186
1185
1184
1191
1190
1189
1188
1193
1199
1198
1197
1196
1203
1201
1206
1207
1205
1211
1208
1209
1214
1212
1213
1405
1407
1406
1401
1400
1403
1399
1306
1304
1311
1310
1309
1308
1299
1297
1296
1303
1302
1301
1290
1291
1288
1294
1295
1282
1280
1281
1286
1287
1284
1285
1320
1321
1322
1323
1312
1313
1315
1316
1318
1495
1492
1491
1488
1489
1503
1500
1501
1499
1497
1479
1478
1477
1475
1474
1473
1485
1484
1483
1482
1481
1480
1526
1527
1520
1521
1522
1523
1532
1533
1534
1535
1528
1530
1509
1511
1510
1505
1504
1507
1517
1516
1513
1512
1514
1426
1424
1425
1430
1431
1428
1429
1434
1435
1432
1433
1439
1436
1410
1409
1408
1415
1414
1413
1412
1417
1416
1423
1422
1421
1420
1456
1457
1458
1459
1460
1462
1464
1465
1466
1467
1468
1469
1470
1471
1441
1440
1443
1442
1445
1444
1447
1446
1448
1451
1450
1453
1455
1548
1549
1551
1544
1545
1547
1540
1541
1542
1543
1536
1537
1538
1539
1557
1556
1553
1552
1555
1554
1763
1761
1760
1767
1766
1764
1771
1770
1769
1768
1775
1773
1772
1779
1776
1777
1782
1783
1780
1781
1786
1784
1785
1791
1788
1789
1729
1731
1733
1732
1734
1736
1739
1741
1740
1745
1746
1747
1750
1752
1753
1757
1758
1759
1703
1702
1701
1700
1699
1698
1697
1711
1710
1709
1708
1707
1706
1705
1719
1717
1715
1713
1726
1727
1724
1725
1720
1721
1677
1676
1679
1678
1673
1672
1675
1674
1684
1685
1686
1687
1680
1681
1682
1683
1692
1693
1694
1695
1688
1689
1690
1913
1915
1914
1919
1918
1904
1907
1906
1909
1908
1911
1910
1902
1903
1882
1881
1880
1887
1886
1885
1875
1874
1872
1879
1878
1877
1876
1866
1864
1865
1870
1871
1868
1869
1856
1857
1862
1863
1860
1852
1855
1851
1850
1847
1846
1841
1840
1836
1837
1838
1839
1833
1834
1828
1831
1824
1825
1827
1823
1822
1821
1819
1816
1813
1812
1808
1806
1807
1805
1802
1801
1798
1799
1796
1797
1794
1792
2032
2033
2034
2035
2036
2038
2039
2040
2042
2043
2044
2045
2046
2047
2017
2019
2018
2021
2020
2023
2025
2024
2027
2026
2029
2028
2031
2030
2002
2003
2000
2006
2011
2008
2009
2014
2015
2012
1987
1985
1984
1990
1989
1995
1999
1998
1997
1996
1972
1973
1975
1969
1970
1971
1980
1981
1982
1983
1976
1978
1979
1957
1956
1959
1958
1953
1955
1965
1964
1967
1966
1961
1963
1962
1942
1943
1940
1939
1936
1937
1950
1951
1948
1949
1947
1944
1945
1927
1926
1924
1923
1920
1934
1933
1932
1931
1929
1928
2200
2201
2202
2203
2204
2205
2206
2207
2192
2194
2196
2197
2198
2185
2184
2189
2188
2191
2190
2178
2181
2180
2183
2182
2234
2235
2232
2233
2238
2236
2237
2226
2227
2224
2228
2229
2219
2218
2217
2216
2223
2222
2221
2211
2210
2209
2208
2215
2214
2213
2212
2268
2269
2270
2271
2264
2265
2266
2267
2260
2261
2262
2263
2257
2258
2259
2253
2252
2255
2254
2251
2250
2245
2244
2247
2241
2240
2243
2242
2302
2303
2298
2299
2296
2297
2294
2295
2292
2293
2291
2288
2287
2285
2284
2283
2282
2281
2280
2277
2276
2275
2274
2272
2064
2066
2069
2068
2071
2070
2073
2075
2077
2079
2078
2048
2049
2050
2051
2052
2053
2054
2055
2057
2058
2059
2060
2061
2062
2063
2107
2111
2110
2109
2082
2083
2080
2084
2132
2135
2134
2128
2131
2130
2140
2143
2137
2136
2139
2116
2117
2118
2119
2112
2113
2114
2115
2127
2121
2123
2167
2165
2164
2162
2161
2160
2173
2172
2171
2170
2169
2168
2150
2151
2148
2147
2144
2145
2158
2159
2156
2157
2154
2155
2152
2810
2811
2809
2815
2812
2813
2802
2803
2801
2806
2807
2804
2805
2795
2794
2793
2792
2798
2797
2796
2787
2786
2785
2784
2791
2790
2789
2776
2777
2778
2779
2780
2782
2783
2772
2773
2775
2761
2760
2763
2762
2764
2767
2757
2759
2758
2615
2613
2612
2611
2610
2609
2608
2622
2621
2620
2619
2616
2675
2673
2672
2679
2678
2677
2676
2683
2682
2681
2680
2687
2686
2685
2684
2658
2659
2657
2661
2665
2668
2669
2641
2640
2643
2645
2646
2648
2653
2655
2654
2624
2625
2626
2627
2628
2629
2630
2631
2632
2633
2634
2635
2639
2989
2991
2990
2985
2984
2987
2981
2983
2982
2977
2976
2979
3006
3007
3000
3001
2997
2998
2999
2992
2993
2994
2995
2959
2958
2957
2953
2952
2951
2950
2947
2946
2945
2944
2974
2975
2970
2971
2968
2969
2966
2967
2965
2962
2963
2960
3049
3048
3051
3050
3052
3055
3054
3041
3045
3044
3046
3064
3065
3066
3056
3059
3060
3061
3062
3019
3018
3017
3016
3023
3022
3021
3020
3011
3010
3009
3008
3014
3012
3034
3035
3032
3033
3038
3039
3037
3026
3027
3024
3028
3029
2852
2854
2849
2850
2851
2860
2861
2862
2863
2858
2869
2868
2870
2865
2864
2867
2877
2876
2879
2878
2875
2874
2822
2823
2820
2818
2819
2817
2831
2828
2829
2826
2827
2824
2825
2838
2837
2836
2835
2834
2833
2847
2846
2845
2844
2843
2842
2841
2840
2913
2915
2916
2917
2918
2919
2920
2921
2922
2923
2925
2926
2927
2928
2931
2933
2932
2937
2936
2939
2938
2941
2943
2882
2883
2881
2886
2887
2884
2890
2888
2895
2892
2893
2899
2897
2896
2903
2902
2901
2900
2907
2906
2905
2904
2911
3285
3286
3287
3281
3282
3283
3292
3293
3294
3288
3290
3291
3318
3317
3314
3315
3312
3313
3327
3325
3322
3323
3320
3321
3303
3302
3301
3299
3298
3297
3296
3311
3310
3309
3305
3304
3526
3525
3521
3520
3534
3533
3532
3531
3530
3529
3536
3537
3459
3458
3457
3456
3463
3461
3460
3466
3465
3464
3471
3470
3468
3474
3475
3478
3480
3481
3486
3487
3484
3489
3488
3491
3490
3493
3494
3497
3496
3499
3501
3500
3503
3502
3504
3505
3506
3510
3511
3512
3513
3514
3515
3516
3517
3518
3519
3406
3407
3404
3405
3402
3403
3398
3399
3396
3394
3395
3423
3421
3419
3418
3416
3415
3411
3410
3409
3408
3436
3437
3434
3435
3428
3430
3431
3425
3427
3453
3452
3455
3449
3448
3451
3445
3447
3446
3440
3442
3336
3337
3340
3341
3330
3331
3329
3334
3333
3354
3353
3352
3358
3357
3347
3346
3345
3344
3351
3350
3349
3348
3368
3372
3373
3375
3360
3362
3364
3365
3366
3367
3385
3384
3387
3389
3388
3391
3377
3376
3379
3381
3380
3383
3382
