956
958
953
954
948
949
944
945
946
947
940
943
942
937
936
939
938
932
935
929
928
931
930
924
925
923
920
918
919
916
917
911
910
909
908
907
906
904
903
902
901
900
899
898
1016
1017
1018
1019
1021
1008
1009
1010
1011
1012
1013
1015
1003
1005
1004
1007
1006
993
992
995
994
997
999
998
986
987
984
985
990
991
988
989
978
982
983
980
981
971
970
968
975
974
973
972
963
960
967
966
965
1100
1101
1102
1103
1097
1098
1099
1093
1094
1088
1090
1091
1116
1119
1118
1112
1114
1105
1104
1107
1106
1134
1135
1132
1128
1129
1127
1124
1125
1122
1123
1120
1121
1151
1150
1147
1146
1144
1142
1141
1140
1138
1137
1136
1033
1034
1036
1037
1039
1026
1027
1028
1030
1031
1048
1051
1053
1052
1055
1054
1040
1042
1045
1047
1066
1067
1065
1071
1068
1069
1058
1059
1057
1060
1061
1083
1082
1081
1080
1087
1085
1084
1073
1072
1079
1077
1221
1220
1223
1222
1217
1216
1218
1229
1228
1225
1227
1226
1236
1237
1238
1239
1232
1234
1235
1245
1246
1241
1243
1250
1249
1248
1270
1278
1279
1276
1277
1274
1275
1272
1273
1153
1152
1155
1154
1157
1156
1160
1163
1164
1166
1168
1170
1172
1173
1174
1175
1176
1177
1178
1179
1180
1181
1183
1187
1185
1184
1191
1190
1189
1188
1195
1194
1193
1199
1198
1196
1202
1203
1200
1201
1206
1205
1210
1211
1208
1209
1214
1215
1212
1213
1405
1406
1400
1402
1399
1306
1305
1304
1311
1310
1309
1308
1299
1298
1297
1296
1302
1301
1300
1290
1291
1288
1289
1295
1292
1293
1280
1281
1287
1284
1285
1321
1322
1312
1313
1314
1315
1316
1317
1318
1319
1494
1495
1492
1493
1491
1489
1502
1503
1500
1501
1498
1499
1496
1479
1478
1477
1475
1474
1473
1472
1487
1486
1484
1483
1482
1481
1480
1524
1526
1527
1520
1521
1522
1532
1535
1528
1530
1509
1508
1510
1504
1507
1517
1516
1519
1513
1512
1426
1427
1424
1430
1428
1429
1434
1435
1432
1433
1438
1439
1436
1437
1411
1410
1408
1415
1414
1413
1412
1419
1418
1417
1416
1423
1422
1420
1456
1459
1460
1461
1462
1463
1464
1465
1467
1468
1469
1471
1443
1442
1445
1444
1447
1446
1449
1448
1451
1450
1453
1455
1454
1548
1549
1550
1551
1544
1545
1546
1547
1540
1541
1542
1543
1537
1538
1539
1557
1553
1552
1555
1763
1762
1760
1767
1765
1764
1771
1770
1769
1768
1773
1772
1776
1777
1782
1780
1781
1786
1787
1784
1785
1790
1791
1788
1789
1729
1731
1730
1732
1737
1736
1739
1740
1743
1742
1744
1746
1747
1748
1749
1750
1751
1752
1753
1756
1757
1758
1759
1703
1702
1701
1699
1698
1697
1696
1711
1709
1708
1707
1706
1705
1704
1718
1719
1716
1717
1714
1715
1712
1713
1726
1727
1724
1725
1722
1721
1677
1679
1673
1672
1675
1674
1684
1685
1686
1687
1680
1681
1682
1683
1692
1693
1694
1695
1688
1689
1690
1691
1913
1915
1917
1919
1918
1904
1906
1909
1908
1911
1910
1902
1883
1881
1880
1887
1886
1885
1884
1875
1879
1878
1866
1864
1865
1870
1871
1868
1869
1859
1856
1857
1862
1860
1852
1854
1848
1850
1845
1846
1841
1840
1836
1837
1838
1839
1833
1835
1828
1829
1830
1831
1824
1825
1826
1827
1821
1818
1816
1815
1811
1810
1809
1808
1806
1807
1804
1802
1803
1800
1801
1798
1799
1796
1794
1795
1792
1793
2032
2033
2035
2036
2037
2038
2040
2042
2043
2044
2046
2047
2019
2021
2020
2023
2022
2024
2027
2026
2029
2028
2030
2002
2003
2010
2011
2009
2015
2012
2013
1987
1986
1990
1989
1995
1992
1999
1996
1969
1970
1971
1980
1976
1978
1979
1957
1956
1958
1953
1955
1965
1964
1967
1961
1963
1942
1943
1940
1941
1938
1939
1936
1937
1950
1951
1948
1949
1945
1927
1926
1925
1924
1922
1921
1920
1935
1934
1933
1932
1931
1930
1928
2200
2201
2203
2205
2206
2207
2192
2193
2194
2195
2197
2198
2199
2184
2187
2189
2188
2191
2190
2181
2183
2234
2235
2232
2233
2238
2239
2236
2237
2227
2224
2225
2230
2228
2229
2219
2218
2217
2216
2223
2222
2221
2220
2211
2210
2209
2208
2214
2213
2212
2268
2269
2270
2271
2264
2265
2267
2260
2261
2262
2256
2258
2253
2252
2255
2249
2248
2251
2250
2245
2244
2247
2241
2240
2243
2303
2300
2301
2299
2296
2297
2294
2295
2293
2290
2291
2288
2289
2287
2286
2285
2284
2283
2282
2281
2280
2279
2277
2276
2275
2274
2272
2067
2066
2069
2068
2071
2070
2072
2079
2048
2050
2051
2052
2053
2054
2055
2057
2058
2059
2061
2062
2063
2107
2106
2105
2104
2110
2109
2082
2083
2080
2081
2133
2132
2135
2131
2130
2141
2140
2143
2142
2137
2139
2116
2113
2114
2115
2124
2125
2127
2120
2121
2122
2123
2166
2165
2164
2163
2162
2161
2160
2175
2173
2172
2171
2170
2169
2168
2150
2151
2148
2149
2147
2144
2145
2159
2156
2157
2155
2152
2153
2810
2811
2808
2809
2815
2813
2802
2801
2806
2807
2804
2805
2795
2792
2799
2798
2797
2796
2787
2786
2785
2784
2791
2790
2789
2788
2777
2778
2779
2780
2781
2782
2783
2768
2770
2771
2772
2773
2774
2761
2762
2765
2764
2767
2766
2754
2759
2758
2615
2613
2612
2609
2608
2623
2622
2621
2620
2619
2616
2675
2673
2672
2679
2678
2677
2676
2683
2682
2681
2687
2686
2685
2684
2658
2657
2662
2663
2660
2661
2666
2667
2664
2665
2670
2668
2669
2641
2643
2642
2645
2644
2647
2646
2649
2648
2653
2652
2654
2624
2625
2626
2627
2629
2630
2631
2632
2633
2634
2636
2637
2639
2991
2990
2985
2984
2987
2986
2981
2980
2983
2982
2977
2976
2979
2978
3006
3007
3000
3001
2996
2997
2998
2999
2992
2993
2959
2958
2953
2951
2947
2946
2945
2944
2974
2972
2973
2970
2971
2968
2969
2966
2967
2965
2962
2963
2961
3049
3048
3051
3053
3052
3055
3054
3040
3043
3042
3045
3044
3047
3046
3065
3066
3056
3058
3059
3060
3061
3062
3063
3019
3017
3016
3023
3022
3021
3020
3011
3010
3008
3015
3014
3013
3012
3034
3035
3032
3033
3038
3036
3026
3027
3024
3025
3030
3031
3028
3029
2853
2854
2855
2848
2849
2850
2851
2860
2861
2862
2863
2857
2858
2859
2868
2871
2870
2864
2867
2866
2877
2876
2879
2878
2873
2872
2875
2823
2820
2818
2819
2817
2830
2831
2829
2826
2827
2824
2825
2839
2838
2837
2835
2834
2832
2847
2846
2844
2841
2840
2912
2916
2918
2920
2922
2923
2924
2925
2926
2927
2929
2928
2931
2933
2932
2935
2934
2937
2936
2939
2938
2941
2940
2943
2882
2883
2880
2881
2886
2887
2884
2885
2890
2891
2888
2889
2894
2895
2892
2899
2898
2897
2903
2900
2907
2906
2904
2910
3284
3285
3286
3287
3282
3283
3292
3293
3294
3295
3288
3289
3290
3291
3318
3316
3314
3315
3327
3324
3325
3322
3323
3303
3301
3299
3298
3311
3310
3309
3306
3527
3526
3524
3523
3522
3521
3535
3534
3533
3531
3530
3529
3536
3537
3459
3457
3456
3462
3461
3460
3465
3471
3468
3474
3475
3478
3479
3477
3482
3483
3480
3481
3486
3487
3484
3489
3488
3491
3490
3493
3495
3497
3499
3498
3501
3500
3503
3502
3505
3508
3509
3510
3511
3512
3513
3514
3515
3516
3518
3519
3406
3407
3405
3402
3403
3400
3401
3398
3399
3396
3394
3392
3423
3422
3421
3419
3417
3416
3415
3412
3409
3408
3432
3433
3435
3428
3429
3431
3424
3425
3427
3453
3452
3455
3454
3449
3448
3451
3450
3445
3444
3447
3446
3441
3443
3442
3339
3336
3337
3343
3340
3330
3331
3328
3329
3334
3335
3333
3354
3353
3352
3357
3347
3346
3345
3344
3351
3350
3349
3348
3368
3369
3370
3372
3373
3374
3361
3362
3363
3364
3365
3366
3367
3385
3387
3389
3388
3391
3390
3377
3376
3379
3381
3380
3383
3382
