956
958
952
953
954
955
949
950
951
944
945
946
947
940
943
942
937
936
939
938
933
932
935
929
928
931
930
926
927
924
925
922
923
920
918
919
916
917
915
912
911
910
909
908
907
905
904
903
902
901
898
1016
1018
1019
1020
1021
1022
1023
1008
1010
1011
1012
1015
1001
1003
1002
1005
1004
1007
1006
993
992
995
994
997
996
998
986
987
985
990
988
989
978
979
982
983
980
981
971
970
975
974
973
972
962
961
964
1100
1101
1102
1103
1096
1097
1098
1099
1092
1093
1094
1095
1088
1089
1117
1116
1119
1118
1113
1112
1115
1109
1108
1111
1110
1105
1107
1106
1135
1130
1131
1128
1129
1126
1127
1124
1125
1122
1151
1150
1149
1147
1145
1144
1143
1141
1140
1139
1138
1137
1136
1032
1033
1034
1036
1037
1038
1039
1024
1025
1027
1028
1029
1030
1031
1049
1048
1051
1050
1053
1052
1055
1041
1040
1043
1042
1045
1044
1047
1066
1064
1065
1071
1069
1058
1059
1056
1057
1063
1060
1083
1082
1087
1086
1085
1084
1075
1074
1073
1072
1079
1077
1221
1220
1223
1222
1217
1216
1219
1218
1229
1228
1231
1230
1227
1226
1236
1237
1238
1239
1232
1234
1235
1244
1245
1246
1247
1240
1242
1243
1249
1248
1270
1271
1278
1279
1277
1272
1273
1153
1152
1155
1154
1157
1156
1159
1158
1161
1160
1163
1162
1165
1166
1168
1169
1170
1172
1173
1174
1175
1177
1178
1180
1181
1182
1183
1187
1185
1184
1191
1190
1189
1188
1195
1194
1193
1199
1198
1196
1202
1203
1200
1201
1206
1207
1210
1211
1208
1214
1215
1212
1213
1405
1404
1407
1406
1401
1400
1403
1402
1306
1305
1304
1311
1310
1309
1308
1299
1297
1296
1303
1302
1290
1291
1288
1289
1294
1295
1292
1293
1282
1283
1280
1281
1286
1287
1320
1321
1322
1323
1312
1313
1314
1315
1316
1317
1318
1319
1494
1495
1492
1493
1490
1491
1488
1502
1503
1500
1501
1498
1499
1497
1479
1477
1475
1474
1473
1472
1487
1485
1483
1482
1481
1480
1524
1525
1526
1527
1520
1522
1532
1533
1535
1528
1529
1530
1531
1509
1511
1510
1504
1507
1506
1517
1519
1518
1512
1514
1426
1424
1425
1430
1431
1428
1429
1434
1432
1433
1439
1436
1437
1411
1410
1408
1415
1414
1412
1419
1418
1417
1416
1423
1422
1421
1420
1456
1457
1458
1459
1460
1461
1462
1464
1465
1466
1468
1470
1441
1440
1443
1442
1446
1449
1448
1450
1453
1452
1455
1454
1548
1550
1551
1545
1546
1547
1541
1542
1536
1538
1539
1557
1556
1553
1552
1555
1763
1762
1761
1760
1767
1766
1765
1764
1771
1769
1775
1773
1779
1776
1782
1783
1780
1781
1786
1787
1785
1790
1791
1788
1789
1729
1730
1732
1735
1734
1737
1736
1739
1738
1741
1743
1742
1744
1745
1746
1747
1748
1749
1750
1751
1752
1753
1756
1757
1759
1702
1700
1699
1696
1710
1709
1708
1707
1706
1705
1704
1718
1719
1717
1714
1715
1712
1713
1726
1727
1724
1725
1722
1721
1677
1679
1678
1673
1672
1674
1684
1685
1686
1687
1680
1681
1682
1692
1693
1694
1690
1913
1915
1914
1917
1919
1918
1907
1906
1909
1908
1911
1910
1902
1903
1883
1882
1881
1880
1886
1885
1875
1874
1872
1879
1878
1877
1864
1865
1870
1871
1868
1869
1858
1857
1862
1860
1852
1854
1850
1845
1847
1846
1841
1840
1836
1837
1838
1839
1833
1834
1835
1828
1829
1830
1831
1824
1825
1826
1823
1822
1820
1819
1818
1817
1816
1815
1813
1812
1811
1810
1809
1808
1806
1807
1804
1805
1802
1803
1800
1799
1796
1797
1794
1795
1792
1793
2032
2033
2034
2035
2036
2038
2039
2040
2042
2043
2044
2046
2047
2017
2019
2018
2021
2020
2023
2022
2025
2024
2026
2029
2028
2030
2002
2003
2000
2001
2010
2011
2008
2009
2014
2015
2012
2013
1986
1984
1990
1988
1995
1992
1999
1998
1972
1975
1969
1970
1971
1980
1981
1982
1983
1976
1978
1979
1956
1959
1953
1955
1954
1965
1964
1967
1966
1961
1963
1962
1943
1940
1941
1938
1939
1936
1937
1950
1951
1948
1949
1947
1944
1945
1927
1925
1923
1922
1921
1920
1935
1934
1933
1932
1931
1929
1928
2200
2201
2202
2203
2204
2206
2207
2192
2193
2195
2196
2197
2198
2199
2184
2187
2186
2188
2191
2190
2179
2178
2182
2234
2235
2232
2233
2238
2239
2236
2237
2226
2227
2224
2225
2230
2229
2219
2218
2217
2216
2223
2222
2221
2220
2210
2209
2208
2215
2214
2212
2269
2270
2271
2264
2265
2266
2267
2260
2262
2263
2257
2258
2259
2253
2255
2249
2251
2250
2245
2244
2247
2246
2241
2240
2243
2242
2302
2303
2300
2301
2299
2296
2297
2294
2293
2290
2291
2288
2286
2284
2282
2281
2280
2277
2276
2275
2274
2272
2064
2067
2066
2069
2068
2071
2073
2072
2077
2079
2078
2048
2049
2050
2051
2052
2053
2054
2055
2057
2058
2059
2060
2061
2063
2107
2106
2105
2104
2111
2110
2109
2083
2080
2081
2084
2133
2132
2135
2134
2128
2141
2140
2143
2142
2137
2136
2139
2116
2117
2118
2119
2112
2114
2115
2124
2127
2120
2121
2122
2123
2167
2165
2164
2163
2162
2160
2175
2173
2172
2170
2169
2168
2150
2151
2148
2149
2146
2144
2145
2158
2159
2156
2157
2155
2152
2153
2811
2808
2809
2815
2812
2813
2803
2801
2806
2807
2804
2795
2794
2792
2799
2797
2796
2787
2786
2785
2784
2791
2790
2789
2776
2777
2778
2779
2781
2783
2768
2770
2772
2773
2774
2775
2761
2763
2762
2765
2764
2767
2766
2755
2757
2758
2615
2613
2612
2609
2608
2623
2622
2621
2620
2619
2616
2675
2672
2679
2676
2682
2681
2680
2685
2684
2658
2659
2657
2662
2663
2665
2670
2668
2641
2640
2643
2642
2644
2647
2646
2648
2653
2655
2654
2625
2626
2627
2628
2629
2630
2631
2632
2633
2634
2636
2639
2991
2990
2985
2981
2980
2983
2976
2979
3006
3007
3000
3002
2996
2997
2992
2993
2995
2959
2953
2947
2945
2944
2974
2975
2972
2970
2971
2969
2965
2963
2960
3049
3048
3051
3050
3053
3055
3040
3043
3042
3044
3047
3046
3065
3058
3061
3062
3063
3019
3018
3017
3016
3023
3022
3021
3009
3008
3015
3012
3034
3035
3033
3036
3037
3026
3027
3025
3030
3029
2852
2853
2854
2855
2848
2849
2850
2851
2860
2861
2862
2863
2856
2858
2859
2870
2865
2864
2867
2866
2877
2876
2875
2874
2822
2823
2820
2821
2818
2819
2817
2830
2831
2829
2826
2827
2824
2825
2839
2838
2837
2835
2834
2833
2832
2847
2846
2845
2844
2842
2840
2913
2915
2917
2918
2922
2924
2929
2928
2931
2934
2937
2936
2939
2940
2943
2883
2880
2887
2884
2885
2891
2888
2889
2894
2895
2892
2893
2899
2903
2902
2901
2906
2905
2904
3284
3285
3286
3287
3281
3283
3292
3294
3295
3288
3289
3291
3318
3316
3317
3314
3315
3313
3327
3324
3325
3323
3320
3321
3303
3302
3301
3300
3296
3311
3309
3306
3305
3304
3527
3526
3525
3524
3523
3522
3521
3520
3535
3534
3533
3532
3531
3530
3528
3536
3537
3459
3458
3456
3462
3461
3460
3466
3465
3464
3468
3474
3475
3472
3473
3479
3477
3482
3483
3480
3481
3486
3484
3485
3489
3491
3490
3493
3492
3494
3497
3496
3499
3498
3501
3500
3502
3505
3506
3508
3509
3510
3511
3512
3513
3514
3517
3518
3519
3406
3407
3402
3403
3400
3401
3398
3399
3397
3394
3395
3392
3422
3421
3419
3418
3417
3415
3411
3410
3409
3408
3436
3437
3438
3432
3433
3435
3428
3429
3430
3431
3424
3425
3427
3453
3452
3455
3454
3448
3450
3444
3447
3446
3441
3440
3442
3338
3339
3336
3343
3340
3341
3330
3331
3328
3334
3335
3333
3352
3359
3358
3357
3346
3345
3344
3351
3350
3349
3348
3368
3369
3372
3373
3374
3375
3360
3361
3362
3363
3364
3365
3366
3384
3387
3386
3389
3388
3390
3377
3379
3378
3381
3383
3382
