956
958
952
953
954
955
948
949
950
951
944
945
947
940
942
936
939
938
933
932
935
934
929
928
931
930
926
927
924
925
922
923
920
918
919
917
915
912
911
910
909
907
905
904
903
901
900
899
898
1016
1017
1018
1019
1020
1021
1022
1023
1008
1009
1010
1011
1013
1015
1000
1003
1002
1005
1004
1007
1006
993
995
994
997
999
998
986
987
985
988
989
978
979
976
982
980
981
971
970
975
974
973
972
963
962
967
966
965
964
1100
1102
1103
1096
1097
1098
1099
1092
1093
1094
1095
1088
1089
1091
1116
1113
1112
1115
1114
1110
1105
1104
1107
1106
1135
1132
1133
1130
1131
1128
1129
1126
1124
1125
1122
1123
1120
1121
1150
1148
1147
1145
1143
1142
1141
1140
1139
1137
1032
1033
1034
1035
1036
1037
1038
1024
1026
1027
1028
1029
1030
1049
1051
1050
1053
1052
1055
1041
1040
1043
1042
1045
1044
1046
1066
1064
1065
1068
1069
1059
1056
1063
1060
1061
1083
1082
1081
1080
1087
1086
1085
1084
1075
1073
1072
1079
1078
1077
1076
1223
1217
1216
1219
1218
1229
1228
1231
1225
1226
1237
1238
1239
1232
1233
1235
1245
1246
1247
1240
1241
1243
1248
1271
1278
1279
1276
1277
1274
1275
1272
1273
1153
1152
1155
1156
1161
1160
1162
1165
1164
1167
1166
1168
1170
1171
1172
1173
1174
1175
1176
1177
1180
1183
1187
1186
1185
1184
1191
1190
1189
1195
1193
1199
1198
1196
1202
1200
1201
1206
1207
1210
1208
1215
1212
1407
1406
1401
1400
1403
1402
1399
1306
1305
1304
1311
1310
1309
1308
1299
1298
1297
1296
1303
1290
1291
1288
1289
1294
1295
1292
1282
1283
1280
1286
1287
1284
1285
1320
1321
1322
1312
1313
1314
1315
1316
1317
1318
1319
1494
1492
1490
1488
1489
1502
1503
1500
1498
1499
1496
1497
1479
1478
1476
1475
1474
1473
1472
1487
1486
1485
1483
1481
1525
1526
1520
1522
1523
1532
1531
1509
1511
1510
1505
1504
1507
1506
1517
1519
1518
1513
1512
1426
1427
1424
1430
1428
1429
1434
1435
1432
1433
1436
1437
1411
1410
1409
1408
1415
1414
1412
1418
1417
1416
1423
1422
1421
1420
1456
1457
1458
1459
1460
1463
1464
1465
1466
1467
1469
1470
1441
1440
1442
1445
1444
1447
1446
1449
1450
1453
1452
1455
1454
1548
1549
1550
1551
1544
1545
1546
1547
1540
1541
1542
1543
1536
1539
1557
1556
1553
1552
1555
1554
1763
1762
1761
1760
1767
1766
1765
1764
1770
1769
1768
1773
1772
1776
1777
1782
1783
1780
1781
1786
1787
1791
1788
1789
1729
1731
1730
1733
1732
1735
1734
1737
1736
1739
1738
1741
1740
1745
1746
1747
1748
1749
1750
1751
1752
1756
1757
1758
1759
1703
1702
1701
1700
1698
1697
1711
1710
1709
1707
1706
1704
1718
1719
1716
1717
1714
1715
1712
1726
1727
1724
1722
1720
1721
1677
1679
1678
1672
1675
1686
1687
1681
1682
1683
1692
1694
1695
1688
1689
1913
1914
1917
1919
1907
1906
1909
1908
1911
1910
1883
1882
1880
1886
1885
1884
1878
1877
1876
1866
1870
1871
1869
1858
1859
1856
1857
1862
1863
1855
1854
1848
1851
1847
1841
1840
1836
1837
1838
1839
1833
1834
1828
1829
1830
1831
1824
1826
1827
1821
1820
1819
1816
1815
1813
1811
1810
1809
1806
1807
1804
1805
1802
1800
1798
1799
1796
1797
1795
1792
1793
2032
2033
2034
2035
2036
2037
2038
2040
2042
2043
2044
2046
2047
2019
2018
2021
2020
2025
2024
2027
2026
2029
2028
2031
2030
2002
2000
2001
2007
2010
2011
2008
2009
2015
1987
1986
1985
1984
1990
1989
1988
1995
1992
1998
1997
1996
1972
1973
1975
1969
1970
1971
1980
1981
1982
1976
1978
1979
1957
1959
1958
1955
1966
1961
1962
1942
1943
1940
1938
1939
1937
1951
1948
1949
1947
1945
1927
1926
1925
1924
1923
1922
1920
1935
1933
1932
1931
1930
1928
2200
2201
2202
2205
2206
2192
2193
2196
2197
2199
2185
2184
2187
2189
2188
2191
2178
2181
2180
2182
2234
2235
2233
2238
2239
2236
2237
2226
2227
2224
2231
2229
2217
2216
2222
2221
2220
2211
2210
2209
2208
2214
2213
2268
2269
2271
2265
2267
2260
2261
2262
2263
2256
2258
2259
2253
2252
2254
2251
2250
2245
2247
2246
2241
2240
2243
2242
2299
2297
2294
2295
2292
2293
2290
2291
2289
2287
2286
2285
2283
2282
2281
2280
2279
2277
2276
2275
2274
2272
2066
2069
2068
2071
2070
2073
2072
2075
2077
2050
2054
2055
2057
2058
2059
2060
2062
2107
2106
2105
2104
2111
2110
2109
2083
2080
2084
2133
2132
2135
2134
2128
2131
2130
2141
2140
2137
2136
2139
2116
2117
2118
2119
2112
2113
2114
2115
2124
2125
2127
2120
2121
2122
2123
2166
2162
2161
2160
2173
2172
2170
2169
2168
2150
2151
2148
2149
2147
2144
2145
2159
2156
2157
2154
2155
2810
2808
2809
2815
2812
2813
2803
2800
2801
2806
2807
2804
2805
2795
2794
2793
2792
2799
2798
2797
2796
2787
2786
2784
2791
2790
2789
2788
2776
2777
2779
2780
2781
2782
2783
2768
2770
2771
2772
2773
2775
2761
2763
2765
2766
2755
2754
2758
2615
2613
2612
2611
2610
2609
2623
2621
2620
2619
2616
2675
2673
2672
2678
2677
2676
2683
2687
2685
2684
2658
2659
2663
2660
2661
2664
2665
2670
2671
2668
2641
2640
2643
2642
2645
2647
2649
2648
2653
2652
2655
2654
2624
2626
2627
2628
2630
2631
2632
2633
2634
2635
2636
2637
2639
2989
2991
2990
2985
2987
2986
2981
2980
2983
2982
2977
2976
2979
2978
3007
3000
3001
3002
2996
2997
2998
2999
2992
2993
2994
2959
2958
2957
2953
2951
2947
2946
2944
2974
2975
2972
2973
2970
2971
2968
2969
2966
2967
2965
2962
2960
3049
3048
3050
3053
3055
3054
3041
3040
3042
3045
3044
3047
3064
3065
3066
3056
3058
3060
3061
3062
3063
3019
3018
3017
3016
3022
3011
3010
3009
3008
3015
3013
3012
3032
3033
3038
3036
3026
3027
3024
3025
3031
3028
3029
2852
2853
2854
2855
2848
2849
2850
2851
2860
2861
2862
2863
2856
2857
2858
2859
2869
2868
2871
2870
2865
2864
2867
2866
2877
2876
2879
2878
2873
2872
2875
2822
2820
2821
2828
2829
2826
2827
2825
2839
2838
2836
2835
2834
2833
2846
2845
2844
2843
2842
2841
2840
2912
2915
2916
2917
2918
2919
2920
2922
2923
2924
2925
2926
2927
2928
2931
2933
2935
2934
2937
2936
2939
2938
2941
2943
2882
2883
2880
2881
2886
2887
2884
2885
2890
2891
2888
2894
2895
2892
2893
2898
2897
2896
2903
2902
2900
2907
2906
2905
2904
2911
2910
3285
3287
3281
3282
3283
3292
3294
3295
3288
3289
3290
3291
3318
3316
3314
3315
3312
3313
3327
3325
3320
3321
3303
3302
3301
3300
3299
3296
3311
3310
3309
3307
3306
3305
3304
3526
3525
3523
3522
3520
3534
3533
3532
3531
3530
3529
3528
3536
3537
3459
3458
3457
3456
3463
3462
3460
3466
3471
3470
3468
3474
3475
3472
3478
3477
3483
3480
3481
3484
3485
3488
3491
3490
3493
3494
3497
3496
3499
3501
3500
3503
3502
3504
3505
3506
3507
3508
3509
3510
3511
3512
3513
3514
3515
3516
3517
3518
3519
3406
3407
3404
3405
3402
3403
3400
3401
3398
3399
3396
3397
3394
3395
3392
3393
3423
3422
3421
3419
3417
3415
3411
3410
3409
3408
3437
3438
3432
3434
3435
3428
3429
3431
3425
3427
3453
3452
3455
3454
3448
3450
3445
3444
3447
3446
3441
3440
3443
3442
3339
3336
3337
3342
3343
3340
3341
3330
3328
3334
3335
3333
3354
3353
3352
3359
3358
3357
3347
3346
3345
3344
3351
3350
3349
3348
3368
3369
3370
3372
3373
3360
3361
3362
3365
3367
3385
3384
3387
3386
3389
3388
3391
3377
3376
3378
3380
3383
3382
