956
954
948
949
950
951
945
947
940
943
942
937
936
939
938
933
935
934
931
930
926
927
924
925
922
923
920
918
919
916
917
915
912
911
909
907
906
905
904
902
901
900
898
1018
1019
1021
1023
1009
1010
1011
1012
1013
1014
1015
1000
1003
1002
1005
1004
1007
1006
993
992
995
994
997
999
986
984
985
991
988
989
978
979
976
982
983
980
981
971
970
968
975
974
972
963
962
961
967
966
965
1100
1101
1103
1097
1098
1099
1092
1093
1094
1095
1088
1089
1090
1091
1117
1116
1119
1113
1112
1115
1114
1109
1111
1105
1104
1107
1106
1132
1133
1130
1131
1129
1126
1127
1124
1125
1122
1123
1120
1121
1151
1150
1149
1148
1147
1145
1143
1141
1139
1138
1137
1033
1035
1036
1037
1039
1025
1026
1027
1028
1029
1030
1031
1051
1050
1053
1052
1055
1054
1040
1042
1045
1044
1047
1046
1066
1067
1065
1070
1071
1068
1069
1058
1059
1056
1057
1063
1060
1061
1082
1081
1080
1087
1086
1085
1084
1075
1074
1073
1072
1079
1078
1077
1076
1221
1220
1223
1222
1217
1219
1229
1228
1231
1230
1225
1224
1227
1226
1236
1237
1238
1239
1232
1244
1247
1240
1241
1242
1243
1250
1249
1270
1271
1278
1279
1276
1277
1274
1275
1272
1273
1153
1152
1155
1157
1159
1163
1162
1165
1164
1167
1168
1169
1170
1171
1172
1173
1174
1175
1176
1177
1178
1179
1180
1181
1182
1183
1187
1186
1185
1184
1191
1193
1199
1198
1197
1196
1200
1201
1206
1207
1204
1205
1210
1208
1209
1214
1215
1212
1213
1405
1404
1407
1401
1403
1399
1306
1305
1310
1309
1299
1298
1297
1296
1303
1302
1300
1290
1288
1289
1294
1292
1293
1282
1283
1286
1287
1285
1321
1322
1323
1313
1314
1315
1317
1318
1494
1495
1493
1490
1491
1488
1489
1502
1503
1500
1498
1499
1496
1497
1479
1478
1476
1475
1473
1472
1487
1485
1484
1483
1482
1481
1480
1524
1526
1527
1520
1521
1522
1523
1533
1534
1528
1529
1530
1509
1508
1511
1510
1507
1506
1517
1516
1518
1513
1512
1514
1426
1427
1424
1425
1430
1431
1434
1432
1433
1438
1439
1436
1411
1410
1409
1408
1415
1414
1413
1412
1419
1418
1417
1416
1423
1422
1421
1420
1456
1457
1458
1459
1460
1461
1462
1463
1464
1466
1467
1468
1469
1470
1471
1441
1440
1443
1442
1445
1444
1447
1446
1449
1448
1450
1453
1452
1549
1551
1544
1545
1546
1547
1541
1542
1536
1537
1538
1557
1556
1553
1552
1555
1554
1763
1762
1760
1766
1765
1764
1771
1770
1769
1768
1775
1772
1779
1776
1777
1782
1783
1786
1787
1784
1790
1791
1789
1729
1731
1733
1732
1735
1734
1736
1739
1738
1741
1740
1743
1742
1744
1745
1747
1748
1749
1751
1752
1753
1757
1758
1759
1703
1702
1701
1700
1698
1697
1711
1708
1707
1706
1705
1704
1718
1719
1716
1715
1712
1713
1726
1727
1724
1725
1722
1720
1721
1676
1679
1678
1673
1675
1674
1685
1686
1687
1680
1681
1682
1683
1693
1694
1689
1690
1691
1913
1912
1915
1919
1918
1904
1907
1906
1909
1908
1911
1910
1902
1883
1882
1886
1885
1875
1872
1879
1878
1877
1876
1866
1864
1865
1870
1871
1868
1869
1858
1859
1856
1857
1862
1860
1852
1855
1854
1851
1850
1845
1847
1846
1841
1836
1838
1839
1833
1834
1829
1830
1831
1825
1826
1823
1822
1821
1820
1819
1818
1816
1815
1813
1812
1811
1810
1809
1808
1806
1807
1804
1805
1802
1800
1801
1798
1799
1796
1797
1794
1795
1792
1793
2032
2033
2034
2036
2037
2038
2039
2040
2042
2043
2044
2045
2046
2047
2017
2019
2018
2021
2020
2023
2022
2024
2027
2026
2029
2028
2031
2002
2003
2000
2001
2007
2011
2008
2009
2015
2012
1987
1990
1989
1988
1995
1992
1999
1998
1997
1996
1973
1975
1969
1971
1980
1981
1982
1983
1976
1978
1957
1956
1959
1953
1955
1954
1965
1967
1966
1961
1963
1942
1943
1940
1941
1938
1939
1936
1937
1948
1947
1944
1945
1927
1926
1925
1923
1922
1921
1920
1935
1934
1933
1931
1930
1928
2200
2202
2205
2206
2207
2192
2193
2194
2195
2196
2197
2198
2199
2184
2186
2189
2188
2191
2190
2178
2181
2180
2183
2182
2234
2235
2232
2233
2238
2237
2226
2227
2224
2225
2231
2228
2229
2219
2218
2217
2216
2223
2222
2221
2220
2210
2209
2208
2215
2214
2212
2268
2269
2264
2265
2266
2267
2260
2261
2262
2263
2257
2258
2259
2252
2255
2254
2249
2248
2251
2250
2245
2244
2247
2246
2241
2243
2302
2303
2300
2301
2298
2299
2296
2297
2294
2295
2292
2290
2288
2287
2286
2285
2283
2281
2279
2277
2276
2275
2274
2272
2064
2067
2066
2069
2073
2075
2077
2079
2078
2048
2049
2050
2052
2053
2054
2055
2057
2058
2059
2060
2062
2063
2106
2105
2104
2111
2110
2109
2083
2080
2081
2084
2133
2135
2134
2128
2131
2130
2141
2140
2142
2137
2136
2139
2116
2117
2118
2119
2113
2127
2120
2121
2122
2123
2167
2166
2165
2164
2163
2162
2161
2160
2175
2173
2172
2171
2170
2169
2168
2150
2148
2146
2147
2144
2145
2158
2159
2156
2157
2154
2155
2152
2153
2810
2811
2808
2809
2815
2812
2813
2802
2803
2800
2801
2807
2804
2795
2794
2793
2799
2798
2797
2796
2785
2784
2791
2790
2789
2788
2776
2777
2779
2781
2782
2771
2772
2763
2762
2765
2767
2766
2755
2754
2757
2759
2758
2615
2612
2611
2610
2609
2608
2623
2622
2621
2620
2619
2616
2675
2672
2677
2676
2682
2681
2680
2687
2685
2658
2659
2657
2662
2663
2660
2666
2664
2665
2670
2668
2669
2641
2640
2642
2645
2644
2646
2649
2648
2653
2652
2654
2624
2625
2626
2627
2628
2629
2630
2631
2632
2633
2634
2635
2639
2989
2991
2990
2984
2987
2986
2980
2983
2977
2976
3006
3000
3001
3002
2996
2997
2998
2992
2993
2994
2995
2959
2958
2957
2953
2952
2951
2950
2947
2946
2945
2944
2974
2975
2973
2970
2971
2969
2966
2965
2961
3048
3051
3050
3052
3055
3054
3041
3043
3045
3044
3047
3064
3065
3066
3056
3058
3059
3061
3062
3063
3017
3016
3023
3022
3021
3020
3011
3010
3015
3013
3012
3034
3035
3032
3033
3036
3026
3027
3024
3025
3031
2852
2853
2854
2855
2848
2849
2850
2851
2860
2861
2863
2856
2857
2858
2859
2869
2868
2871
2864
2866
2877
2876
2879
2878
2872
2875
2874
2822
2823
2820
2819
2817
2831
2828
2829
2826
2827
2824
2825
2839
2838
2837
2836
2835
2833
2832
2847
2846
2844
2842
2841
2840
2912
2913
2915
2916
2917
2918
2919
2920
2921
2922
2923
2924
2925
2926
2927
2929
2931
2933
2935
2934
2936
2938
2941
2943
2882
2880
2881
2886
2887
2885
2890
2888
2889
2895
2892
2893
2899
2898
2897
2901
2900
2911
2910
3285
3286
3287
3281
3282
3283
3292
3293
3294
3295
3288
3289
3290
3291
3316
3317
3314
3312
3313
3327
3324
3322
3323
3320
3321
3302
3301
3300
3299
3298
3297
3296
3310
3307
3306
3305
3526
3525
3524
3523
3522
3521
3535
3534
3533
3532
3531
3530
3529
3528
3536
3457
3456
3462
3461
3460
3466
3465
3464
3470
3468
3474
3475
3472
3473
3479
3477
3482
3483
3486
3487
3484
3485
3489
3488
3490
3493
3492
3495
3494
3497
3496
3499
3498
3501
3500
3503
3502
3504
3505
3506
3507
3509
3510
3512
3515
3516
3517
3518
3406
3404
3405
3402
3401
3399
3396
3397
3394
3392
3423
3421
3419
3418
3417
3416
3415
3412
3411
3410
3409
3408
3436
3437
3432
3433
3434
3435
3429
3430
3431
3425
3427
3453
3452
3455
3449
3448
3450
3445
3444
3447
3446
3441
3440
3443
3338
3339
3336
3337
3342
3343
3340
3341
3330
3329
3334
3333
3353
3352
3359
3358
3346
3345
3344
3350
3349
3348
3368
3369
3370
3372
3373
3374
3360
3361
3362
3364
3366
3367
3385
3384
3389
3388
3391
3390
3376
3379
3378
3381
3383
3382
