956
958
944
942
939
938
924
922
923
918
916
915
909
900
1009
1010
1001
1006
994
987
976
971
1103
1098
1092
1093
1088
1090
1114
1109
1108
1105
1104
1106
1131
1123
1151
1146
1140
1137
1034
1038
1024
1044
1066
1067
1083
1087
1086
1084
1072
1078
1077
1216
1219
1235
1276
1157
1172
1173
1177
1184
1191
1188
1203
1207
1209
1212
1404
1407
1406
1400
1297
1296
1292
1284
1320
1321
1317
1495
1489
1502
1503
1497
1472
1485
1483
1482
1481
1527
1521
1535
1531
1508
1504
1507
1519
1513
1431
1432
1438
1412
1458
1440
1445
1550
1551
1546
1539
1553
1763
1771
1772
1790
1730
1732
1735
1736
1739
1748
1749
1750
1703
1711
1709
1719
1716
1714
1712
1713
1725
1686
1680
1690
1903
1884
1879
1878
1876
1866
1863
1860
1846
1838
1835
1824
1823
1816
1815
1807
1804
1798
2032
2047
2019
2023
2022
2026
2002
2011
2008
1992
1999
1970
1976
1956
1959
1958
1953
1955
1936
1937
1951
1921
1920
1934
1931
1930
2201
2184
2187
2188
2235
2233
2228
2229
2221
2220
2211
2266
2262
2257
2259
2249
2247
2242
2303
2300
2299
2294
2291
2289
2285
2066
2063
2107
2133
2128
2141
2142
2137
2119
2124
2127
2161
2160
2145
2154
2808
2803
2801
2785
2777
2780
2781
2771
2773
2760
2755
2613
2621
2620
2616
2680
2659
2660
2665
2671
2642
2655
2625
2632
2635
2983
2982
3007
2997
2999
2947
2974
2972
3040
3056
3062
3016
3020
3008
3015
3032
3025
3028
2867
2877
2818
2833
2832
2847
2842
2918
2925
2926
2927
2929
2931
2886
2889
2899
2906
2910
3286
3287
3295
3316
3317
3313
3325
3323
3300
3297
3296
3309
3306
3534
3530
3470
3473
3479
3477
3482
3483
3481
3489
3490
3492
3496
3498
3501
3503
3502
3506
3508
3404
3401
3392
3423
3419
3416
3411
3409
3428
3424
3447
3330
3374
3360
3362
3366
3384
3378
3383
