952
955
950
951
933
934
926
927
922
915
912
905
1020
1023
1001
1000
1002
996
979
976
962
961
964
1095
1117
1113
1109
1108
1110
1133
1130
1131
1126
1149
1148
1145
1035
1038
1024
1029
1041
1043
1070
1063
1086
1075
1074
1076
1219
1231
1230
1224
1233
1244
1247
1240
1242
1271
1159
1158
1161
1167
1169
1171
1186
1197
1207
1204
1407
1401
1403
1303
1294
1282
1283
1286
1320
1323
1490
1488
1476
1485
1525
1523
1533
1529
1531
1505
1506
1518
1514
1409
1421
1457
1458
1466
1441
1452
1536
1556
1554
1761
1766
1779
1783
1733
1735
1734
1738
1745
1700
1710
1720
1676
1678
1912
1914
1907
1903
1874
1872
1877
1876
1858
1863
1855
1851
1847
1834
1823
1822
1817
1813
1812
1805
1797
2034
2039
2045
2017
2018
2025
2000
2001
2006
2007
2008
2014
1985
1984
1988
1998
1997
1972
1973
1975
1982
1983
1959
1954
1966
1962
1947
1944
1923
1929
2202
2204
2196
2185
2186
2179
2178
2180
2182
2226
2231
2215
2266
2263
2257
2259
2254
2246
2242
2302
2298
2292
2064
2073
2077
2078
2049
2060
2111
2084
2134
2128
2136
2117
2118
2119
2112
2146
2158
2154
2812
2803
2800
2794
2793
2776
2775
2760
2763
2755
2757
2756
2611
2610
2680
2659
2671
2640
2655
2628
2635
2989
3002
2994
2995
2957
2952
2950
2975
2960
3050
3041
3064
3018
3009
3039
3037
2852
2856
2869
2865
2874
2822
2821
2828
2836
2833
2845
2843
2842
2913
2915
2917
2919
2921
2893
2896
2902
2901
2905
2911
3281
3317
3312
3313
3320
3321
3302
3300
3297
3307
3305
3525
3520
3532
3528
3458
3463
3466
3464
3470
3473
3485
3492
3504
3506
3507
3517
3404
3397
3395
3393
3418
3410
3436
3437
3438
3434
3430
3440
3338
3342
3341
3359
3375
3384
3386
3378
