956
958
952
953
954
948
949
951
944
945
946
947
943
937
936
939
938
933
932
935
929
928
931
930
926
927
924
925
923
920
918
919
916
917
915
912
909
908
907
905
904
903
902
901
899
898
1018
1019
1020
1022
1023
1009
1010
1013
1014
1015
1000
1003
1002
1007
1006
993
992
995
994
997
999
986
987
984
985
990
988
978
979
976
982
983
980
981
971
970
975
974
973
972
963
961
960
966
1100
1101
1102
1103
1096
1097
1098
1099
1093
1088
1089
1090
1091
1117
1116
1118
1115
1114
1109
1110
1105
1104
1106
1135
1132
1133
1130
1131
1128
1129
1124
1125
1123
1121
1150
1149
1148
1147
1146
1145
1144
1143
1142
1141
1140
1139
1138
1137
1032
1033
1034
1035
1036
1037
1038
1039
1024
1026
1027
1028
1029
1030
1031
1048
1051
1050
1053
1055
1054
1040
1043
1042
1045
1044
1046
1067
1064
1065
1071
1068
1059
1056
1057
1063
1060
1061
1083
1082
1081
1085
1084
1074
1073
1072
1079
1078
1077
1076
1221
1220
1223
1222
1217
1216
1219
1218
1228
1231
1230
1225
1224
1227
1237
1238
1239
1232
1233
1234
1235
1244
1245
1246
1240
1241
1242
1243
1250
1249
1248
1270
1271
1278
1279
1276
1277
1275
1272
1273
1153
1152
1154
1157
1159
1158
1160
1163
1165
1166
1168
1169
1171
1172
1173
1174
1175
1176
1177
1181
1182
1183
1187
1186
1185
1190
1188
1193
1199
1198
1197
1196
1202
1203
1200
1201
1206
1207
1204
1205
1211
1208
1209
1214
1215
1213
1405
1404
1407
1401
1400
1403
1402
1399
1306
1305
1311
1310
1309
1308
1299
1298
1297
1303
1302
1301
1300
1290
1291
1294
1295
1293
1282
1280
1281
1287
1284
1320
1321
1322
1323
1312
1313
1314
1315
1316
1317
1319
1494
1495
1492
1493
1490
1491
1488
1502
1503
1500
1501
1499
1497
1479
1478
1477
1476
1475
1472
1487
1486
1485
1484
1483
1482
1481
1480
1524
1525
1526
1527
1520
1521
1522
1523
1535
1529
1530
1531
1509
1511
1510
1505
1504
1507
1506
1517
1516
1519
1518
1513
1512
1514
1426
1424
1425
1431
1428
1429
1434
1435
1438
1436
1437
1411
1410
1409
1413
1419
1418
1417
1416
1423
1422
1421
1420
1456
1457
1458
1459
1460
1461
1462
1464
1466
1467
1468
1469
1471
1441
1440
1443
1445
1444
1447
1446
1449
1450
1455
1548
1550
1551
1545
1546
1547
1541
1542
1536
1537
1538
1539
1557
1553
1552
1555
1554
1763
1762
1761
1760
1767
1764
1771
1769
1768
1775
1772
1779
1776
1777
1782
1783
1780
1781
1786
1787
1784
1785
1790
1791
1789
1729
1731
1730
1733
1735
1734
1737
1736
1741
1743
1742
1744
1746
1747
1748
1749
1750
1751
1752
1753
1756
1757
1758
1759
1702
1701
1700
1698
1696
1710
1709
1708
1706
1705
1704
1718
1719
1716
1717
1714
1715
1712
1713
1726
1727
1724
1725
1722
1720
1721
1677
1679
1678
1673
1672
1675
1674
1684
1686
1687
1681
1682
1683
1692
1693
1694
1695
1688
1689
1690
1691
1913
1915
1914
1917
1919
1918
1904
1907
1906
1909
1908
1910
1903
1883
1881
1880
1887
1886
1885
1884
1875
1874
1872
1879
1878
1877
1876
1864
1871
1868
1869
1858
1859
1856
1862
1863
1852
1851
1850
1845
1847
1840
1836
1837
1839
1833
1834
1835
1829
1831
1824
1825
1826
1823
1822
1821
1820
1819
1818
1817
1816
1815
1813
1812
1811
1810
1808
1806
1807
1804
1802
1803
1800
1798
1797
1794
1792
1793
2032
2033
2034
2035
2036
2037
2039
2040
2042
2043
2044
2045
2046
2018
2021
2020
2023
2022
2025
2027
2026
2029
2028
2031
2002
2003
2001
2007
2010
2011
2008
2009
2014
2012
2013
1987
1986
1985
1989
1995
1992
1999
1998
1997
1996
1972
1973
1969
1970
1980
1982
1983
1978
1957
1956
1958
1955
1954
1965
1964
1967
1961
1963
1942
1943
1939
1936
1950
1948
1949
1947
1945
1927
1924
1922
1921
1920
1933
1932
1930
1929
1928
2200
2201
2204
2205
2207
2192
2193
2194
2195
2197
2198
2199
2185
2184
2187
2186
2188
2191
2190
2181
2180
2183
2182
2235
2232
2233
2238
2236
2237
2226
2227
2224
2225
2228
2229
2219
2218
2217
2216
2223
2222
2221
2220
2211
2209
2208
2215
2214
2213
2212
2268
2269
2270
2271
2266
2260
2261
2262
2263
2256
2258
2252
2255
2254
2249
2248
2251
2250
2244
2247
2241
2243
2242
2303
2300
2301
2298
2297
2294
2295
2290
2291
2288
2289
2287
2286
2284
2283
2282
2281
2276
2275
2274
2064
2067
2066
2069
2068
2071
2070
2073
2072
2079
2078
2048
2049
2050
2051
2052
2053
2054
2055
2057
2058
2059
2061
2062
2063
2107
2106
2105
2104
2111
2110
2082
2083
2080
2081
2084
2133
2132
2135
2134
2128
2131
2130
2141
2140
2143
2137
2136
2116
2117
2118
2119
2112
2113
2114
2115
2124
2127
2120
2121
2122
2123
2166
2165
2164
2163
2161
2160
2173
2172
2171
2170
2169
2168
2148
2149
2146
2144
2145
2158
2159
2157
2154
2155
2152
2153
2810
2813
2802
2803
2801
2807
2794
2797
2787
2785
2784
2791
2790
2776
2777
2778
2780
2782
2768
2770
2771
2774
2761
2760
2764
2767
2766
2755
2754
2759
2758
2613
2612
2611
2609
2623
2622
2621
2620
2619
2616
2673
2672
2679
2676
2683
2682
2681
2680
2687
2686
2684
2658
2659
2662
2661
2666
2665
2670
2671
2668
2669
2641
2640
2642
2645
2644
2647
2646
2649
2653
2652
2655
2624
2625
2626
2627
2628
2629
2630
2631
2632
2633
2634
2636
2639
2989
2991
2990
2985
2987
2986
2981
2980
2983
2982
2977
2976
2979
2978
3006
3007
3000
3001
3002
2997
2999
2992
2993
2994
2959
2958
2957
2953
2952
2951
2947
2946
2945
2974
2972
2973
2970
2971
2968
2969
2967
2965
2962
2961
3049
3048
3051
3050
3053
3052
3055
3054
3041
3040
3044
3047
3046
3064
3065
3066
3056
3058
3059
3060
3061
3062
3018
3017
3023
3022
3021
3011
3010
3009
3008
3015
3014
3013
3012
3034
3035
3032
3038
3039
3036
3037
3026
3024
3025
3030
3031
2854
2848
2849
2850
2851
2860
2861
2862
2863
2856
2858
2859
2869
2868
2871
2870
2865
2864
2867
2866
2877
2876
2879
2878
2873
2872
2875
2874
2823
2820
2819
2817
2830
2831
2828
2829
2827
2839
2838
2837
2836
2835
2833
2832
2847
2846
2844
2843
2842
2841
2840
2913
2915
2916
2917
2918
2919
2920
2921
2924
2925
2926
2927
2931
2933
2932
2935
2934
2937
2939
2938
2941
2940
2943
2882
2883
2881
2886
2887
2884
2890
2891
2889
2894
2895
2892
2893
2899
2898
2897
2896
2903
2902
2901
2900
2907
2906
2905
2904
2911
3285
3286
3287
3281
3282
3283
3292
3293
3294
3295
3288
3289
3290
3291
3317
3314
3315
3312
3327
3324
3325
3322
3323
3320
3302
3301
3300
3299
3298
3297
3310
3307
3306
3304
3527
3526
3525
3524
3523
3522
3535
3533
3532
3530
3529
3528
3536
3458
3457
3456
3462
3461
3466
3464
3471
3470
3474
3475
3472
3473
3478
3477
3483
3480
3481
3484
3485
3491
3490
3493
3492
3495
3494
3497
3499
3498
3501
3503
3502
3504
3505
3507
3508
3509
3510
3511
3513
3515
3516
3517
3518
3519
3406
3407
3404
3402
3401
3398
3396
3397
3394
3392
3393
3423
3422
3421
3419
3417
3416
3415
3412
3410
3409
3408
3436
3437
3433
3435
3428
3430
3431
3425
3427
3452
3455
3454
3448
3450
3444
3447
3446
3441
3440
3443
3442
3338
3337
3342
3340
3330
3328
3329
3334
3335
3333
3353
3352
3358
3357
3347
3346
3345
3344
3351
3350
3368
3369
3370
3374
3360
3361
3362
3363
3364
3365
3366
3367
3385
3384
3387
3386
3389
3388
3391
3390
3377
3376
3379
3378
3381
3380
3383
3382
