956
958
952
953
954
955
949
950
946
947
940
943
942
937
939
938
933
932
934
929
928
931
930
926
927
922
923
919
916
917
915
911
910
909
907
905
904
903
902
900
1016
1017
1018
1020
1021
1022
1023
1008
1009
1010
1011
1012
1013
1014
1001
1000
1003
1002
1005
1004
993
992
995
997
996
999
998
986
987
984
985
990
991
988
989
978
979
982
983
980
981
970
968
974
973
972
963
962
961
960
966
965
964
1100
1102
1103
1096
1098
1092
1094
1089
1090
1091
1117
1116
1119
1113
1112
1115
1114
1109
1108
1111
1110
1105
1104
1106
1134
1135
1132
1133
1130
1131
1129
1126
1127
1124
1125
1151
1150
1149
1146
1144
1142
1141
1140
1139
1138
1137
1136
1032
1033
1034
1035
1036
1037
1038
1039
1024
1025
1026
1028
1029
1030
1031
1051
1050
1052
1054
1041
1040
1043
1045
1047
1046
1066
1067
1064
1065
1070
1071
1068
1069
1058
1059
1057
1063
1060
1061
1083
1082
1081
1086
1085
1084
1075
1074
1073
1072
1079
1078
1077
1076
1221
1220
1217
1216
1219
1218
1228
1231
1225
1227
1236
1237
1239
1232
1233
1234
1235
1246
1247
1242
1249
1248
1270
1271
1278
1279
1276
1277
1274
1272
1273
1153
1152
1155
1154
1156
1159
1158
1160
1163
1162
1165
1167
1166
1168
1169
1170
1172
1174
1175
1177
1178
1179
1180
1181
1182
1183
1187
1186
1185
1184
1191
1189
1188
1195
1194
1193
1199
1196
1203
1200
1206
1207
1204
1205
1211
1208
1209
1214
1215
1213
1405
1404
1407
1406
1401
1400
1403
1402
1399
1306
1305
1304
1311
1310
1309
1308
1299
1298
1297
1296
1303
1302
1300
1290
1291
1288
1289
1295
1292
1293
1282
1283
1280
1281
1286
1287
1321
1322
1323
1313
1314
1315
1316
1317
1318
1319
1494
1495
1492
1493
1490
1491
1488
1489
1502
1503
1496
1478
1477
1476
1475
1472
1487
1486
1485
1484
1483
1482
1481
1480
1524
1525
1526
1527
1520
1521
1522
1532
1533
1534
1529
1530
1531
1509
1508
1511
1510
1505
1507
1506
1517
1516
1519
1518
1513
1512
1514
1426
1427
1424
1425
1430
1431
1428
1429
1435
1432
1433
1438
1439
1436
1437
1411
1410
1409
1408
1414
1413
1412
1418
1422
1421
1420
1457
1458
1459
1461
1462
1463
1464
1465
1466
1467
1468
1469
1470
1471
1441
1440
1443
1442
1445
1444
1446
1449
1448
1451
1450
1453
1452
1455
1548
1549
1551
1544
1545
1546
1547
1540
1541
1542
1543
1536
1538
1539
1557
1556
1552
1555
1554
1763
1762
1761
1760
1767
1766
1765
1771
1769
1768
1775
1773
1772
1779
1776
1777
1782
1783
1780
1781
1786
1787
1784
1785
1790
1791
1789
1730
1733
1732
1735
1737
1736
1739
1738
1741
1740
1742
1744
1745
1746
1747
1748
1751
1752
1753
1756
1757
1759
1702
1701
1700
1699
1698
1696
1709
1708
1706
1704
1718
1719
1716
1714
1715
1712
1713
1726
1727
1725
1722
1721
1676
1679
1678
1673
1672
1674
1684
1685
1686
1687
1680
1681
1682
1683
1692
1693
1694
1695
1688
1689
1690
1691
1913
1912
1915
1914
1917
1918
1904
1907
1906
1908
1910
1903
1883
1882
1880
1887
1886
1885
1884
1875
1872
1879
1878
1877
1876
1866
1864
1865
1870
1871
1868
1869
1858
1859
1857
1862
1860
1855
1854
1850
1845
1846
1840
1836
1837
1838
1839
1834
1835
1828
1829
1831
1824
1825
1826
1827
1823
1822
1821
1820
1819
1818
1817
1816
1815
1813
1812
1809
1808
1806
1807
1804
1805
1802
1803
1800
1801
1799
1797
1794
1795
1793
2032
2035
2036
2038
2040
2042
2044
2045
2046
2047
2017
2018
2021
2022
2025
2024
2027
2026
2029
2028
2030
2002
2003
2000
2001
2006
2007
2011
2014
2015
2012
2013
1987
1986
1985
1984
1989
1988
1995
1992
1999
1997
1972
1973
1975
1969
1970
1971
1980
1983
1976
1978
1979
1957
1958
1955
1954
1965
1964
1967
1966
1962
1942
1943
1940
1941
1938
1939
1936
1937
1950
1951
1948
1949
1947
1944
1945
1926
1924
1923
1921
1920
1935
1934
1933
1932
1931
1930
1929
2202
2203
2204
2206
2207
2193
2194
2195
2196
2197
2198
2199
2185
2187
2188
2191
2190
2179
2178
2181
2180
2183
2182
2235
2232
2238
2237
2226
2227
2224
2225
2230
2228
2229
2219
2218
2217
2216
2223
2222
2221
2220
2211
2209
2208
2215
2213
2212
2268
2264
2260
2261
2262
2263
2256
2258
2259
2253
2252
2255
2254
2249
2251
2250
2245
2244
2247
2246
2241
2240
2243
2242
2302
2303
2300
2301
2296
2297
2294
2295
2292
2293
2288
2289
2287
2286
2285
2284
2283
2281
2280
2279
2277
2276
2275
2274
2272
2064
2067
2066
2068
2071
2070
2073
2072
2077
2078
2048
2049
2050
2051
2052
2053
2054
2055
2057
2058
2059
2107
2106
2105
2110
2082
2083
2080
2081
2084
2133
2132
2135
2128
2141
2140
2142
2139
2116
2118
2113
2114
2115
2124
2127
2120
2121
2167
2166
2165
2163
2175
2173
2172
2171
2170
2169
2168
2150
2151
2148
2149
2146
2144
2145
2158
2159
2156
2154
2153
2810
2811
2808
2812
2813
2802
2801
2807
2804
2805
2793
2792
2799
2798
2797
2796
2787
2786
2785
2784
2791
2790
2789
2788
2777
2778
2779
2780
2782
2783
2768
2770
2771
2772
2773
2775
2760
2763
2764
2766
2754
2757
2759
2758
2615
2611
2610
2609
2608
2623
2622
2621
2620
2619
2616
2675
2672
2679
2678
2677
2676
2683
2682
2681
2680
2687
2686
2685
2684
2658
2657
2662
2663
2660
2661
2666
2667
2664
2665
2670
2671
2669
2641
2642
2645
2644
2647
2646
2648
2653
2652
2655
2654
2624
2625
2626
2627
2629
2630
2631
2633
2635
2636
2637
2639
2989
2990
2984
2987
2986
2980
2983
2982
2977
2976
2979
2978
3006
3007
3000
3001
2996
2997
2998
2999
2994
2995
2959
2958
2957
2953
2952
2951
2950
2947
2946
2944
2974
2972
2973
2968
2969
2966
2962
2963
2961
3051
3055
3041
3040
3043
3042
3045
3047
3064
3065
3066
3056
3060
3061
3062
3018
3016
3023
3020
3011
3009
3008
3015
3014
3013
3012
3034
3032
3039
3036
3037
3026
3024
3025
3030
3031
3028
3029
2852
2853
2854
2855
2848
2849
2850
2860
2862
2863
2856
2857
2858
2859
2869
2871
2865
2866
2876
2879
2878
2872
2822
2823
2820
2818
2819
2817
2830
2831
2828
2829
2826
2824
2825
2838
2837
2836
2835
2834
2833
2832
2847
2846
2845
2844
2843
2842
2841
2912
2913
2917
2918
2919
2920
2921
2922
2923
2925
2927
2929
2928
2933
2932
2935
2934
2936
2938
2940
2882
2883
2887
2884
2895
2892
2899
2898
2896
2903
2902
2901
2900
2907
2904
2911
2910
3284
3285
3286
3287
3281
3293
3294
3295
3288
3289
3290
3291
3318
3316
3314
3312
3313
3324
3322
3323
3320
3303
3301
3299
3297
3296
3311
3310
3309
3307
3305
3527
3526
3525
3524
3523
3521
3520
3535
3534
3533
3531
3530
3529
3528
3536
3537
3459
3458
3457
3456
3463
3462
3461
3460
3465
3464
3470
3468
3474
3475
3472
3478
3479
3477
3482
3483
3480
3487
3484
3485
3488
3491
3490
3493
3492
3494
3497
3496
3499
3498
3501
3500
3505
3506
3507
3508
3509
3511
3513
3514
3515
3516
3517
3518
3519
3406
3404
3405
3403
3400
3398
3399
3396
3394
3395
3392
3393
3423
3422
3419
3418
3417
3416
3415
3412
3411
3410
3436
3437
3432
3433
3435
3428
3429
3430
3431
3425
3453
3455
3454
3449
3450
3445
3444
3447
3440
3443
3442
3338
3339
3343
3340
3341
3330
3328
3334
3333
3354
3353
3352
3359
3358
3357
3347
3344
3351
3350
3349
3348
3368
3369
3370
3372
3373
3374
3375
3360
3361
3362
3363
3364
3365
3366
3367
3384
3387
3386
3389
3390
3377
3376
3379
3378
3383
3382
