952
948
947
942
931
912
899
898
1022
1023
1013
1014
1001
1005
1004
984
981
973
1097
1088
1089
1113
1104
1124
1148
1147
1146
1143
1034
1038
1026
1030
1048
1051
1040
1045
1071
1069
1058
1063
1061
1082
1074
1079
1230
1225
1227
1237
1239
1247
1242
1249
1275
1272
1152
1159
1178
1180
1186
1185
1210
1400
1403
1309
1298
1303
1290
1294
1287
1323
1312
1317
1501
1473
1472
1486
1533
1528
1531
1427
1432
1415
1416
1423
1456
1457
1459
1441
1445
1448
1455
1548
1545
1547
1537
1556
1553
1762
1760
1769
1773
1779
1776
1777
1786
1789
1737
1739
1738
1741
1748
1749
1750
1699
1698
1711
1709
1705
1704
1719
1714
1724
1673
1672
1690
1691
1907
1906
1883
1874
1877
1864
1871
1857
1855
1850
1846
1837
1833
1824
1825
1827
1821
1816
1811
1810
1800
1801
1796
1795
2045
2047
2018
2025
2024
2028
2000
2010
2015
2012
1987
1985
1997
1969
1971
1982
1978
1957
1966
1941
1939
1936
1945
1926
1924
1923
1921
1920
1931
1930
1928
2206
2198
2189
2188
2224
2229
2219
2222
2220
2211
2208
2215
2212
2270
2264
2267
2258
2245
2298
2299
2297
2290
2283
2282
2279
2277
2053
2057
2060
2104
2111
2110
2081
2133
2143
2139
2115
2165
2163
2160
2173
2172
2168
2157
2155
2152
2153
2813
2805
2793
2785
2788
2777
2779
2770
2772
2761
2760
2765
2754
2623
2678
2677
2681
2686
2684
2659
2660
2661
2670
2643
2652
2625
2626
2627
2984
2981
2983
2977
2979
3006
2959
2951
2974
2970
2969
2966
2960
2961
3050
3055
3054
3061
3062
3021
3011
3009
3034
2861
2856
2871
2867
2877
2875
2874
2819
2835
2846
2918
2925
2929
2928
2939
2891
2901
2907
2904
3285
3283
3292
3293
3317
3324
3320
3301
3298
3297
3307
3304
3522
3534
3532
3537
3461
3460
3474
3477
3488
3491
3494
3502
3505
3405
3402
3403
3392
3411
3432
3433
3425
3427
3454
3446
3443
3442
3333
3348
3365
3389
3388
