956
958
952
953
954
955
948
949
950
951
946
947
943
942
937
936
938
933
932
934
929
931
930
926
924
925
922
923
920
918
919
916
917
912
909
906
904
903
902
901
1016
1018
1019
1020
1021
1022
1023
1008
1011
1012
1013
1015
1001
1000
1002
1005
1004
1007
1006
993
995
994
997
996
999
998
986
987
984
985
990
991
989
978
976
982
971
970
968
975
972
963
962
961
960
967
966
964
1101
1102
1103
1096
1097
1099
1092
1093
1094
1095
1088
1089
1091
1117
1116
1119
1113
1112
1115
1114
1109
1108
1105
1107
1106
1134
1135
1132
1133
1130
1131
1128
1126
1124
1122
1123
1120
1121
1151
1150
1149
1148
1147
1146
1145
1144
1143
1142
1141
1140
1139
1138
1137
1136
1032
1034
1035
1037
1039
1024
1025
1027
1030
1031
1049
1048
1051
1053
1052
1055
1040
1043
1042
1045
1044
1047
1046
1066
1067
1064
1065
1070
1071
1068
1058
1056
1057
1083
1082
1081
1080
1087
1086
1085
1075
1074
1072
1079
1078
1221
1220
1222
1217
1216
1218
1228
1231
1230
1225
1224
1227
1226
1237
1238
1239
1233
1234
1235
1244
1246
1247
1240
1241
1242
1243
1250
1270
1271
1278
1279
1276
1277
1274
1275
1272
1273
1153
1152
1155
1154
1157
1156
1159
1158
1161
1160
1163
1165
1167
1166
1168
1169
1170
1171
1174
1175
1176
1177
1178
1179
1181
1182
1183
1186
1185
1190
1189
1188
1195
1194
1193
1199
1198
1197
1196
1202
1203
1201
1206
1204
1205
1210
1211
1208
1209
1214
1215
1212
1213
1405
1404
1407
1406
1401
1403
1402
1305
1304
1311
1310
1309
1308
1299
1296
1303
1301
1300
1290
1291
1289
1294
1295
1292
1293
1282
1283
1281
1286
1287
1284
1285
1320
1322
1323
1312
1314
1315
1316
1317
1318
1319
1494
1495
1492
1493
1490
1491
1489
1502
1500
1501
1498
1499
1496
1497
1477
1476
1473
1487
1486
1485
1484
1483
1482
1481
1480
1524
1525
1526
1527
1521
1522
1532
1533
1535
1529
1530
1531
1509
1508
1511
1510
1505
1504
1507
1506
1517
1516
1513
1512
1514
1427
1425
1430
1431
1428
1429
1434
1435
1432
1433
1438
1439
1436
1411
1409
1415
1414
1413
1417
1416
1423
1422
1421
1420
1456
1457
1458
1461
1463
1464
1465
1466
1467
1468
1469
1470
1441
1440
1442
1445
1444
1447
1446
1449
1448
1451
1450
1453
1452
1455
1548
1549
1551
1546
1540
1542
1543
1536
1537
1538
1556
1553
1555
1554
1763
1762
1760
1767
1766
1764
1771
1770
1768
1775
1773
1772
1779
1776
1782
1783
1780
1781
1786
1784
1785
1790
1791
1788
1789
1729
1731
1730
1733
1732
1734
1737
1736
1739
1738
1741
1740
1743
1742
1744
1745
1746
1747
1748
1750
1751
1752
1756
1757
1702
1700
1699
1698
1696
1711
1707
1706
1704
1718
1717
1714
1715
1712
1713
1726
1725
1722
1720
1677
1679
1678
1673
1672
1675
1674
1684
1685
1687
1680
1681
1682
1683
1692
1693
1694
1695
1688
1689
1690
1691
1913
1912
1915
1917
1919
1918
1904
1907
1906
1909
1908
1911
1883
1882
1887
1886
1885
1884
1875
1872
1877
1866
1864
1865
1870
1871
1868
1869
1858
1859
1856
1857
1862
1863
1860
1852
1848
1850
1847
1846
1841
1837
1839
1833
1834
1835
1830
1831
1824
1825
1826
1827
1822
1821
1819
1818
1817
1816
1815
1813
1812
1811
1810
1808
1806
1807
1804
1805
1802
1800
1801
1798
1797
1794
1795
1792
1793
2032
2033
2034
2036
2039
2042
2043
2044
2017
2019
2021
2020
2022
2025
2024
2026
2029
2031
2030
2002
2000
2001
2006
2007
2011
2008
2009
2015
2012
2013
1987
1985
1984
1990
1995
1999
1998
1997
1996
1972
1973
1970
1971
1980
1981
1982
1983
1978
1979
1957
1959
1953
1955
1954
1964
1967
1961
1963
1962
1942
1943
1940
1941
1938
1939
1936
1937
1950
1951
1948
1949
1947
1945
1927
1926
1925
1924
1923
1922
1921
1920
1935
1933
1932
1931
1930
2200
2202
2204
2205
2206
2192
2193
2194
2195
2196
2198
2199
2185
2187
2186
2188
2191
2190
2179
2181
2180
2183
2182
2234
2235
2233
2238
2239
2236
2237
2225
2230
2228
2229
2219
2217
2216
2222
2221
2220
2211
2209
2208
2213
2212
2268
2270
2271
2264
2265
2266
2267
2260
2261
2262
2263
2256
2257
2258
2259
2253
2252
2255
2254
2249
2248
2245
2244
2247
2241
2240
2243
2242
2302
2303
2301
2298
2299
2296
2294
2295
2292
2293
2291
2289
2287
2285
2284
2283
2282
2281
2280
2279
2277
2276
2274
2067
2066
2069
2071
2073
2072
2075
2077
2078
2048
2049
2051
2052
2053
2054
2055
2058
2060
2061
2063
2107
2106
2105
2104
2109
2082
2083
2080
2081
2084
2132
2135
2134
2128
2131
2141
2140
2143
2142
2136
2116
2117
2118
2119
2112
2113
2114
2115
2124
2125
2127
2120
2121
2122
2123
2167
2166
2165
2164
2163
2162
2161
2160
2175
2173
2172
2170
2168
2150
2151
2148
2149
2146
2147
2144
2145
2158
2159
2156
2155
2153
2810
2811
2808
2809
2815
2812
2813
2802
2801
2806
2807
2805
2795
2793
2792
2799
2797
2796
2787
2786
2790
2788
2776
2777
2778
2780
2781
2782
2770
2771
2772
2773
2774
2775
2761
2760
2763
2767
2766
2755
2754
2757
2756
2759
2613
2612
2611
2608
2623
2622
2621
2620
2619
2616
2679
2678
2677
2676
2683
2682
2681
2680
2687
2686
2685
2658
2659
2657
2662
2663
2660
2661
2666
2667
2664
2665
2670
2671
2668
2669
2641
2640
2642
2645
2644
2647
2649
2648
2653
2652
2624
2625
2626
2627
2629
2630
2632
2633
2634
2635
2637
2639
2991
2990
2985
2984
2987
2986
2981
2980
2982
2979
2978
3006
3000
3001
3002
2996
2997
2999
2993
2994
2959
2958
2953
2952
2951
2950
2947
2945
2944
2974
2975
2972
2970
2971
2969
2966
2967
2965
2962
2963
2960
2961
3048
3051
3053
3055
3054
3041
3040
3042
3045
3044
3047
3064
3065
3066
3056
3058
3060
3062
3063
3019
3018
3017
3016
3023
3022
3021
3020
3011
3010
3009
3008
3015
3014
3013
3012
3034
3032
3033
3038
3039
3036
3037
3026
3027
3024
3025
3031
2852
2853
2854
2855
2848
2849
2850
2851
2861
2862
2856
2857
2859
2869
2871
2865
2864
2866
2877
2876
2879
2878
2873
2872
2875
2874
2822
2818
2819
2817
2830
2829
2826
2837
2835
2834
2832
2847
2846
2845
2844
2843
2842
2841
2840
2912
2913
2916
2917
2918
2919
2920
2921
2923
2924
2925
2926
2927
2929
2928
2931
2933
2935
2934
2937
2938
2940
2943
2882
2883
2880
2881
2886
2887
2884
2890
2891
2888
2889
2894
2892
2893
2898
2897
2896
2903
2902
2901
2906
2905
2904
2911
2910
3284
3285
3286
3282
3283
3292
3293
3294
3288
3289
3290
3291
3316
3317
3312
3327
3324
3322
3320
3321
3303
3302
3301
3300
3299
3297
3296
3307
3306
3525
3524
3523
3522
3521
3535
3534
3533
3532
3531
3530
3529
3536
3537
3459
3458
3457
3456
3463
3462
3461
3466
3464
3471
3470
3468
3475
3472
3473
3479
3482
3483
3480
3486
3484
3485
3489
3488
3490
3493
3492
3495
3494
3497
3499
3498
3501
3500
3503
3502
3504
3505
3509
3511
3512
3514
3516
3517
3518
3519
3406
3407
3404
3405
3402
3401
3398
3399
3396
3397
3394
3392
3393
3422
3421
3419
3418
3417
3416
3415
3411
3410
3409
3436
3438
3432
3433
3434
3435
3428
3429
3430
3424
3425
3427
3453
3455
3449
3451
3450
3445
3444
3447
3441
3440
3443
3442
3338
3339
3336
3337
3342
3340
3341
3330
3331
3328
3329
3334
3335
3333
3353
3352
3359
3358
3357
3347
3345
3344
3348
3368
3369
3370
3372
3373
3374
3375
3360
3363
3365
3367
3385
3384
3387
3386
3389
3388
3391
3390
3377
3376
3378
3381
3380
3383
