953
948
945
937
930
927
920
912
909
906
1023
1010
1006
997
991
979
976
982
983
967
1097
1094
1095
1089
1115
1124
1149
1147
1141
1138
1034
1054
1044
1071
1082
1222
1219
1230
1225
1224
1227
1239
1235
1245
1247
1241
1243
1250
1270
1276
1160
1163
1165
1167
1171
1175
1178
1186
1185
1188
1196
1211
1212
1213
1406
1401
1402
1305
1309
1308
1298
1303
1302
1291
1295
1293
1282
1286
1320
1323
1312
1319
1493
1491
1502
1498
1496
1473
1487
1484
1523
1535
1531
1511
1505
1519
1426
1430
1435
1436
1409
1418
1416
1458
1459
1467
1469
1445
1551
1545
1543
1555
1764
1775
1776
1783
1780
1789
1735
1739
1738
1700
1704
1713
1727
1677
1674
1685
1686
1694
1691
1915
1919
1882
1876
1865
1862
1860
1850
1846
1841
1840
1836
1833
1834
1830
1831
1823
1808
1803
1792
1793
2032
2046
2022
2025
2030
2003
2000
2010
2008
2009
2015
2012
1998
1972
1980
1953
1961
1942
1941
1939
1944
1926
1924
1921
2204
2197
2185
2188
2190
2178
2180
2182
2234
2235
2226
2216
2223
2208
2214
2212
2269
2258
2255
2251
2240
2242
2298
2296
2295
2288
2284
2279
2066
2071
2078
2048
2053
2107
2080
2084
2135
2141
2119
2113
2120
2167
2175
2171
2170
2169
2150
2144
2811
2808
2815
2812
2800
2795
2793
2787
2786
2784
2790
2776
2777
2763
2762
2765
2755
2613
2609
2619
2679
2678
2677
2681
2659
2657
2664
2642
2645
2652
2631
2634
2636
2637
2985
2977
2997
2966
2963
3048
3053
3042
3045
3066
3058
3011
3013
3032
3039
3026
3029
2857
2859
2864
2876
2875
2823
2831
2828
2826
2827
2824
2835
2834
2915
2917
2920
2922
2931
2933
2939
2888
2889
2899
2898
2902
2907
2911
3284
3295
3316
3317
3313
3306
3304
3523
3535
3531
3457
3463
3479
3481
3486
3492
3494
3496
3499
3509
3511
3515
3423
3418
3416
3415
3411
3409
3438
3435
3424
3452
3454
3449
3441
3440
3337
3342
3340
3334
3353
3352
3362
3365
3366
3386
