956
954
950
944
945
937
938
924
925
923
919
916
908
899
898
1019
1010
1015
1006
994
999
984
982
975
1101
1093
1094
1090
1117
1116
1119
1109
1133
1130
1131
1123
1150
1144
1136
1036
1027
1029
1030
1031
1050
1065
1069
1074
1072
1223
1217
1216
1218
1230
1227
1234
1247
1240
1241
1242
1277
1153
1152
1155
1154
1171
1182
1184
1189
1200
1207
1205
1212
1403
1402
1304
1311
1296
1300
1289
1283
1284
1285
1317
1502
1499
1475
1472
1487
1485
1480
1520
1521
1532
1528
1509
1510
1504
1512
1427
1429
1434
1435
1418
1416
1420
1456
1457
1462
1468
1440
1454
1547
1539
1763
1761
1760
1767
1775
1782
1781
1790
1729
1731
1732
1736
1740
1752
1758
1703
1700
1699
1697
1711
1708
1721
1687
1690
1914
1911
1903
1886
1885
1884
1876
1865
1870
1847
1831
1822
1820
1815
1810
1795
1792
2034
2038
2040
2042
2043
2045
2046
2025
2024
2026
1985
1995
1996
1980
1957
1959
1958
1951
1947
1924
1933
1930
1929
2202
2207
2193
2198
2178
2181
2180
2232
2238
2239
2224
2230
2228
2220
2210
2209
2215
2214
2212
2268
2271
2267
2261
2263
2251
2302
2303
2300
2292
2069
2068
2070
2052
2061
2062
2104
2082
2130
2142
2136
2116
2113
2115
2127
2122
2165
2163
2171
2170
2158
2152
2811
2808
2812
2799
2791
2777
2779
2774
2765
2755
2754
2757
2758
2623
2621
2616
2678
2683
2680
2684
2662
2661
2643
2652
2627
2632
2635
2984
2987
3006
3007
3000
2958
2944
2974
2973
2961
3048
3052
3055
3044
3047
3060
3063
3023
3014
3035
2849
2862
2871
2877
2875
2820
2817
2831
2824
2839
2836
2842
2920
2925
2938
2940
2943
2886
2887
2884
2890
2895
2897
2906
2911
3285
3287
3292
3295
3324
3321
3301
3300
3305
3524
3520
3533
3484
3485
3493
3497
3501
3500
3502
3507
3517
3401
3398
3393
3408
3433
3434
3430
3424
3425
3427
3455
3441
3443
3340
3328
3353
3352
3359
3358
3374
3360
3362
3363
3384
3389
3377
3381
3383
