950
951
936
932
931
923
907
1003
1002
994
986
984
980
975
973
962
966
965
1100
1101
1097
1093
1095
1091
1110
1130
1127
1122
1151
1142
1138
1136
1038
1027
1049
1054
1040
1042
1047
1064
1057
1082
1086
1078
1228
1230
1238
1235
1271
1273
1155
1157
1159
1167
1168
1176
1187
1186
1184
1199
1207
1205
1210
1214
1404
1401
1310
1289
1295
1292
1283
1281
1286
1287
1285
1312
1489
1502
1498
1497
1478
1476
1472
1486
1484
1482
1481
1526
1520
1533
1511
1512
1425
1428
1439
1411
1409
1408
1412
1419
1418
1417
1423
1422
1420
1457
1460
1464
1466
1468
1469
1447
1448
1536
1761
1765
1769
1784
1785
1788
1735
1737
1744
1746
1747
1701
1700
1699
1711
1709
1707
1718
1722
1720
1673
1685
1694
1690
1691
1913
1915
1882
1881
1865
1859
1860
1854
1851
1847
1846
1836
1833
1834
1823
1820
1818
1805
1798
1794
2033
2044
2047
2017
2020
2022
2031
2002
2003
2001
2011
2015
1984
1988
1975
1957
1959
1964
1941
1923
1932
2201
2204
2205
2207
2195
2187
2178
2183
2233
2236
2228
2220
2211
2210
2268
2267
2257
2248
2251
2245
2295
2288
2289
2287
2281
2280
2067
2068
2071
2077
2049
2132
2140
2143
2117
2118
2114
2115
2167
2145
2157
2811
2815
2812
2807
2804
2795
2793
2796
2780
2782
2783
2773
2775
2763
2762
2756
2758
2612
2621
2620
2619
2678
2687
2686
2657
2661
2670
2641
2640
2646
2648
2626
2630
2989
2991
2984
2986
2983
2977
2976
2952
2947
2973
2968
3048
3051
3042
3047
3065
3058
3059
3060
3016
3021
3011
3010
3009
3033
3030
3029
2849
2851
2857
2872
2823
2817
2828
2829
2827
2833
2916
2917
2919
2923
2924
2933
2932
2943
2883
2881
2886
2890
2889
2895
2901
2906
3284
3286
3288
3324
3325
3302
3311
3309
3527
3525
3478
3483
3481
3489
3491
3496
3404
3393
3422
3417
3432
3445
3446
3354
3358
3344
3370
3373
3360
3361
3365
3384
3377
3379
3380
