1
     253     506    1505
2
     517    1034    3517
3
     215     430    1501
4
     103     206     721
5
      22      44     142
6
     415     830    2864
7
     188     376    1292
8
     129     258     831
9
     381     762    2380
10
      29      58     217
11
     373     746    2887
12
      38      76     266
13
     200     400    1584
14
      25      50     175
15
       9      18      72
16
      30      60     240
17
      87     174     696
18
     237     474    1817
19
     112     224     896
