953
950
937
936
919
904
902
1023
1010
1012
1002
992
998
974
967
1103
1095
1104
1135
1123
1120
1138
1035
1037
1029
1031
1049
1050
1055
1046
1069
1058
1056
1061
1082
1073
1076
1218
1228
1232
1270
1271
1180
1191
1190
1197
1211
1399
1299
1298
1300
1288
1285
1317
1318
1492
1489
1503
1472
1485
1484
1482
1527
1533
1530
1504
1506
1512
1425
1430
1410
1414
1413
1458
1465
1470
1441
1440
1443
1446
1449
1454
1545
1541
1539
1762
1775
1773
1781
1784
1791
1729
1733
1735
1734
1743
1744
1748
1696
1710
1719
1727
1725
1694
1695
1688
1690
1914
1906
1911
1902
1883
1882
1875
1874
1871
1857
1855
1839
1834
1830
1818
1815
1803
1798
1799
2033
2037
2040
2045
2019
2020
2029
2003
2010
2011
2008
2015
2012
2013
1985
1995
1973
1970
1971
1956
1965
1943
1951
1924
1933
2202
2207
2188
2191
2180
2225
2230
2229
2208
2269
2271
2265
2256
2258
2253
2246
2303
2301
2299
2297
2287
2286
2281
2272
2068
2077
2054
2055
2060
2109
2133
2134
2130
2140
2116
2115
2167
2165
2161
2170
2144
2145
2158
2154
2155
2808
2800
2786
2791
2789
2788
2768
2761
2760
2763
2765
2755
2754
2757
2756
2623
2687
2641
2640
2625
2983
3002
2994
2958
2952
2946
2974
2975
2965
3044
3047
3056
3060
3063
3016
3021
3010
3013
3033
3036
3029
2856
2868
2865
2867
2876
2873
2874
2831
2827
2824
2839
2834
2845
2842
2841
2912
2915
2916
2917
2920
2924
2927
2931
2939
2940
2884
2890
2891
2888
2889
2894
2893
2898
2897
2903
2904
3287
3295
3316
3312
3320
3321
3300
3304
3524
3528
3470
3482
3484
3489
3490
3493
3497
3496
3499
3501
3507
3510
3407
3398
3392
3393
3418
3445
3440
3342
3330
3354
3369
3364
3366
3386
3391
