954
951
928
915
904
903
898
1021
1022
1023
1005
992
999
990
991
967
1098
1090
1113
1108
1106
1134
1133
1128
1129
1124
1150
1149
1142
1033
1025
1026
1029
1053
1055
1043
1042
1064
1060
1082
1075
1073
1078
1077
1220
1231
1236
1237
1270
1276
1157
1164
1167
1177
1182
1186
1185
1189
1188
1204
1211
1306
1299
1290
1288
1293
1281
1284
1493
1489
1500
1499
1496
1497
1475
1472
1481
1525
1534
1530
1509
1507
1519
1518
1513
1430
1435
1436
1411
1410
1414
1419
1468
1443
1442
1450
1550
1544
1536
1538
1555
1764
1770
1772
1783
1780
1788
1734
1737
1736
1744
1747
1748
1749
1751
1757
1758
1699
1707
1706
1718
1717
1684
1907
1906
1911
1874
1878
1865
1859
1862
1855
1846
1839
1830
1831
1826
1817
1798
1793
2037
2043
2046
2021
2023
2029
2000
2001
2009
2013
1999
1970
1971
1980
1982
1955
1967
1941
1938
1951
1926
1924
2203
2194
2189
2183
2182
2233
2226
2224
2225
2218
2216
2210
2212
2270
2271
2250
2246
2285
2284
2277
2276
2272
2064
2068
2073
2048
2049
2050
2054
2055
2060
2063
2105
2080
2135
2134
2115
2127
2165
2163
2160
2149
2156
2157
2152
2811
2815
2803
2807
2792
2798
2796
2784
2788
2772
2775
2763
2765
2623
2673
2682
2685
2658
2659
2670
2671
2668
2641
2645
2644
2648
2653
2986
2980
2998
2995
2957
2961
3048
3052
3041
3044
3065
3066
3019
3011
3009
3032
3026
3030
2854
2856
2858
2869
2870
2864
2879
2878
2830
2831
2825
2832
2843
2915
2917
2918
2919
2924
2925
2938
2893
3286
3289
3327
3324
3325
3322
3302
3299
3298
3304
3534
3533
3530
3459
3458
3457
3472
3482
3481
3487
3489
3488
3490
3497
3499
3501
3508
3514
3515
3517
3407
3401
3398
3396
3395
3392
3421
3433
3435
3428
3427
3447
3338
3339
3337
3340
3353
3345
3361
3363
3376
