958
953
954
948
949
944
945
946
947
942
937
936
939
933
932
934
929
928
931
930
926
927
924
925
922
923
920
918
919
917
915
912
911
910
909
905
904
902
899
898
1016
1017
1018
1019
1021
1022
1023
1009
1011
1012
1013
1014
1000
1003
1002
1005
1007
1006
992
995
994
997
996
999
998
986
987
985
990
991
988
989
978
979
976
983
980
981
971
973
972
963
962
967
966
965
964
1100
1101
1102
1096
1098
1099
1092
1093
1094
1095
1088
1090
1091
1117
1116
1119
1112
1114
1109
1108
1111
1110
1105
1104
1107
1106
1134
1135
1132
1133
1130
1131
1128
1129
1126
1127
1124
1125
1122
1123
1120
1121
1150
1149
1148
1144
1143
1142
1141
1140
1139
1138
1136
1032
1035
1036
1037
1038
1024
1025
1026
1027
1028
1029
1030
1031
1049
1048
1051
1053
1052
1055
1041
1040
1043
1042
1045
1046
1066
1067
1064
1065
1070
1071
1069
1058
1056
1057
1063
1060
1083
1082
1081
1087
1086
1084
1075
1074
1073
1072
1078
1077
1076
1221
1220
1223
1222
1217
1216
1219
1218
1229
1231
1230
1225
1224
1227
1226
1236
1237
1239
1233
1235
1244
1245
1246
1247
1240
1241
1242
1248
1271
1278
1279
1276
1274
1275
1272
1273
1153
1152
1154
1157
1159
1163
1165
1164
1167
1166
1169
1171
1172
1173
1174
1175
1176
1178
1179
1181
1182
1183
1187
1185
1191
1190
1189
1188
1195
1194
1193
1199
1197
1196
1202
1203
1200
1206
1207
1204
1205
1208
1209
1214
1215
1213
1405
1404
1401
1400
1403
1402
1399
1306
1305
1304
1311
1310
1308
1297
1296
1303
1302
1301
1300
1290
1291
1288
1289
1294
1295
1293
1282
1283
1280
1281
1286
1285
1320
1323
1312
1313
1314
1315
1317
1318
1495
1492
1493
1490
1491
1488
1489
1502
1503
1500
1501
1498
1499
1496
1497
1479
1478
1477
1475
1474
1473
1472
1487
1485
1484
1483
1482
1480
1525
1526
1527
1520
1521
1522
1523
1532
1533
1534
1535
1528
1529
1531
1509
1508
1511
1505
1507
1506
1516
1512
1514
1427
1424
1425
1430
1431
1428
1429
1435
1432
1433
1438
1439
1436
1408
1414
1413
1412
1417
1416
1423
1422
1421
1420
1456
1457
1458
1460
1461
1462
1464
1465
1466
1467
1468
1469
1441
1443
1442
1445
1446
1450
1452
1455
1454
1548
1549
1550
1551
1544
1545
1546
1541
1542
1543
1537
1538
1539
1557
1556
1555
1554
1763
1762
1761
1760
1767
1766
1765
1771
1770
1769
1768
1773
1779
1776
1777
1782
1783
1786
1787
1784
1785
1791
1788
1729
1731
1733
1732
1735
1734
1737
1736
1739
1738
1741
1742
1744
1747
1749
1752
1753
1757
1758
1703
1702
1700
1698
1697
1696
1709
1708
1707
1706
1705
1704
1719
1716
1717
1714
1713
1725
1720
1677
1679
1678
1673
1672
1675
1684
1685
1686
1687
1680
1681
1683
1692
1693
1694
1688
1689
1690
1691
1912
1915
1914
1917
1918
1904
1907
1906
1909
1910
1903
1883
1882
1880
1886
1885
1875
1872
1878
1877
1876
1866
1865
1870
1871
1868
1858
1859
1856
1857
1862
1863
1860
1852
1855
1854
1848
1851
1845
1847
1846
1840
1836
1837
1838
1839
1834
1835
1829
1830
1824
1825
1826
1823
1822
1821
1820
1819
1818
1817
1816
1815
1811
1810
1809
1808
1806
1807
1805
1802
1803
1800
1801
1798
1796
1795
1792
1793
2033
2034
2035
2037
2038
2039
2040
2042
2043
2044
2045
2046
2047
2019
2018
2021
2020
2023
2022
2025
2024
2027
2026
2029
2031
2030
2002
2003
2000
2001
2010
2011
2008
2009
2014
2015
2012
2013
1985
1984
1990
1988
1995
1992
1999
1997
1996
1972
1973
1969
1970
1971
1981
1982
1976
1978
1979
1957
1956
1959
1958
1953
1955
1954
1965
1967
1963
1962
1942
1943
1940
1939
1937
1950
1949
1947
1944
1945
1927
1926
1925
1924
1923
1921
1920
1935
1934
1933
1931
1930
1929
2201
2202
2203
2204
2205
2206
2207
2192
2193
2194
2195
2197
2198
2185
2184
2187
2186
2191
2190
2178
2181
2180
2183
2234
2235
2232
2233
2238
2239
2236
2237
2227
2224
2225
2230
2231
2228
2219
2218
2217
2223
2222
2221
2220
2211
2209
2215
2214
2213
2212
2268
2269
2270
2271
2264
2266
2267
2260
2263
2258
2253
2252
2255
2254
2249
2248
2251
2250
2245
2247
2246
2241
2240
2243
2242
2302
2303
2300
2301
2298
2299
2296
2297
2294
2295
2292
2293
2291
2289
2287
2286
2285
2284
2283
2281
2279
2274
2272
2064
2067
2069
2071
2070
2073
2072
2075
2077
2079
2078
2048
2049
2050
2051
2052
2053
2054
2055
2058
2059
2060
2062
2063
2107
2105
2104
2111
2110
2083
2080
2081
2132
2135
2134
2130
2141
2140
2143
2137
2136
2116
2117
2118
2119
2113
2114
2115
2127
2121
2122
2123
2167
2165
2164
2163
2162
2161
2160
2175
2171
2170
2169
2168
2150
2151
2146
2144
2145
2158
2159
2156
2157
2154
2155
2152
2153
2810
2815
2812
2813
2803
2801
2807
2804
2805
2794
2793
2792
2799
2798
2797
2796
2787
2786
2785
2784
2791
2790
2789
2788
2776
2777
2778
2779
2780
2781
2782
2783
2768
2771
2772
2773
2774
2775
2761
2760
2763
2762
2764
2767
2766
2755
2754
2756
2759
2758
2615
2612
2610
2609
2608
2623
2622
2620
2619
2616
2675
2679
2678
2677
2676
2683
2682
2681
2680
2686
2685
2659
2657
2662
2663
2661
2666
2667
2664
2665
2670
2671
2668
2669
2641
2640
2643
2642
2647
2646
2648
2653
2652
2655
2654
2625
2626
2628
2629
2630
2631
2632
2633
2634
2636
2637
2639
2989
2990
2985
2984
2986
2981
2980
2983
2976
2978
3006
3007
3002
2996
2997
2998
2992
2993
2994
2959
2958
2957
2952
2951
2950
2947
2946
2945
2944
2975
2973
2970
2968
2969
2966
2967
2962
2961
3049
3048
3051
3050
3052
3055
3054
3041
3040
3043
3042
3044
3047
3046
3064
3065
3066
3058
3059
3061
3063
3018
3017
3016
3023
3021
3011
3010
3009
3015
3014
3013
3012
3034
3032
3033
3038
3039
3026
3025
3030
3028
3029
2852
2854
2855
2848
2849
2850
2851
2860
2861
2862
2863
2856
2857
2858
2859
2869
2868
2871
2870
2864
2867
2877
2876
2879
2878
2872
2875
2874
2822
2820
2821
2817
2830
2831
2828
2829
2826
2824
2837
2835
2834
2832
2847
2846
2844
2843
2842
2841
2912
2915
2916
2919
2920
2921
2922
2923
2924
2925
2926
2929
2933
2932
2935
2937
2939
2938
2941
2940
2943
2883
2880
2886
2884
2885
2891
2889
2894
2895
2899
2898
2897
2896
2903
2902
2907
2905
2904
2910
3285
3286
3287
3281
3282
3283
3292
3293
3294
3295
3288
3291
3318
3317
3314
3315
3313
3327
3324
3325
3323
3321
3303
3302
3301
3300
3299
3298
3296
3311
3310
3307
3306
3305
3304
3527
3526
3525
3524
3523
3522
3521
3520
3535
3534
3533
3532
3530
3529
3528
3537
3459
3458
3457
3456
3463
3462
3466
3465
3470
3475
3472
3473
3478
3479
3477
3482
3483
3480
3486
3487
3484
3485
3489
3488
3493
3495
3494
3497
3496
3499
3498
3501
3500
3503
3502
3504
3505
3506
3510
3511
3512
3513
3514
3515
3517
3518
3519
3406
3407
3405
3402
3403
3400
3401
3398
3399
3396
3395
3423
3422
3421
3419
3418
3417
3416
3415
3412
3411
3410
3409
3408
3438
3432
3434
3435
3428
3430
3431
3424
3425
3427
3452
3455
3454
3449
3448
3451
3450
3445
3444
3447
3446
3441
3442
3338
3336
3337
3342
3343
3340
3341
3331
3328
3329
3334
3335
3333
3354
3353
3352
3359
3358
3357
3347
3345
3344
3351
3350
3348
3368
3370
3372
3373
3374
3361
3362
3363
3364
3366
3367
3385
3387
3386
3389
3388
3391
3390
3376
3379
3378
3381
3380
3382
