952
953
954
955
949
950
951
944
945
947
940
943
937
936
939
938
933
935
934
929
931
930
927
924
925
923
920
918
919
916
917
909
908
907
906
904
903
901
900
899
1016
1018
1020
1021
1022
1023
1008
1010
1011
1012
1013
1014
1000
1003
1002
1005
1004
1007
993
992
995
994
997
996
999
998
986
987
984
985
990
991
988
989
978
979
976
982
983
980
981
971
970
968
975
974
972
963
962
961
960
967
965
964
1102
1096
1097
1098
1099
1092
1094
1095
1088
1089
1090
1118
1115
1114
1108
1111
1105
1104
1134
1135
1132
1133
1130
1131
1128
1129
1127
1124
1125
1122
1123
1120
1121
1150
1149
1148
1146
1145
1144
1143
1141
1140
1139
1138
1137
1136
1033
1034
1035
1038
1039
1024
1026
1028
1029
1030
1031
1049
1048
1051
1050
1054
1041
1040
1042
1045
1044
1046
1066
1064
1070
1071
1068
1058
1059
1056
1057
1060
1061
1082
1081
1080
1087
1086
1085
1075
1073
1079
1077
1221
1220
1223
1222
1216
1219
1218
1228
1231
1230
1225
1224
1226
1237
1238
1239
1232
1235
1246
1247
1241
1242
1250
1249
1271
1278
1279
1276
1275
1272
1273
1153
1152
1155
1154
1157
1156
1158
1160
1162
1165
1164
1167
1170
1171
1172
1173
1174
1175
1178
1179
1180
1182
1187
1186
1185
1184
1191
1189
1188
1195
1194
1193
1197
1196
1203
1200
1206
1207
1204
1205
1210
1211
1208
1209
1214
1215
1212
1213
1405
1404
1407
1406
1401
1402
1399
1306
1305
1304
1311
1310
1309
1308
1299
1298
1296
1303
1302
1301
1300
1290
1291
1289
1294
1295
1292
1282
1281
1286
1287
1284
1285
1322
1323
1312
1313
1314
1316
1317
1318
1494
1495
1492
1488
1489
1503
1500
1501
1498
1499
1496
1497
1479
1478
1476
1474
1487
1485
1484
1483
1482
1481
1525
1526
1527
1522
1523
1532
1534
1535
1528
1529
1530
1509
1511
1510
1505
1504
1507
1506
1517
1516
1513
1512
1514
1427
1424
1425
1430
1431
1428
1429
1434
1432
1433
1438
1436
1437
1411
1410
1409
1408
1415
1414
1419
1418
1423
1422
1456
1457
1458
1459
1460
1461
1462
1463
1464
1469
1471
1441
1442
1445
1444
1447
1449
1448
1451
1450
1453
1452
1455
1454
1548
1549
1550
1551
1544
1547
1540
1541
1537
1538
1539
1557
1556
1553
1555
1554
1763
1761
1760
1767
1766
1765
1771
1770
1769
1768
1775
1772
1777
1782
1783
1781
1787
1784
1785
1790
1791
1788
1731
1730
1733
1732
1735
1734
1739
1738
1741
1740
1743
1742
1745
1746
1748
1749
1750
1751
1753
1756
1757
1758
1759
1703
1699
1696
1711
1710
1709
1708
1707
1705
1718
1716
1717
1712
1713
1726
1727
1724
1725
1722
1720
1676
1673
1672
1675
1674
1684
1685
1687
1680
1681
1683
1692
1694
1695
1688
1690
1913
1912
1915
1914
1917
1904
1911
1910
1902
1903
1883
1882
1880
1886
1885
1884
1875
1874
1872
1879
1878
1877
1876
1866
1864
1870
1871
1868
1869
1856
1857
1862
1852
1855
1854
1848
1851
1850
1845
1847
1846
1841
1840
1839
1835
1828
1829
1830
1825
1826
1823
1819
1818
1817
1815
1813
1812
1811
1810
1809
1808
1806
1807
1805
1802
1800
1801
1798
1796
1794
1795
1793
2032
2033
2034
2035
2036
2037
2038
2039
2040
2042
2044
2046
2017
2018
2021
2023
2022
2025
2024
2026
2029
2028
2031
2002
2000
2001
2010
2011
2008
2009
2014
2015
2012
2013
1987
1986
1984
1990
1992
1999
1998
1997
1996
1973
1975
1969
1970
1971
1980
1981
1982
1983
1976
1978
1979
1957
1956
1959
1958
1953
1955
1954
1967
1966
1961
1963
1962
1942
1943
1940
1938
1937
1948
1949
1944
1945
1927
1926
1925
1924
1923
1922
1921
1935
1934
1933
1932
1930
1929
2200
2202
2203
2205
2206
2207
2192
2193
2194
2195
2196
2197
2198
2199
2185
2184
2186
2189
2191
2179
2178
2181
2180
2183
2182
2232
2238
2236
2237
2226
2227
2224
2225
2230
2231
2228
2218
2217
2216
2223
2222
2221
2220
2210
2209
2208
2215
2214
2213
2212
2268
2269
2270
2266
2267
2261
2262
2263
2257
2253
2252
2254
2249
2248
2250
2245
2244
2247
2240
2242
2302
2303
2299
2296
2297
2294
2295
2293
2291
2288
2289
2287
2284
2283
2282
2281
2279
2277
2274
2064
2067
2066
2069
2071
2070
2073
2072
2075
2077
2079
2078
2050
2051
2052
2053
2054
2057
2058
2059
2060
2061
2062
2063
2107
2106
2104
2110
2082
2083
2080
2081
2084
2128
2140
2143
2142
2137
2136
2139
2116
2117
2119
2115
2124
2125
2127
2120
2121
2122
2123
2167
2166
2164
2163
2160
2175
2172
2171
2170
2168
2150
2149
2146
2147
2145
2159
2156
2157
2154
2152
2810
2811
2808
2809
2812
2813
2802
2803
2800
2806
2807
2804
2805
2794
2793
2792
2799
2796
2787
2786
2785
2784
2791
2790
2789
2788
2776
2777
2779
2780
2781
2782
2783
2768
2770
2771
2773
2774
2775
2761
2760
2763
2765
2764
2767
2766
2754
2757
2756
2758
2615
2613
2612
2611
2610
2609
2623
2622
2619
2616
2675
2673
2672
2679
2677
2676
2683
2682
2680
2687
2686
2659
2657
2662
2663
2660
2661
2667
2664
2670
2671
2641
2643
2642
2645
2644
2647
2646
2649
2648
2653
2654
2624
2625
2626
2629
2630
2632
2634
2637
2639
2989
2991
2990
2985
2984
2987
2986
2981
2980
2983
2982
2977
2976
2979
2978
3006
3007
3000
3001
3002
2996
2997
2998
2992
2993
2994
2995
2959
2958
2951
2950
2947
2946
2944
2974
2975
2972
2973
2970
2971
2968
2969
2966
2967
2965
2962
2963
2961
3049
3048
3051
3050
3053
3052
3055
3054
3041
3040
3043
3042
3044
3047
3046
3066
3056
3058
3059
3060
3061
3062
3019
3017
3022
3021
3020
3010
3015
3014
3013
3012
3035
3032
3033
3038
3039
3036
3037
3026
3027
3024
3031
3028
3029
2852
2853
2854
2855
2848
2849
2850
2851
2861
2862
2863
2859
2871
2870
2865
2867
2866
2876
2879
2878
2873
2872
2875
2874
2822
2823
2820
2821
2819
2817
2830
2831
2828
2829
2826
2827
2825
2839
2838
2837
2835
2834
2833
2847
2846
2845
2844
2843
2842
2840
2912
2913
2915
2916
2919
2920
2921
2922
2923
2924
2926
2927
2929
2928
2931
2932
2935
2937
2936
2939
2938
2943
2882
2883
2880
2881
2886
2887
2885
2890
2891
2888
2889
2892
2893
2899
2897
2896
2903
2902
2901
2900
2906
2905
2904
2911
2910
3285
3286
3287
3281
3282
3283
3292
3293
3294
3288
3290
3291
3316
3317
3314
3312
3327
3324
3325
3322
3323
3320
3321
3300
3299
3298
3297
3296
3311
3310
3309
3307
3306
3305
3304
3526
3524
3523
3521
3520
3535
3534
3533
3532
3531
3530
3529
3528
3536
3537
3459
3458
3456
3463
3462
3461
3466
3465
3464
3470
3468
3475
3473
3479
3477
3482
3483
3486
3487
3484
3485
3489
3488
3491
3490
3493
3492
3494
3497
3496
3498
3501
3500
3503
3502
3504
3505
3506
3507
3508
3509
3510
3511
3512
3513
3515
3516
3517
3519
3406
3407
3404
3405
3402
3401
3398
3399
3396
3397
3394
3395
3392
3423
3422
3421
3419
3417
3416
3412
3411
3409
3408
3436
3432
3433
3435
3428
3429
3430
3431
3424
3425
3453
3452
3455
3449
3448
3451
3445
3447
3441
3440
3443
3442
3338
3336
3337
3342
3340
3341
3330
3331
3328
3329
3334
3335
3353
3352
3358
3357
3347
3346
3350
3349
3348
3368
3369
3370
3373
3375
3360
3361
3362
3363
3364
3365
3366
3367
3384
3387
3386
3389
3377
3376
3378
3380
3383
3382
