956
952
953
954
955
948
949
950
951
944
945
946
947
943
942
936
939
938
933
932
935
934
929
931
930
926
927
922
920
918
919
916
915
912
911
910
908
907
905
904
903
902
901
900
899
898
1016
1017
1018
1019
1021
1022
1023
1008
1009
1010
1011
1012
1013
1014
1015
1001
1000
1003
1002
1004
992
995
994
997
996
999
998
987
985
990
991
988
989
978
979
976
982
983
980
981
971
970
974
973
972
962
961
967
966
965
1100
1101
1102
1103
1096
1097
1098
1099
1093
1094
1095
1089
1091
1117
1116
1119
1118
1113
1112
1115
1109
1108
1111
1105
1106
1134
1135
1132
1133
1131
1128
1127
1124
1125
1123
1120
1121
1151
1150
1149
1148
1147
1146
1143
1141
1140
1139
1138
1032
1033
1034
1035
1037
1038
1039
1024
1025
1026
1027
1028
1029
1030
1031
1049
1048
1051
1050
1053
1055
1054
1041
1040
1043
1042
1045
1044
1047
1046
1066
1065
1070
1071
1068
1058
1059
1056
1057
1063
1060
1061
1083
1082
1081
1080
1087
1086
1085
1084
1074
1073
1072
1079
1078
1077
1076
1221
1220
1223
1222
1217
1216
1219
1228
1231
1230
1225
1224
1227
1226
1236
1237
1238
1233
1234
1235
1244
1247
1240
1241
1243
1250
1249
1248
1278
1279
1276
1277
1274
1275
1272
1273
1153
1152
1154
1157
1156
1158
1161
1160
1163
1162
1165
1164
1167
1166
1168
1170
1171
1172
1173
1174
1175
1176
1178
1179
1180
1181
1182
1183
1187
1186
1184
1191
1190
1189
1188
1195
1199
1198
1196
1202
1203
1200
1201
1206
1207
1204
1210
1211
1208
1209
1214
1215
1212
1213
1405
1404
1401
1403
1402
1399
1306
1305
1304
1311
1308
1299
1303
1300
1290
1291
1288
1295
1292
1293
1282
1283
1280
1281
1286
1284
1285
1320
1321
1322
1323
1312
1314
1316
1317
1318
1494
1495
1492
1493
1490
1491
1488
1489
1502
1503
1500
1501
1498
1499
1496
1497
1479
1478
1477
1476
1475
1474
1473
1472
1486
1485
1482
1481
1480
1525
1526
1527
1520
1521
1522
1523
1532
1533
1534
1535
1528
1529
1508
1511
1510
1505
1504
1506
1517
1516
1519
1518
1513
1512
1514
1426
1427
1424
1430
1431
1428
1429
1434
1435
1433
1438
1439
1436
1437
1411
1408
1415
1413
1412
1419
1418
1417
1416
1423
1422
1421
1420
1456
1458
1459
1462
1463
1464
1465
1466
1467
1468
1469
1470
1471
1441
1440
1443
1442
1445
1444
1447
1446
1449
1448
1451
1450
1453
1452
1455
1454
1548
1549
1550
1545
1546
1541
1542
1543
1536
1537
1538
1539
1556
1553
1552
1555
1554
1763
1762
1761
1760
1765
1764
1771
1770
1769
1768
1775
1773
1772
1779
1776
1783
1781
1790
1788
1789
1729
1731
1730
1733
1737
1736
1739
1738
1743
1742
1745
1746
1747
1748
1749
1750
1751
1752
1753
1756
1757
1759
1703
1702
1701
1700
1699
1698
1697
1711
1710
1709
1708
1707
1705
1719
1717
1714
1715
1712
1713
1726
1727
1724
1722
1721
1677
1676
1679
1673
1672
1674
1684
1685
1687
1680
1681
1682
1683
1692
1693
1694
1695
1688
1689
1690
1912
1914
1917
1918
1907
1906
1908
1911
1910
1902
1903
1883
1880
1887
1886
1884
1875
1874
1872
1878
1876
1864
1870
1871
1858
1856
1860
1852
1855
1854
1851
1847
1846
1841
1840
1836
1837
1839
1833
1835
1828
1829
1830
1831
1824
1826
1827
1823
1822
1821
1820
1819
1817
1816
1815
1813
1812
1808
1806
1807
1804
1805
1803
1801
1798
1799
1795
1793
2033
2038
2039
2040
2043
2044
2045
2046
2017
2019
2018
2021
2020
2023
2022
2025
2026
2029
2028
2031
2030
2003
2001
2006
2008
2014
2015
2012
1987
1984
1990
1989
1988
1995
1999
1998
1996
1972
1973
1975
1969
1970
1971
1980
1982
1983
1978
1979
1957
1956
1959
1953
1955
1965
1964
1967
1961
1963
1962
1942
1940
1938
1939
1937
1951
1948
1949
1947
1944
1945
1926
1925
1924
1923
1920
1935
1934
1933
1932
1930
1929
2200
2201
2205
2206
2207
2192
2193
2194
2195
2196
2197
2198
2199
2185
2184
2187
2186
2188
2191
2190
2179
2178
2180
2182
2234
2233
2238
2239
2236
2227
2224
2230
2228
2229
2219
2218
2217
2216
2223
2222
2221
2220
2211
2210
2209
2208
2215
2214
2213
2212
2268
2269
2271
2264
2265
2266
2267
2260
2261
2262
2263
2256
2257
2259
2253
2255
2254
2249
2251
2250
2244
2246
2241
2243
2302
2303
2300
2301
2298
2299
2296
2297
2294
2292
2293
2291
2288
2289
2287
2286
2284
2282
2279
2277
2276
2275
2274
2064
2067
2066
2069
2070
2073
2072
2075
2079
2078
2049
2050
2051
2052
2054
2055
2057
2060
2061
2062
2063
2107
2106
2105
2104
2111
2110
2109
2082
2083
2080
2081
2084
2132
2135
2134
2128
2141
2140
2143
2142
2137
2136
2139
2116
2117
2119
2112
2113
2114
2115
2124
2125
2120
2121
2123
2167
2165
2162
2161
2160
2175
2173
2171
2170
2169
2168
2150
2151
2148
2149
2146
2147
2144
2158
2159
2156
2157
2155
2152
2808
2809
2812
2802
2800
2801
2807
2795
2794
2793
2792
2797
2784
2790
2788
2776
2777
2778
2779
2780
2783
2768
2770
2771
2772
2773
2774
2761
2763
2762
2764
2767
2755
2754
2756
2759
2615
2613
2612
2611
2610
2609
2608
2623
2622
2621
2620
2619
2616
2675
2673
2672
2679
2678
2677
2683
2680
2686
2685
2684
2659
2657
2662
2663
2660
2661
2666
2667
2664
2665
2670
2671
2668
2669
2641
2640
2645
2644
2647
2646
2649
2648
2655
2654
2624
2625
2626
2627
2628
2629
2630
2631
2632
2633
2634
2635
2637
2639
2989
2991
2985
2984
2987
2981
2977
2979
2978
3007
3000
3001
3002
2996
2998
2999
2992
2993
2994
2959
2958
2957
2953
2952
2951
2946
2944
2975
2972
2970
2971
2968
2969
2966
2962
2963
2960
2961
3049
3048
3051
3050
3053
3052
3055
3054
3040
3043
3042
3045
3044
3047
3065
3056
3058
3059
3060
3061
3062
3063
3019
3018
3016
3023
3022
3021
3020
3011
3009
3008
3015
3014
3013
3012
3034
3035
3032
3033
3038
3039
3036
3026
3027
3024
3025
3030
3031
3029
2852
2853
2854
2855
2848
2849
2850
2851
2860
2861
2862
2856
2857
2858
2859
2869
2868
2871
2870
2865
2864
2867
2866
2877
2879
2878
2873
2875
2874
2822
2823
2821
2818
2819
2830
2831
2829
2826
2824
2825
2839
2838
2836
2835
2834
2847
2846
2845
2843
2842
2841
2840
2912
2913
2915
2916
2917
2918
2919
2920
2922
2923
2925
2926
2929
2928
2931
2933
2932
2935
2937
2936
2939
2938
2941
2940
2943
2882
2883
2880
2886
2884
2891
2888
2889
2894
2892
2893
2898
2896
2903
2902
2901
2900
2907
2906
2905
2904
2911
2910
3284
3287
3281
3282
3283
3292
3293
3294
3295
3288
3289
3290
3318
3317
3314
3312
3313
3327
3322
3320
3303
3302
3301
3300
3297
3296
3311
3310
3309
3307
3306
3305
3527
3526
3524
3523
3522
3521
3520
3535
3534
3533
3532
3531
3530
3529
3528
3536
3537
3457
3456
3463
3461
3466
3464
3474
3475
3472
3473
3478
3479
3477
3482
3483
3480
3481
3486
3484
3485
3491
3490
3493
3492
3495
3497
3496
3499
3498
3500
3503
3502
3504
3505
3506
3507
3509
3510
3511
3514
3517
3518
3519
3407
3402
3403
3401
3399
3396
3397
3394
3392
3393
3423
3422
3421
3419
3418
3416
3415
3412
3411
3410
3409
3408
3437
3432
3433
3434
3435
3428
3429
3430
3431
3424
3427
3452
3455
3449
3448
3451
3450
3445
3444
3447
3446
3441
3440
3443
3338
3336
3337
3342
3343
3341
3330
3331
3329
3334
3335
3354
3353
3352
3359
3358
3357
3347
3346
3345
3344
3351
3350
3349
3348
3370
3373
3374
3375
3360
3363
3364
3365
3366
3385
3387
3386
3389
3391
3379
3381
3380
3383
3382
