956
958
952
955
948
949
950
951
944
945
946
947
940
943
942
937
936
939
932
929
931
930
927
924
922
923
920
918
919
916
917
915
912
911
909
906
905
904
903
901
900
899
898
1016
1017
1018
1019
1021
1022
1023
1008
1009
1010
1011
1012
1013
1015
1002
1006
993
992
995
997
996
999
998
986
987
984
985
990
991
988
989
978
976
982
981
971
970
968
975
974
972
963
962
960
964
1100
1101
1102
1103
1097
1098
1099
1092
1094
1088
1089
1117
1119
1118
1112
1115
1109
1108
1110
1105
1104
1107
1106
1134
1135
1132
1133
1130
1131
1129
1127
1124
1125
1123
1120
1121
1151
1150
1149
1148
1146
1145
1144
1143
1142
1141
1140
1139
1138
1137
1136
1032
1033
1034
1035
1037
1038
1039
1024
1025
1027
1028
1029
1030
1031
1049
1048
1051
1055
1054
1041
1040
1043
1045
1044
1047
1046
1066
1067
1064
1065
1071
1068
1069
1059
1056
1057
1063
1060
1061
1082
1081
1080
1086
1085
1084
1074
1073
1072
1078
1077
1221
1220
1223
1217
1216
1219
1218
1229
1228
1231
1230
1224
1227
1226
1237
1238
1239
1232
1233
1234
1235
1244
1245
1247
1240
1242
1250
1249
1270
1271
1279
1276
1277
1274
1272
1273
1152
1155
1157
1156
1159
1161
1163
1165
1164
1167
1166
1168
1169
1170
1171
1172
1173
1174
1175
1176
1177
1180
1181
1182
1183
1185
1184
1191
1190
1189
1188
1195
1193
1199
1198
1196
1202
1200
1201
1206
1204
1205
1210
1211
1208
1209
1214
1215
1213
1404
1407
1406
1401
1403
1305
1304
1311
1309
1308
1299
1298
1297
1302
1301
1300
1288
1289
1294
1293
1281
1286
1287
1284
1285
1320
1321
1322
1323
1312
1313
1315
1316
1317
1319
1494
1495
1493
1490
1491
1488
1489
1502
1503
1500
1501
1498
1499
1496
1497
1479
1478
1477
1475
1473
1472
1487
1486
1485
1483
1524
1526
1520
1521
1522
1523
1532
1533
1534
1528
1529
1531
1509
1508
1511
1510
1505
1504
1507
1506
1517
1516
1519
1513
1514
1426
1427
1425
1431
1428
1429
1434
1432
1433
1436
1437
1411
1410
1409
1415
1414
1413
1412
1418
1417
1416
1423
1422
1421
1420
1457
1458
1460
1461
1463
1464
1465
1467
1468
1469
1471
1441
1443
1442
1445
1444
1447
1446
1449
1451
1450
1453
1455
1454
1549
1551
1546
1547
1540
1541
1542
1536
1537
1538
1539
1557
1556
1553
1552
1555
1554
1763
1761
1760
1767
1766
1764
1771
1770
1775
1772
1779
1776
1777
1782
1783
1780
1781
1786
1787
1785
1790
1791
1788
1789
1731
1730
1735
1734
1736
1741
1743
1742
1744
1745
1746
1747
1748
1749
1751
1752
1753
1756
1757
1759
1702
1701
1700
1699
1698
1711
1710
1709
1708
1707
1705
1718
1719
1716
1717
1714
1715
1712
1713
1726
1722
1720
1677
1676
1678
1673
1672
1675
1674
1684
1685
1686
1687
1680
1681
1682
1683
1692
1693
1694
1695
1688
1689
1690
1914
1917
1919
1918
1904
1907
1906
1909
1908
1911
1902
1903
1883
1882
1880
1886
1885
1884
1875
1874
1872
1879
1878
1877
1876
1864
1870
1871
1868
1869
1858
1859
1856
1857
1862
1863
1860
1852
1854
1848
1851
1845
1846
1841
1840
1836
1838
1839
1834
1835
1830
1831
1824
1825
1826
1827
1823
1821
1820
1819
1818
1817
1815
1813
1810
1809
1807
1805
1802
1800
1798
1799
1796
1797
1794
1792
1793
2033
2034
2035
2036
2037
2038
2039
2042
2043
2044
2045
2017
2019
2018
2021
2020
2023
2022
2027
2026
2029
2028
2031
2030
2002
2001
2006
2010
2011
2008
2009
2014
2015
2013
1987
1986
1985
1989
1995
1992
1998
1997
1996
1972
1975
1970
1971
1981
1982
1976
1979
1956
1959
1958
1955
1965
1964
1967
1961
1963
1962
1942
1943
1940
1939
1950
1951
1948
1949
1947
1945
1927
1926
1925
1924
1922
1920
1935
1934
1932
1929
1928
2200
2201
2202
2203
2205
2206
2192
2193
2194
2195
2196
2198
2199
2184
2187
2189
2188
2191
2190
2179
2178
2181
2183
2182
2234
2235
2232
2233
2238
2239
2236
2237
2226
2227
2224
2225
2230
2231
2228
2229
2219
2218
2217
2221
2220
2210
2208
2214
2213
2212
2268
2269
2270
2271
2265
2267
2262
2263
2258
2259
2253
2254
2249
2248
2251
2250
2247
2241
2240
2243
2242
2303
2300
2301
2298
2299
2296
2297
2295
2292
2293
2290
2288
2287
2286
2285
2284
2283
2279
2277
2276
2275
2274
2272
2064
2067
2066
2069
2071
2070
2073
2072
2075
2077
2079
2078
2048
2049
2050
2051
2053
2054
2055
2059
2060
2061
2062
2107
2106
2105
2104
2111
2110
2109
2082
2083
2081
2084
2133
2132
2135
2134
2128
2131
2130
2141
2140
2142
2137
2136
2139
2117
2118
2119
2112
2114
2124
2125
2127
2120
2121
2122
2123
2167
2165
2164
2163
2162
2175
2172
2170
2169
2168
2150
2151
2148
2149
2146
2147
2144
2145
2158
2159
2155
2153
2810
2811
2808
2809
2802
2803
2806
2807
2795
2793
2798
2785
2784
2791
2788
2776
2777
2781
2783
2768
2771
2760
2763
2762
2765
2767
2766
2757
2756
2758
2615
2612
2610
2609
2608
2623
2622
2621
2620
2619
2616
2673
2679
2677
2676
2683
2682
2681
2680
2687
2686
2685
2684
2658
2659
2657
2662
2660
2666
2664
2665
2670
2668
2669
2641
2640
2643
2642
2645
2646
2648
2653
2652
2655
2654
2624
2626
2627
2628
2629
2630
2632
2635
2636
2637
2639
2989
2991
2990
2985
2984
2986
2981
2980
2983
2977
2976
2978
3006
3007
3001
3002
2996
2997
2998
2992
2993
2994
2995
2959
2958
2957
2952
2951
2950
2947
2946
2944
2974
2975
2972
2970
2971
2968
2969
2966
2967
2965
2962
2963
2960
3049
3048
3051
3053
3052
3055
3054
3041
3043
3042
3045
3044
3047
3064
3056
3061
3062
3063
3017
3016
3023
3022
3021
3020
3011
3010
3015
3014
3013
3012
3032
3038
3039
3036
3037
3026
3027
3024
3025
3030
3031
3028
3029
2852
2854
2849
2851
2860
2861
2862
2863
2856
2857
2858
2859
2869
2868
2870
2864
2867
2866
2877
2876
2879
2878
2872
2874
2822
2820
2821
2818
2819
2817
2830
2831
2828
2829
2824
2836
2835
2832
2847
2846
2845
2844
2843
2842
2841
2840
2912
2913
2915
2916
2917
2918
2919
2920
2921
2922
2923
2925
2926
2927
2928
2931
2932
2935
2934
2937
2936
2939
2938
2940
2943
2882
2881
2887
2885
2890
2891
2888
2889
2894
2895
2892
2893
2899
2898
2897
2896
2903
2902
2901
2907
2906
2905
2904
2911
3284
3286
3287
3281
3282
3283
3292
3293
3294
3288
3289
3291
3318
3316
3317
3314
3315
3312
3313
3324
3322
3323
3320
3321
3303
3302
3301
3300
3299
3298
3297
3296
3311
3309
3307
3527
3526
3525
3524
3523
3522
3521
3520
3535
3533
3532
3531
3530
3528
3536
3459
3458
3462
3461
3460
3466
3465
3464
3470
3468
3474
3475
3472
3478
3479
3477
3482
3483
3481
3486
3487
3484
3485
3489
3488
3491
3490
3493
3492
3495
3494
3497
3499
3498
3501
3500
3503
3504
3505
3506
3507
3508
3509
3510
3511
3512
3513
3514
3515
3516
3518
3519
3406
3407
3404
3402
3403
3400
3401
3398
3399
3397
3394
3395
3393
3422
3419
3418
3415
3412
3411
3410
3408
3436
3437
3432
3434
3435
3428
3429
3430
3431
3424
3425
3427
3452
3454
3449
3448
3445
3444
3447
3446
3441
3443
3442
3338
3337
3343
3340
3341
3328
3333
3353
3352
3359
3358
3357
3347
3346
3345
3344
3351
3350
3349
3348
3368
3369
3370
3373
3374
3375
3361
3362
3363
3366
3367
3385
3384
3389
3388
3377
3379
3378
3381
3380
3383
