958
952
953
954
955
948
949
950
951
944
945
946
947
943
936
939
938
933
932
935
934
929
931
930
926
927
924
925
922
920
919
915
912
911
910
908
907
906
905
903
902
901
900
898
1017
1018
1021
1022
1010
1011
1012
1013
1014
1015
1000
1003
1002
1004
1007
993
994
997
996
999
998
986
984
985
990
991
988
979
976
983
980
981
971
968
974
973
972
963
962
961
960
966
965
964
1100
1102
1103
1097
1098
1093
1094
1088
1090
1091
1117
1116
1119
1118
1113
1115
1111
1110
1105
1104
1107
1106
1134
1132
1133
1130
1131
1128
1129
1127
1124
1125
1122
1123
1120
1121
1150
1149
1148
1147
1145
1144
1143
1142
1140
1139
1138
1137
1033
1034
1037
1038
1039
1024
1025
1026
1028
1031
1049
1048
1051
1050
1053
1052
1055
1054
1041
1040
1043
1042
1045
1044
1066
1067
1064
1065
1070
1071
1068
1058
1056
1057
1063
1060
1061
1083
1082
1081
1080
1087
1086
1085
1084
1075
1074
1073
1072
1078
1077
1076
1221
1220
1223
1217
1216
1219
1229
1228
1231
1230
1224
1227
1226
1237
1238
1233
1234
1235
1244
1245
1240
1242
1243
1250
1249
1248
1270
1271
1278
1279
1276
1277
1274
1275
1272
1273
1153
1152
1155
1154
1156
1158
1161
1160
1163
1162
1164
1166
1168
1169
1170
1171
1172
1174
1176
1177
1178
1180
1181
1182
1187
1185
1184
1191
1189
1195
1194
1198
1197
1196
1202
1203
1200
1201
1206
1204
1205
1210
1211
1208
1209
1215
1213
1405
1404
1407
1406
1400
1306
1305
1304
1311
1310
1309
1308
1299
1297
1296
1303
1302
1301
1300
1290
1291
1289
1294
1292
1293
1283
1280
1281
1287
1285
1321
1322
1323
1313
1314
1316
1317
1318
1319
1494
1495
1492
1493
1490
1491
1488
1489
1500
1501
1499
1496
1497
1478
1477
1476
1475
1472
1484
1483
1481
1524
1525
1526
1527
1521
1522
1523
1532
1533
1534
1535
1528
1529
1530
1531
1509
1510
1505
1507
1506
1517
1519
1518
1513
1512
1514
1426
1427
1425
1428
1429
1435
1433
1438
1436
1411
1410
1408
1415
1414
1413
1412
1419
1418
1417
1416
1423
1422
1420
1456
1457
1461
1462
1463
1464
1465
1466
1441
1440
1443
1442
1445
1447
1446
1451
1450
1452
1455
1454
1548
1549
1550
1544
1545
1546
1547
1540
1542
1543
1536
1538
1539
1557
1556
1553
1555
1763
1762
1761
1760
1767
1766
1765
1764
1770
1769
1775
1773
1772
1779
1776
1777
1782
1783
1780
1781
1786
1787
1784
1785
1790
1791
1788
1729
1731
1730
1733
1732
1735
1737
1736
1739
1738
1741
1740
1743
1742
1744
1747
1750
1752
1753
1757
1758
1759
1703
1702
1701
1700
1699
1698
1697
1696
1711
1710
1708
1707
1706
1705
1718
1719
1714
1726
1727
1724
1725
1722
1720
1677
1676
1679
1678
1672
1675
1674
1685
1687
1680
1681
1682
1683
1693
1694
1695
1688
1689
1690
1691
1913
1917
1919
1918
1904
1907
1906
1909
1908
1911
1910
1902
1903
1883
1882
1881
1880
1887
1886
1885
1884
1875
1878
1877
1876
1866
1864
1870
1871
1868
1869
1858
1859
1857
1862
1863
1860
1855
1854
1848
1851
1850
1845
1841
1840
1837
1838
1839
1834
1830
1831
1825
1826
1827
1823
1822
1821
1820
1819
1818
1817
1816
1815
1813
1812
1811
1809
1808
1806
1807
1805
1802
1803
1800
1801
1798
1799
1796
1797
1794
1792
1793
2032
2033
2034
2035
2036
2037
2039
2040
2042
2043
2044
2045
2047
2017
2019
2018
2021
2020
2022
2024
2027
2030
2002
2000
2001
2006
2007
2010
2011
2008
2009
2014
2012
2013
1987
1986
1984
1988
1995
1992
1999
1998
1997
1973
1981
1983
1976
1979
1957
1956
1958
1953
1955
1954
1965
1964
1967
1961
1962
1940
1941
1938
1936
1950
1949
1945
1927
1926
1924
1923
1922
1921
1920
1935
1934
1933
1932
1930
1929
1928
2201
2202
2203
2204
2207
2192
2193
2195
2196
2197
2198
2199
2185
2184
2187
2189
2188
2190
2179
2181
2180
2183
2234
2235
2233
2238
2239
2236
2237
2226
2227
2228
2229
2219
2218
2217
2216
2223
2222
2221
2211
2210
2208
2215
2214
2213
2212
2268
2269
2270
2271
2264
2266
2261
2262
2263
2256
2257
2258
2259
2253
2255
2254
2249
2248
2251
2250
2245
2244
2247
2241
2240
2242
2302
2303
2300
2298
2299
2296
2297
2294
2292
2293
2290
2291
2288
2286
2284
2283
2282
2280
2279
2276
2274
2064
2067
2068
2070
2073
2072
2075
2077
2078
2049
2050
2051
2052
2053
2054
2057
2058
2059
2060
2061
2062
2063
2107
2106
2105
2104
2111
2110
2109
2082
2080
2081
2084
2133
2132
2131
2130
2141
2140
2143
2142
2139
2116
2118
2119
2112
2113
2114
2115
2124
2127
2121
2122
2123
2167
2166
2164
2163
2162
2173
2171
2170
2168
2150
2151
2148
2149
2146
2144
2145
2158
2159
2157
2154
2155
2152
2153
2810
2811
2808
2815
2812
2813
2802
2800
2806
2807
2804
2795
2794
2793
2792
2799
2798
2797
2787
2786
2785
2791
2790
2789
2788
2776
2777
2778
2780
2781
2782
2783
2770
2771
2773
2774
2775
2761
2760
2763
2764
2767
2755
2754
2757
2759
2613
2611
2609
2608
2623
2622
2620
2619
2616
2675
2673
2672
2679
2678
2677
2676
2683
2682
2681
2680
2687
2686
2685
2684
2658
2659
2657
2663
2660
2661
2666
2667
2664
2665
2670
2671
2669
2641
2640
2643
2642
2645
2647
2646
2649
2648
2652
2655
2654
2624
2625
2627
2628
2629
2630
2631
2632
2634
2635
2636
2637
2989
2991
2990
2985
2984
2987
2986
2981
2980
2979
2978
3007
3000
3001
2996
2997
2998
2999
2993
2994
2959
2958
2957
2953
2952
2951
2950
2947
2946
2945
2944
2974
2973
2971
2968
2969
2966
2965
2962
2963
2960
2961
3049
3048
3051
3050
3052
3055
3054
3043
3044
3047
3046
3064
3065
3066
3058
3059
3061
3019
3018
3016
3021
3020
3011
3010
3009
3008
3015
3014
3013
3012
3035
3032
3038
3039
3036
3037
3027
3024
3031
3028
3029
2852
2853
2854
2855
2848
2849
2850
2851
2860
2863
2856
2857
2858
2859
2869
2868
2871
2870
2865
2864
2867
2866
2877
2876
2879
2873
2875
2822
2823
2820
2821
2818
2819
2817
2830
2831
2828
2829
2826
2827
2824
2825
2839
2838
2837
2836
2835
2834
2833
2847
2846
2844
2843
2842
2841
2912
2915
2916
2917
2919
2920
2921
2922
2923
2924
2926
2927
2932
2934
2939
2938
2940
2943
2882
2883
2880
2881
2887
2884
2885
2890
2891
2888
2889
2894
2895
2893
2899
2898
2897
2896
2902
2900
2907
2906
2905
2904
2911
3284
3285
3286
3287
3281
3282
3283
3292
3293
3294
3295
3289
3290
3291
3316
3317
3314
3315
3312
3327
3324
3325
3322
3320
3303
3301
3300
3299
3298
3297
3296
3309
3307
3305
3304
3527
3526
3525
3524
3523
3522
3520
3534
3533
3531
3530
3529
3528
3536
3537
3459
3458
3457
3463
3461
3460
3466
3464
3471
3468
3474
3475
3472
3473
3478
3479
3477
3483
3480
3481
3486
3484
3489
3488
3491
3490
3493
3492
3495
3494
3497
3496
3499
3501
3500
3504
3506
3507
3508
3509
3510
3512
3513
3516
3517
3519
3406
3407
3404
3405
3402
3403
3400
3401
3398
3399
3396
3397
3394
3395
3392
3393
3423
3421
3419
3416
3415
3412
3411
3410
3409
3408
3436
3437
3432
3433
3434
3435
3428
3430
3431
3424
3425
3427
3453
3451
3450
3444
3447
3446
3441
3440
3443
3442
3338
3339
3336
3337
3342
3343
3340
3331
3328
3334
3333
3354
3353
3352
3358
3346
3345
3344
3351
3350
3349
3368
3369
3370
3372
3373
3374
3375
3360
3361
3362
3363
3364
3365
3366
3385
3387
3386
3389
3391
3390
3377
3376
3379
3378
3381
3380
