956
958
952
954
955
949
950
944
945
946
942
937
936
933
932
935
929
928
931
930
927
924
925
922
923
918
919
916
917
915
912
911
910
909
908
907
905
904
902
901
900
898
1016
1017
1018
1019
1020
1021
1022
1023
1009
1012
1013
1014
1015
1001
1000
1002
1005
1004
1007
1006
993
992
995
994
997
996
999
998
986
985
990
988
989
978
976
981
971
970
968
975
974
972
963
962
961
960
967
966
965
964
1100
1101
1102
1103
1096
1097
1099
1092
1093
1094
1095
1088
1089
1090
1117
1116
1118
1113
1112
1114
1109
1108
1111
1110
1105
1104
1107
1106
1134
1133
1130
1131
1128
1129
1126
1127
1124
1122
1120
1121
1151
1149
1148
1147
1145
1143
1141
1140
1139
1138
1136
1032
1033
1034
1035
1037
1038
1039
1024
1026
1027
1028
1029
1031
1049
1048
1051
1053
1041
1040
1043
1042
1047
1046
1064
1070
1068
1069
1058
1059
1057
1063
1060
1061
1083
1080
1087
1086
1085
1084
1074
1073
1072
1079
1077
1076
1221
1220
1223
1222
1217
1216
1219
1218
1229
1228
1230
1225
1226
1237
1238
1239
1232
1233
1234
1235
1244
1245
1246
1247
1241
1243
1250
1249
1270
1271
1278
1279
1276
1277
1274
1275
1273
1153
1152
1155
1154
1157
1156
1159
1158
1161
1160
1163
1164
1167
1170
1171
1172
1173
1174
1175
1177
1178
1179
1180
1181
1182
1183
1187
1186
1185
1184
1191
1190
1188
1195
1194
1193
1199
1198
1197
1196
1202
1203
1200
1201
1207
1204
1205
1211
1208
1214
1213
1404
1406
1401
1403
1402
1399
1306
1305
1304
1311
1310
1309
1299
1298
1297
1303
1302
1300
1288
1289
1295
1292
1293
1282
1283
1280
1281
1286
1287
1284
1285
1320
1321
1322
1312
1313
1315
1316
1318
1494
1495
1492
1493
1490
1491
1502
1500
1501
1498
1497
1479
1478
1477
1476
1474
1473
1472
1485
1482
1481
1480
1524
1525
1526
1527
1520
1522
1532
1533
1534
1535
1528
1529
1530
1531
1509
1511
1510
1504
1507
1506
1517
1516
1519
1518
1513
1512
1514
1426
1427
1424
1430
1428
1429
1434
1435
1436
1437
1411
1410
1408
1414
1413
1418
1417
1423
1422
1421
1459
1460
1463
1464
1465
1466
1467
1468
1469
1471
1441
1440
1442
1444
1447
1446
1449
1448
1451
1453
1455
1454
1549
1550
1551
1544
1545
1546
1547
1540
1541
1542
1543
1537
1538
1557
1556
1553
1552
1555
1554
1763
1762
1761
1760
1767
1771
1770
1769
1768
1775
1779
1776
1777
1782
1783
1780
1781
1787
1784
1785
1790
1791
1788
1729
1733
1732
1735
1734
1737
1736
1739
1738
1741
1740
1743
1742
1744
1745
1746
1747
1748
1749
1751
1752
1753
1703
1702
1701
1700
1699
1698
1697
1696
1710
1709
1708
1707
1706
1705
1704
1716
1717
1714
1715
1712
1713
1726
1727
1725
1722
1720
1721
1677
1676
1679
1678
1673
1674
1684
1685
1686
1687
1680
1682
1683
1692
1693
1694
1695
1688
1689
1691
1912
1914
1918
1904
1907
1906
1909
1908
1911
1910
1902
1903
1883
1882
1880
1887
1886
1885
1884
1875
1874
1879
1877
1865
1870
1871
1868
1858
1859
1857
1862
1863
1860
1855
1854
1848
1851
1850
1845
1847
1846
1837
1838
1839
1834
1835
1828
1830
1831
1824
1826
1827
1822
1821
1820
1819
1818
1817
1816
1813
1812
1811
1810
1809
1808
1806
1807
1804
1805
1802
1803
1800
1801
1799
1796
1797
1793
2033
2034
2035
2036
2037
2038
2039
2042
2043
2044
2045
2046
2047
2019
2018
2021
2020
2022
2025
2024
2027
2026
2029
2031
2030
2002
2003
2000
2001
2007
2010
2011
2008
2014
2015
2012
1987
1985
1984
1990
1989
1988
1995
1992
1999
1998
1996
1972
1973
1969
1980
1981
1982
1976
1978
1979
1957
1959
1958
1953
1955
1954
1965
1964
1967
1966
1961
1963
1962
1942
1943
1940
1941
1939
1936
1937
1950
1951
1948
1949
1947
1927
1926
1925
1924
1923
1922
1921
1920
1935
1934
1933
1930
1928
2201
2202
2203
2204
2205
2206
2207
2194
2195
2196
2197
2198
2199
2185
2184
2187
2186
2188
2191
2190
2179
2181
2183
2182
2234
2235
2239
2237
2226
2227
2224
2225
2230
2231
2228
2229
2219
2218
2217
2216
2223
2222
2221
2220
2211
2210
2208
2215
2213
2212
2269
2270
2271
2264
2265
2267
2260
2261
2262
2256
2257
2258
2259
2252
2249
2248
2251
2250
2245
2244
2247
2246
2241
2240
2243
2242
2303
2300
2301
2298
2299
2296
2297
2294
2292
2293
2291
2288
2289
2287
2286
2284
2282
2281
2280
2279
2277
2276
2275
2274
2272
2064
2066
2069
2068
2071
2073
2072
2075
2077
2079
2078
2048
2050
2051
2053
2054
2055
2058
2059
2060
2062
2063
2107
2106
2105
2104
2111
2110
2082
2083
2080
2081
2084
2133
2132
2135
2134
2131
2130
2141
2140
2143
2142
2136
2139
2116
2117
2118
2112
2113
2115
2124
2125
2127
2120
2121
2123
2167
2166
2165
2164
2163
2162
2175
2172
2170
2169
2150
2151
2148
2149
2146
2147
2144
2145
2158
2159
2156
2154
2155
2152
2153
2810
2808
2809
2815
2812
2813
2802
2800
2801
2806
2807
2804
2805
2795
2794
2793
2792
2799
2798
2796
2786
2791
2790
2789
2776
2777
2779
2780
2781
2782
2783
2768
2771
2772
2773
2774
2775
2761
2760
2762
2765
2767
2766
2755
2754
2757
2756
2758
2615
2613
2612
2611
2610
2609
2608
2623
2622
2621
2620
2619
2616
2673
2679
2678
2677
2676
2683
2682
2680
2687
2686
2685
2684
2659
2657
2662
2663
2660
2661
2666
2667
2664
2665
2671
2668
2669
2641
2640
2643
2642
2645
2647
2646
2649
2648
2653
2652
2654
2624
2625
2626
2629
2630
2631
2632
2633
2634
2635
2636
2639
2989
2991
2990
2985
2984
2987
2986
2981
2983
2977
2976
2979
2978
3006
3007
3000
3001
3002
2996
2997
2999
2992
2993
2994
2959
2958
2957
2953
2952
2950
2947
2945
2944
2974
2975
2972
2973
2970
2971
2968
2969
2966
2967
2965
2962
2963
2960
2961
3049
3048
3051
3050
3053
3055
3054
3041
3040
3042
3045
3044
3047
3046
3064
3065
3056
3058
3061
3062
3063
3019
3018
3017
3016
3022
3021
3020
3011
3010
3009
3013
3034
3035
3032
3038
3039
3036
3026
3027
3024
3025
3030
3028
3029
2852
2854
2855
2848
2849
2851
2861
2856
2857
2858
2859
2869
2868
2871
2865
2864
2867
2877
2876
2879
2873
2872
2874
2822
2823
2821
2818
2819
2817
2830
2831
2828
2829
2826
2827
2839
2838
2837
2835
2834
2833
2832
2847
2842
2841
2840
2912
2913
2917
2918
2919
2921
2923
2924
2928
2931
2933
2932
2935
2934
2937
2936
2939
2941
2943
2882
2881
2887
2885
2890
2891
2889
2894
2895
2892
2899
2897
2896
2903
2902
2901
2907
2906
2905
2904
2910
3285
3286
3282
3283
3292
3293
3294
3295
3288
3290
3291
3318
3316
3317
3314
3315
3312
3313
3327
3324
3325
3322
3323
3320
3321
3303
3302
3301
3300
3299
3298
3297
3311
3310
3307
3306
3305
3304
3527
3526
3525
3523
3522
3520
3535
3534
3532
3531
3530
3529
3536
3537
3459
3458
3457
3456
3463
3462
3461
3460
3466
3464
3474
3475
3472
3473
3478
3477
3482
3480
3486
3487
3484
3490
3492
3495
3494
3497
3498
3500
3504
3505
3506
3507
3508
3510
3511
3512
3513
3514
3515
3517
3518
3519
3406
3407
3404
3405
3402
3403
3400
3401
3398
3399
3396
3397
3394
3392
3393
3422
3421
3419
3418
3417
3416
3415
3411
3409
3408
3436
3437
3438
3432
3433
3428
3429
3430
3425
3453
3452
3455
3449
3448
3451
3450
3445
3446
3443
3338
3339
3336
3337
3342
3343
3340
3330
3328
3329
3334
3335
3333
3354
3353
3352
3359
3347
3346
3345
3344
3351
3350
3349
3368
3369
3370
3372
3373
3374
3375
3360
3362
3363
3364
3365
3367
3385
3384
3387
3386
3389
3388
3391
3390
3377
3381
3380
3382
