958
952
953
954
948
950
951
947
940
943
942
937
936
939
938
933
932
935
928
931
930
926
927
924
925
922
920
918
919
916
917
915
912
911
909
908
907
906
905
902
900
899
1016
1017
1018
1019
1020
1021
1009
1010
1012
1013
1014
1015
1001
1000
1003
1002
1005
1004
1007
993
995
997
996
998
987
984
985
990
991
988
989
978
976
982
983
980
981
970
968
975
974
973
972
963
962
960
967
965
964
1100
1101
1096
1098
1093
1094
1095
1088
1089
1090
1091
1117
1116
1119
1118
1113
1112
1115
1108
1111
1110
1106
1134
1135
1132
1133
1130
1131
1129
1126
1127
1124
1125
1122
1123
1120
1151
1150
1148
1146
1143
1142
1141
1138
1137
1033
1035
1036
1037
1039
1024
1025
1026
1027
1028
1029
1030
1031
1049
1048
1051
1053
1052
1055
1054
1041
1043
1042
1045
1044
1064
1065
1071
1069
1058
1059
1056
1057
1060
1061
1083
1082
1081
1080
1087
1086
1085
1084
1075
1073
1072
1079
1077
1076
1221
1220
1223
1222
1217
1216
1218
1228
1230
1225
1227
1226
1236
1237
1238
1239
1233
1234
1235
1244
1245
1246
1247
1240
1241
1242
1243
1249
1248
1270
1271
1278
1279
1276
1274
1272
1273
1153
1152
1155
1154
1157
1156
1159
1158
1161
1160
1163
1165
1164
1167
1166
1168
1169
1170
1171
1172
1173
1175
1176
1177
1178
1179
1180
1181
1182
1183
1187
1186
1185
1184
1188
1195
1194
1193
1199
1198
1197
1196
1202
1203
1200
1201
1206
1204
1205
1211
1208
1209
1214
1215
1212
1213
1405
1404
1407
1406
1401
1400
1403
1402
1399
1306
1304
1311
1309
1308
1299
1298
1297
1296
1303
1302
1300
1290
1291
1288
1289
1295
1292
1293
1282
1283
1280
1281
1286
1287
1285
1320
1322
1323
1312
1313
1314
1315
1316
1317
1318
1319
1492
1493
1490
1488
1489
1502
1503
1500
1501
1498
1499
1496
1479
1478
1477
1476
1475
1474
1487
1486
1485
1484
1483
1482
1481
1480
1524
1525
1527
1520
1521
1522
1523
1532
1534
1535
1528
1530
1531
1509
1508
1511
1510
1505
1517
1516
1519
1518
1513
1514
1426
1427
1425
1431
1428
1429
1434
1433
1436
1437
1411
1409
1408
1415
1414
1413
1412
1419
1417
1416
1423
1422
1421
1420
1456
1459
1460
1461
1462
1463
1465
1467
1469
1470
1441
1440
1442
1444
1447
1449
1448
1453
1455
1548
1550
1544
1546
1547
1543
1536
1537
1539
1557
1553
1552
1555
1554
1763
1762
1761
1760
1767
1765
1764
1770
1769
1768
1775
1773
1779
1776
1777
1782
1783
1780
1786
1787
1784
1785
1790
1791
1789
1731
1730
1733
1732
1735
1737
1738
1743
1742
1744
1745
1746
1749
1751
1752
1753
1758
1759
1703
1702
1701
1700
1699
1698
1697
1696
1711
1709
1708
1707
1706
1704
1718
1719
1717
1714
1715
1712
1713
1726
1724
1725
1722
1720
1721
1679
1678
1673
1672
1674
1684
1685
1686
1687
1681
1682
1683
1693
1694
1695
1689
1690
1913
1912
1915
1914
1919
1918
1907
1906
1909
1908
1911
1902
1903
1883
1880
1887
1886
1885
1884
1875
1874
1872
1879
1878
1877
1876
1870
1871
1869
1858
1859
1856
1863
1860
1852
1855
1854
1848
1850
1845
1847
1846
1841
1840
1836
1837
1838
1839
1833
1834
1835
1828
1829
1830
1831
1825
1826
1827
1823
1822
1821
1820
1818
1817
1816
1815
1813
1811
1810
1809
1808
1807
1804
1805
1803
1801
1799
1796
1797
1794
1795
1792
2032
2034
2035
2036
2037
2038
2039
2040
2042
2045
2047
2017
2018
2020
2023
2022
2024
2027
2026
2028
2031
2030
2003
2000
2007
2010
2011
2009
2015
2012
2013
1987
1986
1985
1984
1990
1989
1988
1995
1999
1998
1996
1972
1973
1975
1969
1971
1980
1981
1983
1976
1978
1956
1959
1958
1953
1955
1954
1965
1964
1967
1961
1962
1942
1943
1940
1941
1938
1939
1936
1937
1950
1951
1948
1949
1947
1944
1945
1927
1926
1925
1924
1923
1922
1921
1935
1934
1933
1931
1930
1929
1928
2200
2203
2204
2205
2206
2207
2192
2193
2194
2195
2197
2198
2184
2187
2186
2189
2188
2191
2190
2179
2180
2234
2232
2238
2239
2236
2237
2226
2227
2224
2230
2231
2228
2219
2218
2217
2216
2223
2222
2221
2220
2210
2209
2208
2215
2214
2212
2268
2269
2270
2271
2264
2266
2267
2260
2263
2256
2257
2258
2253
2254
2249
2251
2250
2244
2246
2241
2240
2243
2242
2302
2303
2300
2301
2298
2299
2296
2297
2294
2295
2292
2293
2290
2291
2288
2287
2286
2285
2284
2283
2282
2280
2279
2276
2275
2274
2272
2064
2066
2069
2071
2070
2072
2075
2077
2078
2050
2051
2052
2053
2054
2055
2059
2060
2061
2062
2063
2107
2106
2105
2104
2111
2109
2082
2083
2080
2081
2084
2133
2132
2135
2134
2128
2131
2130
2141
2140
2143
2142
2136
2139
2116
2117
2118
2119
2112
2113
2114
2115
2124
2125
2127
2120
2121
2122
2123
2167
2166
2165
2164
2163
2162
2161
2175
2173
2172
2171
2170
2169
2150
2151
2148
2146
2147
2144
2145
2158
2159
2156
2157
2154
2155
2152
2153
2811
2808
2809
2815
2813
2802
2803
2800
2806
2807
2804
2805
2795
2794
2793
2799
2798
2797
2796
2787
2785
2784
2791
2790
2789
2788
2778
2779
2780
2781
2782
2783
2768
2771
2772
2773
2774
2775
2761
2760
2763
2762
2765
2764
2767
2766
2754
2757
2756
2759
2615
2612
2611
2610
2609
2623
2621
2620
2619
2616
2675
2673
2672
2679
2677
2683
2682
2681
2680
2687
2686
2685
2684
2658
2659
2657
2663
2660
2666
2667
2665
2671
2668
2669
2641
2640
2642
2644
2647
2649
2648
2654
2624
2625
2626
2627
2632
2633
2635
2637
2989
2991
2990
2984
2986
2981
2980
2983
2982
2977
2976
2979
3006
3007
3000
3001
3002
2996
2998
2999
2992
2993
2994
2959
2958
2957
2953
2951
2950
2947
2946
2945
2944
2974
2975
2972
2970
2971
2968
2966
2967
2962
2960
3049
3048
3050
3053
3052
3055
3054
3041
3040
3043
3042
3045
3044
3047
3064
3065
3066
3058
3059
3060
3061
3063
3017
3016
3023
3022
3021
3020
3011
3009
3008
3015
3014
3012
3035
3032
3038
3039
3036
3037
3026
3027
3025
3030
3031
3028
2852
2853
2854
2855
2848
2849
2851
2860
2861
2862
2863
2856
2857
2858
2859
2869
2868
2871
2870
2865
2864
2866
2877
2879
2873
2872
2875
2874
2822
2823
2820
2821
2818
2819
2830
2831
2828
2826
2827
2824
2839
2838
2836
2835
2834
2833
2847
2846
2845
2844
2843
2842
2841
2840
2915
2916
2917
2919
2920
2922
2923
2924
2925
2926
2929
2928
2931
2935
2934
2936
2939
2941
2940
2943
2882
2883
2880
2881
2886
2887
2890
2891
2888
2894
2895
2892
2893
2899
2898
2896
2903
2902
2901
2900
2907
2905
2904
2911
2910
3284
3285
3286
3287
3281
3282
3292
3293
3288
3289
3290
3291
3318
3316
3317
3314
3315
3312
3313
3324
3323
3320
3303
3302
3301
3300
3297
3296
3311
3309
3307
3306
3305
3304
3526
3525
3523
3521
3534
3533
3532
3531
3530
3459
3456
3463
3462
3461
3460
3466
3464
3471
3470
3468
3474
3475
3482
3483
3480
3481
3488
3491
3490
3493
3492
3497
3499
3498
3501
3500
3504
3505
3506
3507
3508
3509
3510
3512
3405
3400
3401
3399
3396
3393
3423
3419
3412
3409
3436
3437
3438
3433
3434
3435
3428
3429
3430
3431
3425
3427
3452
3454
3449
3444
3446
3338
3339
3336
3337
3341
3330
3331
3328
3333
3354
3353
3359
3357
3346
3345
3344
3350
3349
3368
3369
3370
3372
3374
3362
3364
3366
3367
3384
3387
3386
3389
3388
3391
3390
3377
3376
3378
3382
