952
955
944
937
935
928
924
925
922
908
906
901
1016
1017
1023
1008
1000
999
988
978
983
980
972
962
961
967
1100
1103
1098
1114
1110
1132
1151
1145
1136
1024
1025
1048
1053
1054
1040
1042
1064
1068
1069
1056
1061
1083
1082
1072
1079
1077
1219
1229
1230
1227
1232
1234
1245
1246
1249
1274
1275
1156
1159
1160
1165
1170
1181
1182
1211
1213
1400
1311
1310
1308
1303
1292
1293
1320
1322
1312
1316
1495
1500
1499
1479
1476
1484
1483
1524
1532
1534
1531
1508
1517
1518
1514
1434
1432
1436
1410
1413
1423
1469
1471
1444
1447
1446
1451
1450
1549
1551
1537
1553
1552
1763
1762
1765
1770
1768
1777
1787
1788
1733
1743
1749
1757
1707
1716
1712
1727
1725
1721
1684
1686
1682
1689
1914
1882
1887
1885
1870
1869
1856
1854
1848
1837
1828
1822
1819
1815
1813
1798
1799
1795
2034
2036
2038
2042
2020
2024
2026
2028
2031
2030
2003
2010
2011
2009
2013
1973
1975
1958
1955
1966
1942
1924
1921
1920
1935
1934
1929
2207
2193
2196
2198
2199
2181
2180
2239
2236
2226
2230
2228
2220
2210
2268
2264
2261
2257
2258
2259
2254
2241
2240
2303
2298
2299
2294
2288
2287
2285
2070
2050
2052
2055
2063
2104
2080
2133
2132
2135
2131
2130
2141
2140
2143
2114
2125
2165
2175
2150
2144
2815
2795
2793
2787
2786
2777
2772
2775
2761
2767
2754
2757
2758
2615
2612
2620
2682
2681
2660
2669
2626
2632
2991
2985
2982
3002
2999
2992
2995
2974
2971
2969
2961
3053
3055
3041
3045
3064
3060
3016
3008
3032
3026
3024
3029
2855
2863
2858
2869
2868
2864
2876
2828
2827
2839
2838
2835
2847
2843
2842
2916
2920
2923
2927
2932
2936
2883
2886
2887
2904
2911
3282
3283
3295
3289
3324
3323
3320
3303
3305
3526
3525
3458
3462
3461
3479
3477
3484
3488
3494
3497
3501
3500
3503
3506
3513
3514
3516
3392
3411
3408
3437
3434
3431
3448
3451
3444
3440
3330
3331
3334
3335
3358
3357
3347
3345
3348
3374
3365
3385
3389
3379
3383
