956
958
952
953
954
951
945
947
940
943
942
936
939
938
933
932
935
934
929
928
930
926
927
924
925
922
923
920
918
919
917
915
912
910
909
908
907
906
905
904
902
901
899
898
1017
1018
1019
1020
1023
1008
1009
1010
1012
1014
1015
1001
1003
1002
1004
1007
1006
993
992
995
994
997
996
999
986
987
984
985
990
991
988
989
978
979
976
982
980
981
971
970
975
974
972
963
962
961
960
964
1100
1101
1102
1103
1096
1092
1093
1094
1095
1088
1089
1090
1091
1116
1119
1112
1115
1114
1109
1108
1110
1105
1104
1107
1134
1135
1132
1133
1131
1129
1126
1127
1125
1122
1123
1120
1121
1150
1147
1146
1145
1143
1141
1140
1138
1137
1136
1034
1035
1036
1038
1039
1024
1025
1026
1027
1028
1029
1030
1031
1049
1051
1050
1053
1052
1055
1054
1040
1043
1042
1045
1047
1046
1065
1070
1071
1068
1069
1058
1059
1056
1057
1063
1061
1083
1082
1081
1080
1087
1086
1084
1075
1074
1072
1078
1077
1076
1221
1220
1222
1216
1219
1218
1229
1228
1231
1225
1224
1227
1226
1236
1237
1238
1239
1232
1233
1234
1235
1244
1245
1246
1247
1242
1243
1250
1249
1270
1271
1278
1279
1277
1274
1275
1153
1152
1155
1154
1157
1156
1159
1161
1160
1163
1162
1164
1167
1166
1168
1170
1171
1172
1173
1174
1175
1176
1177
1178
1179
1180
1181
1182
1183
1187
1185
1184
1191
1189
1188
1195
1194
1193
1199
1197
1202
1203
1200
1201
1206
1207
1204
1205
1210
1211
1208
1209
1215
1212
1213
1405
1404
1407
1401
1400
1402
1399
1305
1304
1311
1310
1309
1308
1299
1297
1296
1303
1301
1300
1290
1291
1288
1294
1295
1292
1293
1282
1283
1280
1281
1286
1287
1284
1285
1320
1321
1323
1312
1313
1314
1315
1316
1319
1494
1495
1490
1491
1488
1502
1503
1501
1498
1499
1496
1497
1479
1478
1476
1474
1473
1472
1486
1485
1484
1482
1481
1480
1525
1526
1520
1521
1522
1523
1532
1533
1534
1535
1528
1529
1530
1531
1509
1508
1511
1505
1504
1507
1506
1517
1516
1519
1518
1513
1512
1514
1426
1427
1424
1430
1431
1428
1429
1434
1435
1432
1439
1436
1437
1410
1408
1415
1414
1413
1412
1419
1418
1416
1422
1421
1420
1457
1458
1460
1461
1463
1465
1466
1468
1469
1470
1471
1441
1440
1443
1442
1445
1444
1447
1449
1448
1451
1450
1453
1452
1455
1454
1548
1549
1550
1551
1544
1545
1546
1547
1540
1541
1543
1536
1537
1538
1557
1556
1552
1555
1554
1763
1762
1761
1760
1767
1766
1765
1764
1770
1768
1775
1773
1772
1779
1776
1777
1782
1780
1781
1786
1787
1784
1790
1791
1788
1729
1731
1730
1732
1735
1737
1739
1738
1741
1740
1742
1745
1747
1750
1753
1756
1757
1759
1702
1700
1697
1696
1710
1708
1707
1706
1705
1704
1718
1719
1716
1717
1714
1712
1713
1727
1724
1725
1722
1720
1677
1676
1679
1678
1672
1674
1685
1687
1680
1681
1682
1683
1693
1694
1695
1688
1689
1690
1691
1913
1912
1915
1917
1904
1907
1906
1909
1908
1911
1910
1902
1903
1883
1882
1881
1880
1887
1885
1884
1875
1872
1878
1877
1876
1866
1865
1870
1871
1868
1869
1858
1859
1856
1862
1860
1852
1848
1851
1850
1847
1846
1836
1838
1833
1835
1828
1830
1831
1824
1825
1826
1827
1823
1822
1821
1820
1819
1818
1816
1815
1812
1811
1806
1807
1805
1802
1803
1800
1801
1799
1796
1797
1794
1795
1792
1793
2032
2033
2034
2035
2037
2038
2039
2040
2043
2044
2046
2017
2019
2018
2020
2023
2022
2025
2024
2029
2028
2002
2000
2001
2006
2007
2010
2011
2008
2014
2015
2013
1987
1986
1985
1984
1990
1989
1988
1995
1992
1998
1997
1972
1973
1975
1969
1970
1971
1980
1981
1982
1976
1978
1979
1957
1956
1959
1958
1955
1954
1967
1966
1961
1963
1962
1942
1940
1938
1939
1936
1937
1950
1951
1949
1947
1944
1945
1927
1925
1923
1922
1921
1920
1935
1934
1932
1930
1929
1928
2200
2201
2202
2204
2206
2192
2193
2194
2196
2197
2198
2199
2185
2187
2186
2189
2188
2191
2190
2178
2180
2183
2182
2234
2235
2232
2233
2238
2239
2236
2226
2227
2224
2225
2230
2231
2229
2218
2217
2216
2223
2221
2220
2211
2210
2208
2215
2214
2213
2268
2269
2270
2271
2264
2265
2266
2267
2261
2262
2263
2256
2258
2252
2255
2249
2248
2250
2247
2246
2241
2240
2242
2302
2303
2300
2301
2296
2297
2295
2292
2293
2291
2288
2289
2287
2284
2283
2282
2281
2279
2277
2276
2275
2274
2064
2067
2068
2071
2070
2073
2072
2075
2077
2079
2078
2048
2049
2051
2052
2053
2055
2057
2059
2060
2061
2063
2107
2106
2104
2111
2110
2082
2083
2133
2132
2135
2130
2141
2140
2143
2142
2136
2116
2118
2119
2113
2114
2115
2124
2125
2120
2121
2122
2123
2167
2166
2165
2164
2163
2162
2161
2175
2173
2171
2169
2168
2150
2148
2149
2146
2147
2144
2145
2158
2159
2156
2157
2155
2152
2153
2810
2811
2809
2815
2812
2802
2800
2801
2806
2807
2804
2805
2795
2794
2793
2792
2799
2797
2796
2785
2784
2791
2790
2789
2776
2777
2778
2779
2780
2781
2782
2783
2768
2771
2772
2774
2775
2760
2763
2764
2766
2755
2754
2757
2756
2759
2758
2615
2613
2612
2611
2610
2609
2608
2622
2621
2616
2675
2673
2672
2679
2677
2676
2683
2682
2681
2680
2684
2658
2659
2657
2662
2663
2660
2661
2667
2664
2665
2670
2668
2641
2640
2645
2647
2646
2649
2648
2653
2655
2654
2624
2626
2629
2631
2632
2633
2635
2637
2639
2989
2991
2990
2985
2984
2987
2986
2981
2980
2983
2982
2976
3006
3007
3000
3001
3002
2996
2999
2992
2994
2958
2957
2951
2950
2947
2946
2945
2975
2973
2970
2968
2969
2967
2965
2962
2960
2961
3049
3051
3050
3053
3052
3055
3054
3041
3040
3043
3042
3044
3047
3046
3064
3065
3066
3056
3059
3060
3061
3062
3063
3018
3017
3016
3023
3022
3021
3011
3010
3009
3008
3015
3014
3013
3012
3035
3032
3033
3038
3036
3037
3026
3025
3030
3031
2852
2853
2854
2855
2848
2849
2850
2860
2861
2863
2857
2859
2869
2871
2870
2865
2864
2867
2866
2877
2879
2873
2872
2874
2822
2823
2820
2821
2818
2819
2817
2830
2828
2826
2825
2839
2836
2835
2834
2833
2832
2847
2846
2845
2844
2843
2842
2841
2840
2912
2913
2915
2916
2917
2918
2919
2920
2921
2922
2923
2925
2926
2927
2931
2933
2932
2935
2934
2937
2936
2939
2938
2941
2940
2943
2882
2883
2880
2881
2886
2887
2884
2885
2890
2891
2888
2889
2894
2895
2892
2893
2899
2898
2897
2896
2903
2901
2900
2907
2906
2905
2904
2911
2910
3284
3285
3286
3287
3281
3283
3292
3293
3294
3295
3288
3290
3291
3315
3327
3325
3322
3323
3321
3303
3301
3300
3299
3298
3297
3311
3309
3307
3306
3304
3525
3524
3522
3521
3535
3534
3533
3532
3529
3528
3536
3537
3459
3458
3457
3456
3463
3462
3461
3465
3464
3471
3470
3475
3472
3473
3479
3482
3483
3480
3481
3486
3487
3484
3485
3489
3488
3491
3490
3493
3492
3495
3494
3497
3496
3499
3500
3503
3505
3506
3507
3508
3509
3511
3513
3514
3515
3518
3519
3406
3407
3404
3405
3403
3400
3401
3398
3399
3396
3397
3394
3395
3392
3393
3423
3422
3421
3416
3415
3412
3411
3409
3408
3436
3432
3433
3434
3435
3428
3429
3430
3431
3424
3425
3427
3453
3452
3455
3449
3448
3451
3445
3444
3447
3441
3440
3443
3338
3339
3336
3337
3342
3340
3341
3330
3331
3328
3329
3335
3333
3354
3359
3357
3346
3344
3351
3350
3349
3348
3368
3369
3370
3372
3374
3375
3360
3362
3363
3364
3365
3366
3367
3385
3384
3387
3386
3389
3388
3391
3390
3376
3378
3381
3380
3383
3382
