956
940
942
937
928
923
918
916
917
909
904
899
1016
1019
1023
1009
1001
1005
992
995
987
989
978
982
970
975
967
1101
1096
1099
1092
1095
1089
1112
1114
1109
1108
1135
1126
1151
1146
1141
1136
1032
1036
1027
1029
1047
1046
1069
1059
1079
1222
1218
1225
1236
1239
1232
1246
1247
1241
1157
1159
1165
1167
1175
1183
1186
1190
1188
1193
1199
1207
1214
1212
1401
1403
1402
1298
1288
1295
1286
1284
1320
1312
1315
1502
1503
1498
1479
1474
1473
1487
1486
1485
1482
1520
1508
1511
1516
1430
1432
1439
1437
1421
1458
1460
1467
1469
1470
1471
1444
1449
1448
1453
1551
1541
1552
1768
1789
1734
1746
1748
1749
1751
1756
1709
1704
1716
1717
1715
1712
1713
1721
1673
1684
1686
1692
1912
1914
1874
1872
1879
1865
1852
1847
1846
1836
1833
1835
1828
1829
1824
1810
1804
1795
2038
2046
2023
2025
2026
2029
2028
2031
2003
2015
1985
1990
1989
1996
1972
1975
1969
1970
1971
1980
1982
1978
1966
1963
1942
1943
1939
1937
1951
1948
1947
1944
1925
1931
2200
2205
2206
2194
2191
2182
2232
2224
2225
2230
2231
2220
2209
2265
2267
2260
2246
2243
2301
2295
2289
2287
2285
2281
2275
2272
2066
2069
2071
2079
2055
2083
2135
2128
2117
2125
2120
2165
2161
2160
2169
2147
2156
2803
2801
2805
2796
2784
2779
2768
2772
2762
2765
2766
2756
2758
2615
2612
2610
2621
2662
2668
2644
2653
2633
2639
2983
2982
2977
2976
3006
2995
2972
2970
2967
3053
3041
3040
3045
3056
3060
3062
3017
3023
3022
3034
3033
3025
2861
2862
2878
2874
2832
2845
2840
2918
2925
2929
2928
2933
2935
2937
2936
2941
2886
2892
2901
2910
3288
3318
3313
3323
3321
3311
3310
3306
3521
3535
3456
3462
3465
3470
3482
3487
3485
3498
3503
3502
3505
3511
3514
3515
3518
3417
3438
3429
3452
3455
3454
3448
3445
3341
3330
3335
3359
3357
3347
3348
3367
3384
3383
