956
958
952
953
954
955
948
949
950
951
944
945
946
947
940
937
936
939
938
933
932
935
934
929
931
930
926
927
924
925
922
923
918
919
916
917
912
911
910
908
907
906
905
903
902
901
898
1016
1018
1020
1021
1022
1023
1008
1009
1010
1011
1013
1001
1000
1003
1002
1005
1004
1007
1006
993
992
995
996
999
998
986
984
990
988
989
978
979
976
983
981
970
968
975
974
972
963
962
961
967
966
964
1100
1102
1103
1096
1097
1098
1092
1093
1095
1088
1091
1117
1119
1118
1112
1108
1110
1105
1104
1107
1106
1134
1132
1133
1130
1131
1129
1126
1127
1124
1125
1122
1151
1150
1148
1147
1146
1145
1144
1143
1142
1141
1140
1139
1138
1137
1136
1032
1033
1034
1035
1036
1037
1038
1039
1025
1026
1027
1029
1031
1049
1048
1051
1053
1052
1055
1054
1042
1044
1047
1066
1065
1068
1058
1059
1056
1063
1060
1061
1082
1081
1080
1086
1085
1084
1075
1074
1073
1072
1079
1078
1077
1076
1221
1222
1217
1216
1219
1229
1228
1231
1230
1225
1227
1226
1236
1237
1238
1239
1232
1234
1235
1244
1245
1246
1247
1240
1241
1242
1243
1250
1248
1271
1278
1279
1276
1277
1274
1275
1272
1273
1155
1154
1157
1156
1161
1160
1163
1162
1165
1164
1166
1168
1169
1170
1171
1172
1173
1174
1175
1176
1177
1179
1180
1181
1182
1183
1187
1186
1191
1189
1188
1195
1199
1198
1197
1196
1202
1203
1200
1201
1206
1207
1204
1205
1210
1211
1208
1215
1405
1404
1407
1406
1401
1403
1402
1306
1305
1311
1309
1298
1297
1303
1301
1290
1288
1289
1294
1292
1293
1282
1283
1280
1281
1286
1287
1284
1320
1321
1322
1323
1312
1316
1317
1318
1319
1494
1495
1492
1493
1488
1489
1502
1503
1500
1501
1498
1496
1497
1478
1477
1475
1474
1473
1487
1486
1485
1483
1482
1481
1480
1524
1525
1526
1520
1521
1522
1523
1532
1533
1535
1528
1529
1530
1531
1509
1508
1511
1510
1505
1504
1507
1506
1517
1516
1519
1518
1513
1514
1426
1424
1425
1430
1431
1428
1429
1434
1435
1432
1433
1438
1439
1436
1437
1411
1410
1409
1408
1415
1414
1413
1412
1417
1416
1423
1422
1421
1420
1456
1457
1459
1461
1462
1463
1464
1465
1466
1467
1468
1469
1471
1441
1440
1443
1442
1444
1447
1446
1449
1448
1451
1450
1453
1452
1455
1454
1548
1549
1550
1551
1544
1545
1546
1547
1541
1542
1543
1537
1538
1539
1557
1556
1553
1554
1763
1762
1761
1760
1767
1764
1771
1770
1769
1768
1773
1772
1779
1776
1777
1782
1787
1785
1791
1788
1789
1729
1731
1730
1733
1732
1735
1734
1736
1739
1738
1741
1740
1742
1747
1748
1749
1750
1751
1752
1756
1757
1758
1702
1701
1700
1699
1698
1697
1708
1707
1706
1705
1704
1718
1719
1716
1717
1714
1712
1726
1724
1725
1722
1720
1721
1677
1676
1679
1678
1673
1675
1674
1684
1685
1686
1687
1680
1681
1682
1683
1692
1693
1688
1689
1690
1691
1913
1912
1915
1914
1917
1919
1904
1907
1906
1908
1902
1903
1883
1882
1881
1880
1887
1886
1875
1874
1872
1879
1878
1877
1864
1868
1869
1858
1859
1856
1857
1862
1863
1860
1852
1855
1848
1850
1847
1846
1841
1840
1836
1837
1838
1839
1833
1834
1829
1830
1824
1825
1826
1821
1819
1818
1817
1816
1815
1813
1812
1811
1809
1808
1806
1807
1804
1802
1803
1800
1801
1798
1796
1797
1794
1792
1793
2034
2035
2036
2037
2038
2039
2040
2042
2043
2045
2046
2047
2019
2018
2021
2020
2022
2025
2024
2027
2026
2029
2031
2030
2002
2003
2000
2001
2006
2010
2011
2009
2014
2015
2012
2013
1986
1985
1984
1990
1989
1995
1992
1998
1996
1972
1973
1969
1970
1982
1983
1976
1979
1956
1959
1958
1953
1955
1954
1964
1966
1961
1963
1962
1943
1940
1941
1938
1936
1937
1950
1951
1948
1949
1947
1945
1927
1925
1924
1923
1921
1920
1934
1933
1931
1930
1929
1928
2200
2201
2202
2204
2205
2206
2207
2192
2193
2194
2195
2196
2197
2198
2199
2185
2184
2186
2189
2188
2191
2190
2178
2181
2180
2183
2182
2234
2235
2232
2233
2238
2239
2236
2237
2226
2227
2224
2225
2231
2228
2229
2219
2217
2216
2223
2221
2220
2211
2210
2209
2215
2214
2213
2212
2268
2269
2270
2271
2264
2265
2266
2267
2260
2256
2257
2259
2253
2252
2255
2254
2249
2248
2251
2250
2244
2247
2246
2240
2242
2302
2303
2301
2298
2299
2297
2294
2295
2292
2290
2291
2289
2285
2284
2283
2281
2280
2279
2276
2275
2274
2272
2064
2067
2066
2069
2068
2071
2073
2072
2077
2079
2078
2048
2051
2052
2053
2054
2055
2057
2058
2059
2060
2061
2062
2107
2106
2105
2104
2111
2110
2109
2082
2083
2080
2133
2132
2135
2134
2128
2131
2130
2141
2140
2143
2137
2136
2116
2117
2118
2119
2113
2114
2115
2124
2125
2127
2122
2123
2167
2166
2165
2164
2163
2160
2175
2172
2170
2169
2168
2150
2151
2148
2149
2146
2147
2144
2145
2159
2156
2154
2155
2152
2153
2810
2811
2815
2812
2813
2802
2803
2800
2806
2807
2805
2795
2794
2793
2792
2799
2798
2797
2796
2787
2786
2785
2784
2790
2788
2776
2778
2779
2780
2782
2783
2768
2770
2771
2772
2775
2761
2760
2765
2764
2767
2766
2755
2754
2757
2756
2758
2615
2613
2612
2611
2609
2608
2623
2622
2621
2620
2619
2616
2675
2673
2679
2678
2683
2682
2680
2687
2686
2685
2684
2658
2659
2657
2662
2663
2660
2661
2666
2667
2664
2665
2670
2671
2641
2640
2642
2645
2646
2649
2648
2653
2655
2654
2624
2625
2626
2627
2628
2629
2630
2631
2633
2635
2636
2637
2639
2991
2990
2985
2984
2986
2980
2983
2982
2977
2976
2978
3006
3007
3000
3002
2996
2997
2992
2993
2995
2959
2958
2952
2951
2947
2946
2945
2944
2974
2972
2970
2971
2968
2969
2966
2967
2962
2963
2960
2961
3049
3048
3051
3050
3053
3052
3055
3041
3040
3043
3042
3045
3044
3046
3064
3065
3066
3058
3059
3060
3061
3062
3063
3019
3018
3017
3016
3023
3022
3021
3020
3011
3010
3009
3008
3014
3013
3012
3034
3032
3033
3039
3036
3026
3027
3024
3030
3031
3028
2852
2853
2854
2855
2848
2849
2850
2860
2862
2863
2856
2857
2859
2869
2868
2871
2870
2865
2864
2867
2866
2877
2876
2879
2873
2872
2822
2823
2820
2821
2818
2819
2817
2831
2828
2826
2827
2824
2837
2836
2835
2834
2833
2832
2847
2846
2845
2844
2843
2842
2841
2840
2913
2916
2917
2918
2919
2920
2921
2922
2923
2926
2927
2929
2928
2933
2932
2935
2934
2937
2936
2939
2938
2941
2940
2943
2882
2883
2880
2886
2887
2890
2891
2888
2889
2895
2892
2893
2899
2898
2896
2901
2900
2906
2905
2911
2910
3284
3285
3286
3281
3282
3283
3292
3293
3294
3295
3288
3289
3290
3291
3318
3316
3317
3314
3315
3312
3313
3327
3324
3320
3321
3302
3301
3300
3299
3298
3297
3296
3311
3310
3307
3305
3527
3526
3525
3524
3523
3522
3521
3520
3535
3534
3532
3531
3529
3536
3459
3458
3457
3456
3461
3460
3465
3464
3470
3468
3474
3475
3472
3473
3478
3479
3477
3482
3483
3480
3481
3486
3484
3489
3488
3491
3490
3493
3495
3494
3497
3496
3499
3498
3500
3503
3502
3504
3505
3508
3509
3511
3512
3513
3514
3515
3516
3518
3519
3405
3401
3398
3399
3396
3397
3394
3395
3392
3393
3423
3422
3419
3418
3415
3412
3410
3409
3408
3436
3437
3438
3432
3433
3434
3428
3429
3430
3431
3424
3425
3427
3453
3455
3448
3451
3450
3445
3441
3443
3338
3339
3336
3337
3342
3343
3341
3330
3331
3328
3329
3334
3333
3353
3359
3357
3347
3345
3344
3350
3349
3348
3368
3369
3372
3373
3374
3375
3360
3361
3362
3363
3364
3365
3367
3385
3384
3387
3386
3389
3388
3391
3376
3379
3378
3381
3380
3383
3382
