952
949
945
932
929
922
912
911
908
904
900
898
1006
970
962
1101
1096
1097
1092
1094
1089
1117
1104
1131
1127
1121
1145
1144
1136
1033
1037
1041
1043
1067
1058
1075
1079
1231
1227
1234
1235
1243
1271
1277
1274
1154
1162
1166
1180
1181
1182
1183
1188
1202
1200
1205
1211
1215
1306
1311
1310
1302
1293
1280
1489
1497
1482
1527
1521
1519
1424
1430
1428
1429
1439
1437
1411
1414
1418
1458
1461
1467
1440
1444
1449
1542
1556
1552
1555
1760
1767
1766
1771
1775
1772
1779
1783
1787
1790
1791
1735
1736
1739
1749
1751
1702
1711
1710
1707
1715
1726
1683
1689
1913
1914
1917
1886
1879
1878
1831
1823
1821
1817
1813
1812
1805
1798
2045
2029
2030
2001
2009
1987
1986
1995
1999
1982
1954
1965
1939
1926
2202
2205
2199
2189
2191
2190
2232
2226
2216
2208
2270
2271
2265
2258
2249
2251
2250
2245
2242
2291
2277
2276
2272
2078
2048
2051
2052
2055
2142
2119
2112
2114
2120
2123
2172
2169
2147
2156
2155
2811
2800
2804
2799
2796
2774
2762
2615
2609
2621
2620
2619
2672
2676
2680
2685
2665
2649
2655
2990
2987
2986
2978
3000
2997
2999
2993
2952
2967
3048
3052
3054
3044
3046
3061
3019
3018
3016
3020
3033
3027
3029
2855
2849
2863
2856
2868
2870
2877
2822
2820
2824
2837
2836
2847
2916
2923
2925
2880
2890
2889
2892
2893
2903
2900
2906
2904
3284
3291
3318
3316
3320
3306
3522
3531
3536
3466
3470
3474
3478
3479
3489
3491
3498
3515
3516
3518
3407
3403
3396
3397
3394
3392
3419
3415
3411
3433
3435
3454
3336
3340
3341
3359
3345
3344
3348
3370
