956
958
954
948
949
950
951
944
945
946
947
940
942
937
936
939
938
933
932
935
934
929
928
931
930
926
927
924
925
923
920
919
916
917
915
911
909
908
907
906
905
904
903
902
901
900
898
1016
1017
1019
1020
1021
1022
1008
1009
1010
1011
1012
1013
1014
1015
1001
1000
1003
1002
1005
1004
1007
993
992
995
994
997
996
999
998
986
984
985
991
988
978
979
976
983
980
981
971
968
975
974
973
972
963
961
967
966
964
1100
1101
1102
1103
1096
1097
1098
1099
1094
1095
1088
1089
1090
1091
1116
1119
1118
1113
1112
1115
1114
1109
1108
1111
1110
1105
1104
1107
1106
1134
1135
1132
1130
1131
1127
1124
1122
1121
1151
1150
1149
1147
1145
1144
1142
1141
1140
1139
1138
1137
1136
1032
1033
1034
1035
1036
1037
1038
1039
1024
1025
1026
1027
1028
1030
1031
1048
1051
1050
1053
1052
1055
1054
1041
1040
1042
1045
1044
1046
1066
1067
1064
1065
1070
1068
1069
1058
1059
1063
1060
1083
1082
1081
1080
1086
1085
1084
1075
1074
1073
1079
1078
1077
1076
1221
1223
1222
1217
1216
1218
1229
1228
1231
1225
1224
1227
1226
1236
1237
1238
1239
1232
1233
1234
1235
1244
1245
1246
1240
1242
1243
1250
1249
1248
1270
1271
1278
1276
1274
1272
1273
1152
1155
1157
1156
1159
1158
1163
1165
1164
1167
1166
1168
1169
1170
1171
1173
1174
1175
1177
1178
1180
1181
1182
1183
1187
1186
1185
1184
1191
1188
1194
1193
1199
1198
1197
1196
1202
1201
1206
1207
1204
1205
1210
1211
1208
1209
1214
1215
1213
1405
1404
1407
1406
1401
1400
1403
1402
1399
1306
1305
1304
1310
1309
1308
1297
1296
1301
1300
1290
1291
1289
1295
1292
1283
1280
1281
1286
1287
1285
1320
1321
1322
1323
1313
1314
1316
1319
1494
1495
1492
1493
1490
1488
1502
1503
1500
1501
1498
1499
1477
1476
1475
1474
1473
1472
1487
1486
1485
1484
1483
1481
1480
1524
1525
1526
1527
1520
1521
1522
1532
1533
1534
1535
1529
1530
1531
1509
1508
1510
1505
1504
1507
1506
1517
1516
1519
1512
1514
1426
1427
1424
1430
1431
1428
1429
1434
1435
1432
1438
1439
1436
1410
1415
1414
1413
1419
1418
1417
1416
1422
1421
1420
1456
1457
1458
1459
1460
1461
1462
1463
1465
1467
1470
1443
1442
1445
1447
1446
1448
1451
1450
1453
1452
1454
1548
1549
1550
1551
1544
1545
1546
1547
1540
1543
1536
1537
1538
1539
1553
1552
1555
1554
1763
1762
1761
1760
1766
1765
1764
1771
1769
1775
1772
1779
1777
1782
1783
1780
1786
1787
1790
1789
1729
1730
1732
1735
1734
1737
1736
1740
1743
1745
1746
1748
1749
1750
1751
1752
1756
1759
1703
1702
1701
1700
1699
1698
1697
1696
1710
1709
1707
1705
1719
1716
1715
1712
1726
1727
1725
1722
1720
1721
1677
1676
1679
1673
1672
1684
1687
1680
1681
1682
1683
1692
1694
1695
1688
1689
1690
1691
1913
1912
1915
1914
1919
1918
1904
1907
1906
1908
1902
1903
1882
1881
1880
1887
1886
1885
1884
1875
1874
1872
1879
1878
1877
1876
1864
1870
1868
1856
1862
1863
1860
1852
1855
1848
1850
1847
1846
1841
1840
1836
1837
1838
1839
1834
1828
1829
1830
1831
1824
1826
1827
1823
1822
1821
1819
1818
1817
1816
1815
1813
1812
1811
1809
1808
1806
1807
1804
1805
1802
1803
1800
1801
1798
1799
1796
1794
1792
1793
2033
2034
2035
2037
2038
2039
2040
2042
2043
2044
2045
2046
2019
2018
2021
2020
2023
2022
2025
2024
2027
2026
2029
2028
2031
2030
2000
2001
2006
2007
2010
2011
2008
2009
2014
2012
2013
1987
1986
1985
1984
1990
1989
1988
1995
1992
1999
1998
1997
1996
1972
1973
1969
1970
1971
1980
1981
1982
1983
1976
1979
1957
1956
1959
1958
1953
1955
1965
1964
1967
1961
1962
1942
1941
1939
1950
1948
1949
1947
1945
1927
1925
1924
1923
1922
1921
1935
1933
1932
1931
1930
1929
2200
2201
2202
2204
2206
2207
2192
2193
2194
2195
2196
2197
2198
2185
2184
2187
2186
2188
2178
2181
2180
2234
2233
2238
2239
2236
2237
2227
2224
2225
2230
2231
2228
2229
2218
2217
2216
2222
2221
2220
2210
2209
2208
2215
2212
2268
2269
2271
2264
2265
2266
2267
2260
2261
2262
2263
2256
2257
2259
2253
2252
2255
2249
2248
2244
2247
2246
2241
2242
2302
2303
2300
2301
2298
2296
2297
2294
2292
2293
2291
2288
2289
2287
2286
2285
2284
2283
2282
2281
2280
2279
2277
2276
2275
2272
2064
2069
2068
2071
2073
2072
2075
2077
2079
2078
2048
2049
2050
2052
2053
2054
2055
2057
2060
2061
2062
2063
2107
2106
2105
2104
2110
2082
2083
2080
2081
2084
2132
2134
2128
2131
2130
2141
2140
2143
2142
2137
2139
2116
2117
2118
2119
2113
2114
2115
2124
2125
2127
2120
2122
2123
2167
2166
2165
2163
2162
2161
2160
2175
2173
2172
2171
2170
2169
2168
2150
2151
2148
2146
2144
2145
2158
2156
2155
2153
2810
2811
2808
2809
2815
2813
2802
2803
2800
2801
2806
2805
2795
2794
2793
2792
2799
2798
2797
2796
2787
2786
2784
2791
2788
2776
2777
2779
2780
2781
2783
2768
2770
2771
2773
2775
2761
2760
2763
2762
2765
2764
2767
2766
2755
2754
2757
2756
2759
2615
2610
2609
2608
2623
2622
2621
2620
2619
2673
2672
2679
2677
2676
2683
2682
2681
2680
2687
2685
2684
2658
2657
2663
2660
2661
2667
2664
2670
2671
2669
2643
2642
2645
2644
2647
2646
2649
2648
2653
2655
2625
2626
2627
2628
2630
2632
2633
2634
2635
2636
2989
2991
2990
2985
2984
2987
2986
2981
2980
2983
2982
2977
2976
2979
2978
3006
3007
3000
3002
2996
2999
2992
2993
2959
2957
2953
2951
2950
2947
2946
2945
2944
2974
2975
2972
2973
2971
2968
2969
2962
2963
2960
3049
3048
3051
3050
3055
3054
3041
3040
3042
3045
3044
3047
3046
3066
3056
3058
3060
3063
3019
3018
3017
3016
3023
3022
3021
3020
3010
3009
3008
3015
3014
3013
3012
3035
3038
3039
3036
3037
3026
3027
3024
3025
3030
3031
3028
3029
2852
2853
2854
2855
2848
2849
2850
2851
2860
2861
2862
2863
2856
2857
2859
2869
2868
2871
2870
2864
2867
2866
2877
2876
2879
2878
2872
2875
2874
2822
2823
2821
2818
2819
2817
2830
2831
2829
2827
2824
2825
2837
2836
2834
2833
2832
2847
2846
2844
2843
2842
2841
2912
2915
2917
2918
2920
2922
2923
2924
2925
2926
2927
2929
2928
2931
2933
2935
2934
2937
2936
2941
2940
2943
2882
2883
2880
2881
2886
2884
2885
2890
2891
2888
2889
2894
2892
2893
2899
2897
2896
2903
2902
2901
2900
2907
2906
2905
2904
2911
2910
3284
3285
3286
3283
3292
3293
3294
3295
3288
3289
3290
3291
3318
3316
3315
3312
3327
3324
3325
3323
3320
3321
3303
3301
3300
3299
3298
3297
3310
3307
3306
3305
3304
3527
3526
3525
3524
3523
3522
3521
3520
3534
3532
3531
3530
3529
3528
3536
3537
3459
3457
3456
3463
3462
3460
3466
3465
3464
3471
3470
3468
3474
3475
3472
3473
3478
3479
3477
3482
3481
3486
3487
3485
3489
3490
3493
3492
3495
3494
3497
3496
3499
3498
3501
3500
3503
3502
3505
3508
3509
3510
3511
3512
3513
3515
3516
3517
3519
3406
3407
3404
3405
3402
3403
3401
3398
3399
3396
3397
3394
3395
3392
3393
3423
3422
3421
3419
3418
3417
3416
3415
3412
3410
3408
3436
3437
3432
3434
3435
3428
3429
3430
3431
3424
3425
3427
3453
3452
3455
3454
3448
3451
3445
3444
3447
3446
3441
3443
3442
3339
3336
3342
3340
3330
3328
3329
3334
3335
3333
3354
3352
3359
3358
3347
3346
3345
3344
3350
3349
3348
3368
3372
3373
3374
3360
3361
3363
3366
3367
3384
3387
3386
3388
3391
3390
3379
3378
3381
3380
3383
3382
