956
958
952
953
954
955
949
951
945
947
940
943
936
939
938
932
935
934
929
928
931
926
924
923
920
919
916
915
912
911
909
908
907
904
903
902
900
899
898
1016
1017
1018
1019
1020
1021
1023
1009
1010
1011
1012
1013
1015
1001
1000
1002
1005
1004
1007
1006
993
992
995
997
996
998
986
987
984
985
990
991
988
989
978
979
982
983
981
971
968
975
973
972
963
962
961
967
966
965
964
1100
1101
1102
1103
1096
1098
1099
1092
1093
1094
1095
1090
1091
1117
1119
1113
1114
1109
1108
1111
1107
1106
1134
1135
1132
1133
1130
1129
1126
1127
1124
1125
1122
1123
1121
1151
1150
1149
1146
1145
1144
1142
1141
1140
1138
1137
1136
1032
1034
1035
1038
1039
1024
1026
1027
1029
1030
1048
1051
1050
1053
1052
1055
1040
1043
1042
1045
1044
1047
1046
1067
1064
1065
1071
1068
1069
1058
1059
1056
1057
1063
1060
1061
1083
1082
1086
1085
1084
1075
1074
1073
1079
1078
1077
1076
1221
1220
1223
1222
1217
1216
1218
1228
1231
1230
1226
1236
1237
1238
1239
1232
1233
1234
1235
1244
1246
1247
1240
1241
1242
1243
1250
1249
1248
1270
1271
1279
1276
1277
1275
1272
1273
1153
1152
1155
1154
1157
1156
1159
1158
1161
1160
1163
1162
1167
1168
1169
1170
1172
1173
1174
1175
1176
1177
1179
1180
1181
1182
1183
1187
1186
1185
1184
1191
1190
1189
1188
1195
1194
1193
1199
1198
1196
1202
1203
1200
1201
1206
1207
1205
1210
1211
1208
1209
1214
1215
1212
1213
1405
1404
1407
1406
1401
1403
1402
1306
1304
1309
1302
1301
1300
1290
1291
1288
1289
1294
1295
1292
1282
1283
1280
1281
1286
1287
1284
1320
1321
1322
1312
1314
1315
1317
1319
1494
1495
1492
1493
1490
1491
1488
1502
1503
1500
1498
1499
1497
1479
1478
1477
1474
1473
1472
1487
1485
1484
1483
1482
1481
1480
1525
1526
1520
1521
1522
1523
1532
1533
1534
1535
1528
1529
1530
1509
1508
1511
1510
1504
1507
1518
1513
1514
1426
1424
1425
1430
1431
1428
1429
1434
1435
1439
1436
1437
1410
1409
1408
1415
1414
1413
1412
1419
1417
1416
1422
1421
1456
1457
1458
1459
1460
1461
1462
1463
1465
1467
1468
1469
1470
1471
1441
1440
1443
1442
1445
1444
1446
1449
1448
1450
1453
1452
1455
1454
1548
1550
1551
1544
1545
1546
1547
1540
1541
1542
1543
1537
1539
1553
1554
1760
1767
1766
1765
1764
1771
1770
1769
1768
1775
1773
1772
1776
1777
1783
1780
1781
1787
1790
1788
1789
1729
1731
1730
1737
1736
1739
1738
1741
1740
1743
1742
1744
1745
1746
1748
1749
1750
1751
1752
1753
1757
1758
1759
1702
1701
1698
1696
1711
1710
1709
1708
1707
1706
1705
1704
1718
1719
1716
1717
1715
1712
1713
1726
1727
1724
1720
1721
1677
1679
1678
1673
1672
1675
1674
1684
1685
1686
1680
1681
1682
1683
1688
1690
1913
1915
1914
1917
1919
1904
1907
1906
1909
1908
1911
1902
1903
1883
1882
1881
1880
1886
1884
1874
1872
1879
1877
1876
1866
1864
1865
1870
1871
1868
1869
1858
1859
1856
1857
1862
1863
1852
1855
1854
1848
1851
1850
1847
1846
1841
1840
1838
1839
1833
1834
1835
1828
1829
1831
1825
1827
1823
1821
1820
1816
1815
1813
1812
1811
1810
1809
1807
1805
1802
1803
1798
1796
1792
1793
2033
2034
2035
2036
2038
2042
2044
2045
2046
2047
2017
2019
2018
2021
2022
2025
2024
2027
2026
2028
2031
2002
2003
2001
2006
2007
2011
2014
2012
2013
1987
1986
1985
1990
1988
1995
1999
1998
1997
1996
1972
1975
1969
1971
1981
1982
1983
1978
1979
1957
1956
1959
1958
1953
1955
1954
1965
1964
1966
1961
1963
1962
1942
1943
1940
1941
1938
1939
1936
1937
1950
1951
1948
1944
1945
1927
1926
1925
1923
1922
1921
1920
1935
1933
1932
1931
1930
1929
1928
2200
2201
2203
2204
2205
2206
2207
2192
2193
2195
2196
2197
2199
2185
2184
2186
2189
2188
2191
2179
2178
2183
2182
2234
2235
2232
2237
2226
2224
2225
2230
2228
2229
2219
2217
2216
2223
2222
2221
2211
2210
2208
2215
2213
2212
2268
2269
2271
2264
2265
2266
2267
2261
2262
2263
2257
2258
2253
2252
2254
2248
2251
2250
2245
2244
2247
2241
2240
2242
2303
2300
2298
2299
2294
2295
2292
2293
2290
2291
2288
2289
2287
2285
2283
2282
2281
2280
2279
2276
2275
2272
2064
2067
2068
2070
2073
2072
2075
2077
2079
2078
2048
2050
2051
2052
2053
2054
2057
2058
2059
2060
2062
2063
2107
2106
2104
2111
2110
2109
2082
2083
2080
2132
2135
2134
2128
2131
2130
2141
2143
2142
2137
2136
2116
2117
2118
2119
2112
2114
2115
2124
2125
2127
2120
2122
2123
2167
2164
2162
2161
2160
2175
2173
2172
2171
2170
2169
2150
2151
2148
2146
2147
2144
2145
2158
2156
2157
2154
2155
2152
2153
2810
2811
2815
2812
2813
2802
2803
2800
2801
2804
2805
2795
2794
2792
2799
2797
2787
2786
2785
2784
2791
2790
2789
2776
2777
2778
2779
2780
2781
2782
2783
2770
2771
2772
2773
2774
2761
2760
2763
2762
2765
2764
2767
2766
2755
2757
2756
2758
2615
2613
2612
2610
2608
2623
2622
2621
2619
2616
2675
2673
2672
2679
2678
2677
2676
2682
2681
2687
2685
2684
2658
2659
2657
2662
2663
2660
2661
2666
2667
2664
2665
2670
2668
2669
2641
2640
2642
2645
2647
2649
2648
2653
2655
2654
2624
2625
2627
2628
2630
2632
2633
2634
2635
2636
2637
2639
2991
2990
2985
2987
2980
2983
2982
2977
2976
2979
2978
3006
3007
3002
2997
2998
2992
2993
2995
2958
2953
2952
2950
2947
2946
2945
2944
2974
2975
2972
2968
2969
2962
2960
3048
3053
3052
3055
3054
3040
3043
3047
3046
3064
3065
3066
3056
3058
3060
3061
3062
3063
3019
3018
3017
3016
3023
3022
3021
3020
3011
3010
3009
3008
3014
3013
3034
3035
3033
3039
3036
3037
3026
3027
3025
3030
3028
2852
2853
2854
2855
2848
2850
2851
2860
2861
2862
2863
2856
2858
2859
2868
2871
2865
2864
2867
2866
2877
2876
2879
2878
2872
2875
2822
2823
2820
2821
2818
2819
2817
2830
2831
2828
2829
2826
2827
2824
2825
2839
2838
2836
2835
2834
2833
2832
2847
2846
2845
2844
2843
2842
2913
2915
2916
2917
2918
2922
2923
2924
2926
2927
2929
2928
2931
2933
2935
2934
2937
2936
2939
2938
2940
2882
2883
2880
2881
2886
2887
2884
2885
2890
2891
2888
2892
2893
2899
2898
2897
2896
2903
2901
2900
2907
2904
2911
2910
3284
3285
3287
3281
3282
3283
3292
3293
3294
3295
3288
3289
3291
3318
3316
3317
3314
3312
3313
3327
3324
3325
3322
3323
3320
3321
3303
3302
3301
3300
3299
3298
3297
3296
3311
3310
3309
3307
3306
3305
3524
3522
3521
3520
3535
3534
3533
3532
3530
3529
3528
3536
3537
3459
3458
3457
3456
3463
3462
3461
3464
3471
3470
3468
3474
3472
3478
3479
3477
3482
3483
3481
3486
3487
3484
3485
3489
3491
3490
3493
3492
3495
3494
3497
3496
3498
3501
3500
3503
3502
3504
3505
3506
3507
3509
3510
3511
3512
3514
3516
3517
3518
3519
3406
3407
3404
3405
3402
3403
3398
3399
3396
3394
3395
3392
3423
3422
3421
3419
3418
3417
3416
3415
3412
3411
3410
3409
3408
3436
3438
3432
3434
3429
3430
3431
3424
3425
3427
3452
3455
3454
3449
3451
3445
3444
3447
3446
3441
3440
3443
3442
3336
3337
3342
3340
3341
3330
3331
3329
3334
3333
3354
3352
3359
3358
3357
3347
3346
3345
3344
3351
3350
3349
3348
3369
3370
3373
3374
3360
3361
3362
3363
3365
3366
3367
3384
3387
3386
3389
3388
3391
3390
3376
3379
3380
3383
3382
