944
946
937
931
916
911
1016
1022
1011
1013
1000
998
983
968
973
967
966
965
1097
1098
1099
1117
1118
1113
1111
1106
1130
1128
1151
1149
1148
1144
1142
1139
1032
1033
1037
1048
1041
1044
1066
1067
1064
1060
1085
1079
1223
1217
1230
1240
1241
1248
1276
1272
1273
1165
1169
1190
1198
1214
1406
1403
1298
1302
1289
1317
1318
1492
1489
1500
1477
1475
1487
1483
1524
1527
1425
1433
1438
1411
1409
1417
1423
1456
1459
1464
1467
1446
1542
1539
1553
1771
1785
1789
1733
1734
1736
1743
1744
1746
1748
1751
1752
1758
1703
1701
1699
1698
1711
1709
1715
1721
1673
1684
1686
1692
1914
1919
1918
1886
1874
1879
1864
1857
1863
1855
1854
1845
1841
1840
1837
1839
1834
1829
1813
1810
1809
1804
2036
2042
2047
2021
2027
2026
2031
2030
2003
2009
1999
1983
1953
1964
1943
1926
1924
1933
1931
2203
2205
2195
2179
2181
2237
2228
2219
2222
2209
2212
2260
2257
2259
2253
2254
2245
2244
2243
2298
2299
2294
2290
2286
2285
2280
2272
2066
2069
2050
2054
2058
2062
2105
2109
2080
2081
2084
2134
2128
2131
2137
2139
2117
2127
2160
2172
2170
2151
2154
2808
2813
2803
2798
2787
2786
2788
2770
2773
2761
2762
2765
2767
2623
2620
2619
2678
2686
2685
2666
2669
2643
2642
2644
2652
2627
2628
2630
2634
2636
2977
2979
2978
2997
2998
2993
2995
2959
2953
2952
2944
2974
2971
2966
2963
3048
3045
3058
3019
3020
3034
3039
3027
3024
3028
2851
2862
2856
2868
2876
2878
2875
2829
2827
2824
2838
2837
2924
2929
2928
2902
3282
3289
3317
3312
3313
3302
3296
3310
3305
3527
3526
3523
3520
3460
3466
3468
3474
3478
3477
3501
3502
3504
3516
3517
3402
3419
3418
3417
3410
3437
3438
3454
3450
3442
3343
3334
3352
3358
3347
3345
3373
3361
3377
3379
