956
952
955
950
951
940
943
938
916
908
907
906
903
901
900
1020
1008
1010
1015
1001
1004
993
984
982
970
968
975
974
961
960
1103
1097
1089
1118
1113
1115
1151
1147
1146
1145
1137
1033
1034
1039
1050
1054
1044
1047
1068
1059
1061
1080
1085
1079
1228
1238
1232
1234
1243
1250
1249
1270
1277
1155
1156
1158
1161
1160
1162
1168
1170
1177
1180
1186
1184
1198
1201
1210
1211
1212
1407
1406
1309
1299
1292
1287
1284
1321
1322
1316
1319
1494
1476
1486
1481
1524
1510
1504
1517
1519
1518
1513
1426
1434
1437
1411
1410
1409
1419
1418
1459
1463
1471
1440
1444
1447
1449
1448
1451
1453
1540
1536
1553
1764
1775
1772
1780
1781
1790
1789
1730
1740
1743
1745
1746
1748
1750
1751
1756
1759
1701
1699
1711
1710
1718
1715
1712
1726
1724
1722
1721
1676
1674
1682
1695
1913
1919
1908
1911
1881
1887
1884
1874
1879
1864
1869
1850
1841
1833
1828
1831
1827
1813
1812
1804
1799
1797
1794
2032
2036
2017
2028
2006
2007
1987
1986
1989
1998
1975
1980
1983
1964
1966
1961
1941
1938
1936
1951
1948
1922
1932
1928
2189
2179
2226
2229
2210
2265
2261
2262
2256
2244
2290
2282
2280
2277
2275
2066
2068
2061
2106
2109
2082
2084
2133
2131
2142
2112
2124
2125
2120
2166
2172
2148
2149
2147
2808
2809
2802
2806
2770
2765
2613
2611
2621
2673
2672
2687
2684
2658
2660
2645
2644
2624
2627
2635
2987
2982
2977
3001
2999
2995
2974
2972
2971
3053
3056
3060
3062
3022
3020
3035
3024
3031
2853
2865
2866
2823
2818
2819
2827
2825
2839
2838
2836
2833
2845
2913
2918
2928
2931
2936
2881
2890
2901
2906
2911
3284
3289
3290
3316
3312
3322
3320
3297
3531
3536
3461
3460
3464
3471
3468
3474
3481
3491
3490
3492
3507
3508
3509
3516
3404
3397
3394
3392
3393
3436
3437
3433
3429
3453
3440
3443
3339
3330
3346
3349
3369
3375
3360
3384
3377
3383
