956
958
952
953
954
948
949
950
951
946
940
943
942
937
936
939
938
933
932
935
934
928
931
926
924
922
923
920
918
919
916
917
915
912
910
909
908
907
906
903
902
901
900
899
898
1017
1018
1019
1021
1023
1008
1009
1010
1015
1001
1002
1005
1004
1007
1006
993
992
994
996
999
998
986
984
985
991
982
983
981
970
968
975
974
973
963
962
960
967
965
964
1100
1103
1096
1097
1098
1099
1092
1093
1094
1095
1088
1089
1091
1117
1119
1113
1112
1114
1109
1108
1111
1104
1107
1135
1132
1130
1131
1128
1129
1126
1127
1124
1125
1122
1120
1121
1151
1149
1148
1146
1145
1144
1143
1142
1141
1140
1139
1138
1137
1032
1033
1034
1036
1037
1038
1024
1025
1026
1027
1028
1029
1030
1031
1049
1051
1053
1052
1055
1054
1041
1040
1043
1045
1047
1046
1067
1065
1070
1071
1068
1069
1059
1063
1060
1061
1082
1081
1080
1087
1085
1084
1075
1074
1073
1072
1079
1078
1077
1076
1221
1220
1223
1222
1217
1216
1219
1218
1229
1231
1230
1225
1224
1226
1236
1237
1238
1239
1232
1233
1235
1245
1246
1247
1240
1241
1242
1250
1249
1248
1270
1278
1276
1277
1275
1272
1273
1153
1152
1155
1154
1157
1156
1159
1158
1161
1160
1163
1162
1165
1167
1166
1169
1170
1171
1172
1173
1175
1176
1177
1179
1180
1181
1182
1183
1186
1185
1184
1191
1190
1189
1194
1193
1199
1198
1197
1203
1200
1201
1206
1207
1204
1205
1210
1211
1208
1209
1214
1215
1212
1213
1405
1404
1401
1400
1403
1306
1305
1311
1310
1308
1299
1298
1297
1296
1303
1302
1301
1300
1291
1289
1294
1295
1292
1283
1280
1281
1287
1284
1320
1322
1323
1312
1313
1315
1317
1319
1494
1495
1492
1491
1488
1502
1503
1501
1498
1496
1497
1479
1478
1477
1476
1475
1473
1472
1487
1484
1481
1480
1524
1525
1526
1521
1522
1523
1532
1533
1534
1535
1528
1529
1530
1531
1509
1508
1511
1510
1505
1507
1506
1517
1519
1518
1513
1512
1514
1427
1424
1425
1430
1428
1432
1433
1438
1439
1436
1410
1408
1415
1414
1413
1419
1418
1416
1421
1456
1457
1458
1459
1461
1462
1463
1464
1465
1466
1468
1469
1470
1441
1440
1443
1442
1445
1446
1448
1451
1450
1453
1452
1454
1548
1549
1551
1544
1547
1541
1536
1537
1538
1557
1556
1553
1552
1555
1554
1763
1762
1761
1760
1767
1766
1765
1764
1771
1770
1769
1768
1775
1773
1772
1779
1777
1782
1783
1781
1786
1784
1790
1791
1788
1789
1729
1731
1733
1732
1735
1734
1737
1736
1739
1738
1741
1743
1742
1745
1746
1748
1749
1751
1752
1753
1756
1758
1703
1702
1700
1699
1698
1696
1711
1710
1709
1708
1707
1706
1718
1719
1716
1717
1714
1715
1712
1726
1727
1725
1722
1720
1721
1677
1676
1679
1672
1675
1674
1684
1685
1686
1681
1682
1692
1693
1694
1695
1688
1689
1690
1913
1912
1915
1914
1917
1919
1918
1904
1907
1906
1910
1903
1883
1882
1881
1887
1886
1874
1872
1879
1878
1877
1866
1864
1870
1871
1868
1869
1859
1856
1857
1862
1863
1860
1852
1854
1848
1851
1850
1845
1847
1846
1840
1836
1837
1838
1833
1834
1828
1829
1830
1831
1824
1825
1826
1822
1821
1820
1818
1817
1816
1813
1812
1811
1810
1809
1808
1806
1807
1804
1805
1802
1803
1800
1801
1798
1796
1797
1794
1792
1793
2032
2034
2035
2037
2038
2040
2042
2044
2045
2046
2047
2017
2018
2020
2023
2025
2027
2029
2028
2030
2002
2007
2010
2008
2014
2015
1987
1986
1989
1988
1992
1999
1996
1973
1975
1969
1971
1982
1983
1979
1956
1959
1958
1953
1965
1967
1966
1961
1962
1942
1941
1936
1937
1950
1951
1948
1947
1944
1945
1924
1923
1921
1920
1935
1934
1933
1932
1931
1929
1928
2200
2201
2203
2205
2206
2192
2193
2194
2195
2196
2184
2187
2186
2189
2188
2191
2190
2179
2178
2181
2183
2234
2235
2239
2236
2237
2227
2230
2231
2228
2229
2217
2216
2223
2222
2220
2210
2209
2208
2215
2214
2213
2212
2269
2271
2266
2267
2260
2261
2262
2263
2256
2257
2258
2259
2253
2252
2255
2254
2249
2248
2251
2250
2245
2244
2247
2241
2240
2243
2242
2302
2303
2300
2301
2299
2296
2297
2294
2295
2292
2293
2290
2291
2288
2289
2287
2286
2285
2283
2282
2281
2280
2279
2277
2276
2274
2272
2064
2066
2069
2068
2071
2070
2049
2050
2051
2052
2053
2054
2057
2058
2059
2060
2062
2063
2106
2105
2104
2111
2110
2109
2082
2081
2084
2133
2132
2135
2134
2128
2131
2130
2140
2143
2142
2137
2136
2139
2116
2118
2119
2112
2113
2114
2115
2124
2125
2127
2120
2121
2122
2123
2167
2166
2164
2161
2175
2173
2172
2171
2170
2150
2148
2149
2147
2144
2145
2158
2159
2157
2154
2155
2152
2153
2811
2809
2815
2812
2813
2802
2803
2800
2806
2807
2804
2805
2795
2794
2793
2792
2799
2798
2797
2796
2786
2785
2791
2790
2789
2788
2776
2777
2778
2779
2780
2781
2782
2783
2770
2771
2773
2774
2775
2761
2760
2763
2762
2765
2764
2767
2766
2755
2754
2757
2759
2758
2615
2613
2612
2611
2610
2609
2608
2623
2622
2621
2620
2619
2616
2673
2672
2679
2678
2677
2676
2682
2681
2680
2687
2686
2684
2658
2659
2657
2662
2663
2660
2661
2666
2667
2665
2670
2669
2641
2640
2643
2642
2645
2647
2646
2649
2648
2653
2652
2655
2654
2624
2625
2626
2627
2630
2631
2633
2634
2635
2637
2639
2991
2990
2985
2984
2986
2981
2983
2977
2979
2978
3006
3007
3001
3002
2996
2997
2998
2999
2992
2993
2995
2958
2957
2953
2952
2951
2947
2946
2945
2944
2974
2975
2972
2973
2968
2969
2966
2962
2960
2961
3048
3051
3050
3053
3052
3055
3054
3041
3040
3043
3042
3045
3044
3047
3046
3064
3065
3066
3056
3059
3060
3061
3063
3019
3018
3017
3016
3023
3022
3020
3010
3009
3008
3015
3014
3012
3035
3032
3033
3039
3036
3037
3024
3025
3030
3028
2852
2853
2855
2848
2849
2851
2860
2861
2862
2863
2857
2858
2859
2869
2871
2870
2865
2864
2867
2866
2877
2879
2878
2873
2872
2875
2874
2823
2820
2819
2830
2831
2828
2829
2826
2824
2825
2839
2838
2837
2836
2835
2834
2833
2832
2847
2846
2845
2844
2843
2842
2841
2840
2912
2913
2915
2917
2918
2919
2920
2921
2922
2923
2927
2929
2931
2933
2932
2935
2934
2937
2936
2939
2941
2940
2943
2882
2880
2886
2884
2885
2890
2891
2888
2894
2895
2892
2893
2899
2898
2897
2896
2903
2902
2901
2900
2906
2905
2904
2911
2910
3284
3285
3286
3287
3283
3293
3295
3288
3289
3290
3291
3318
3316
3314
3315
3312
3327
3324
3323
3320
3321
3303
3302
3301
3300
3298
3297
3296
3311
3310
3309
3307
3306
3305
3304
3527
3526
3525
3524
3523
3522
3521
3520
3535
3534
3533
3532
3529
3528
3536
3459
3458
3457
3462
3461
3460
3466
3465
3464
3471
3470
3468
3472
3473
3478
3479
3477
3481
3486
3487
3484
3485
3489
3488
3490
3493
3492
3495
3494
3497
3496
3499
3500
3503
3502
3504
3505
3506
3507
3508
3509
3510
3512
3513
3514
3515
3516
3517
3518
3519
3406
3407
3404
3405
3403
3400
3401
3398
3399
3396
3397
3395
3393
3423
3422
3421
3419
3417
3416
3415
3412
3410
3409
3408
3436
3437
3438
3432
3433
3434
3435
3428
3429
3430
3431
3425
3427
3453
3452
3455
3454
3449
3448
3445
3444
3447
3441
3440
3443
3442
3338
3336
3337
3342
3343
3340
3341
3330
3331
3335
3354
3353
3352
3359
3358
3357
3347
3346
3345
3351
3350
3349
3348
3368
3369
3370
3372
3373
3374
3375
3360
3361
3362
3365
3366
3367
3389
3388
3391
3377
3379
3378
3381
3380
3383
3382
