956
958
952
953
954
948
949
950
951
944
945
946
947
940
943
937
939
938
933
932
935
934
929
928
931
926
924
922
923
920
918
919
916
917
915
912
910
909
908
906
904
903
900
899
898
1016
1017
1018
1021
1022
1023
1008
1011
1012
1015
1001
1000
1002
1005
1004
1007
1006
993
992
995
994
997
999
986
987
984
990
991
988
989
978
979
982
983
980
981
970
968
975
974
963
962
961
960
967
965
964
1100
1101
1102
1103
1096
1097
1098
1099
1092
1093
1094
1088
1089
1090
1091
1117
1116
1119
1118
1113
1112
1115
1114
1109
1108
1111
1110
1105
1104
1107
1106
1134
1135
1132
1133
1130
1131
1128
1129
1126
1127
1124
1125
1123
1120
1121
1151
1150
1149
1148
1147
1146
1145
1143
1142
1141
1140
1139
1138
1137
1032
1034
1035
1036
1037
1038
1039
1024
1026
1027
1028
1030
1031
1049
1048
1051
1050
1053
1052
1054
1041
1040
1043
1042
1045
1046
1067
1065
1068
1069
1059
1056
1057
1060
1083
1082
1081
1080
1087
1086
1085
1084
1075
1072
1079
1078
1077
1076
1221
1220
1223
1222
1217
1216
1219
1218
1229
1231
1230
1225
1224
1227
1236
1237
1238
1239
1232
1233
1234
1244
1245
1247
1240
1241
1242
1243
1250
1249
1270
1271
1278
1277
1153
1152
1155
1157
1156
1159
1158
1161
1160
1163
1162
1165
1167
1168
1169
1170
1172
1173
1174
1176
1177
1178
1179
1181
1182
1183
1187
1185
1184
1190
1189
1188
1195
1194
1193
1198
1197
1196
1202
1203
1200
1206
1207
1205
1210
1208
1209
1214
1215
1213
1405
1404
1407
1406
1401
1400
1399
1305
1304
1310
1309
1308
1299
1298
1297
1296
1303
1302
1301
1290
1288
1295
1292
1282
1280
1281
1287
1284
1285
1320
1321
1322
1323
1312
1313
1314
1315
1318
1319
1494
1495
1493
1490
1491
1489
1502
1500
1501
1498
1499
1497
1479
1478
1477
1476
1474
1473
1472
1487
1486
1485
1484
1483
1482
1481
1480
1524
1525
1526
1520
1521
1522
1523
1532
1533
1534
1528
1530
1509
1511
1505
1504
1506
1517
1516
1519
1518
1513
1512
1514
1426
1424
1430
1431
1434
1435
1433
1438
1439
1436
1437
1411
1409
1408
1414
1412
1419
1418
1416
1423
1422
1420
1456
1457
1460
1461
1462
1464
1466
1468
1470
1471
1441
1440
1442
1445
1444
1447
1446
1449
1448
1453
1452
1455
1454
1548
1549
1550
1544
1545
1547
1540
1542
1536
1537
1538
1539
1557
1552
1555
1554
1763
1767
1766
1765
1764
1771
1769
1768
1775
1773
1772
1779
1776
1783
1780
1786
1787
1784
1785
1790
1791
1788
1729
1731
1730
1733
1732
1734
1737
1736
1739
1740
1743
1742
1745
1746
1748
1749
1750
1751
1753
1757
1758
1759
1702
1701
1700
1698
1697
1696
1711
1710
1708
1707
1704
1719
1716
1717
1714
1715
1712
1713
1726
1727
1724
1725
1722
1721
1677
1676
1679
1678
1673
1672
1675
1674
1684
1685
1686
1687
1680
1681
1682
1683
1693
1695
1689
1690
1691
1913
1912
1915
1917
1918
1907
1906
1909
1908
1911
1910
1902
1903
1883
1882
1887
1886
1885
1874
1872
1879
1878
1877
1876
1866
1864
1865
1870
1871
1868
1869
1858
1859
1856
1857
1862
1863
1860
1852
1855
1854
1848
1845
1847
1846
1841
1840
1836
1837
1838
1839
1833
1834
1835
1828
1830
1831
1824
1825
1826
1827
1822
1821
1820
1819
1818
1817
1816
1813
1812
1811
1810
1809
1808
1807
1804
1805
1802
1803
1800
1801
1796
1794
1792
1793
2032
2034
2035
2036
2037
2038
2039
2040
2042
2043
2044
2045
2046
2047
2017
2019
2018
2021
2020
2023
2022
2025
2024
2027
2026
2029
2031
2030
2002
2003
2000
2006
2010
2011
2008
2009
2015
2012
1987
1985
1990
1988
1999
1998
1997
1996
1972
1973
1969
1971
1980
1981
1983
1976
1978
1979
1957
1956
1959
1958
1953
1955
1954
1965
1964
1967
1963
1942
1943
1940
1941
1938
1939
1936
1951
1948
1949
1944
1927
1926
1925
1924
1923
1922
1921
1935
1934
1933
1932
1931
1930
1929
1928
2200
2201
2202
2203
2204
2206
2207
2192
2193
2194
2195
2196
2198
2199
2185
2184
2186
2189
2188
2191
2179
2181
2180
2183
2182
2234
2233
2238
2239
2236
2237
2226
2224
2228
2229
2216
2223
2222
2221
2220
2211
2210
2209
2208
2215
2268
2269
2270
2271
2264
2265
2266
2267
2260
2261
2262
2263
2257
2258
2259
2253
2252
2255
2249
2248
2251
2250
2245
2244
2247
2246
2241
2240
2243
2242
2302
2303
2300
2301
2298
2299
2296
2295
2292
2290
2288
2289
2287
2285
2284
2283
2282
2281
2280
2277
2276
2275
2272
2064
2067
2066
2068
2071
2070
2073
2072
2075
2077
2079
2078
2048
2049
2050
2051
2052
2053
2055
2057
2058
2059
2060
2061
2062
2063
2107
2106
2105
2104
2111
2110
2109
2082
2083
2080
2081
2084
2133
2135
2128
2131
2130
2140
2136
2139
2117
2118
2112
2113
2114
2124
2127
2120
2121
2122
2123
2166
2165
2164
2163
2161
2160
2175
2173
2172
2171
2169
2168
2151
2148
2149
2146
2147
2144
2158
2156
2157
2155
2810
2808
2809
2815
2812
2813
2803
2800
2806
2807
2804
2805
2794
2793
2792
2799
2798
2797
2796
2787
2785
2791
2789
2780
2781
2782
2768
2770
2771
2772
2774
2775
2760
2762
2765
2764
2766
2755
2754
2756
2758
2615
2613
2612
2610
2609
2608
2623
2622
2620
2619
2616
2675
2673
2672
2679
2678
2676
2683
2682
2681
2680
2687
2686
2685
2684
2658
2657
2662
2663
2660
2667
2664
2668
2669
2641
2640
2643
2645
2644
2646
2649
2653
2652
2655
2654
2624
2625
2626
2627
2628
2629
2630
2631
2632
2633
2634
2635
2639
2989
2991
2990
2984
2987
2986
2981
2980
2983
2982
2977
2976
2979
2978
3007
3001
3002
2996
2997
2998
2999
2993
2994
2995
2959
2958
2957
2953
2952
2950
2947
2946
2945
2944
2974
2975
2972
2970
2968
2969
2966
2967
2965
2962
2963
2960
2961
3049
3050
3053
3052
3055
3054
3041
3040
3043
3045
3047
3046
3065
3056
3059
3060
3061
3063
3019
3018
3017
3023
3022
3021
3011
3010
3014
3013
3012
3034
3035
3032
3033
3039
3036
3037
3027
3024
3025
3030
3028
3029
2852
2853
2854
2849
2850
2860
2861
2863
2856
2859
2869
2868
2871
2870
2865
2877
2876
2879
2878
2873
2872
2875
2822
2823
2820
2821
2818
2829
2826
2827
2824
2825
2838
2837
2834
2832
2847
2846
2845
2844
2843
2841
2840
2912
2913
2915
2916
2917
2918
2919
2920
2922
2923
2924
2925
2926
2927
2929
2931
2933
2934
2937
2936
2941
2940
2943
2882
2880
2881
2886
2884
2890
2891
2888
2889
2895
2892
2893
2898
2897
2896
2903
2901
2900
2907
2906
2905
2911
2910
3285
3286
3287
3281
3282
3292
3293
3294
3288
3289
3318
3316
3317
3314
3312
3313
3327
3324
3325
3322
3323
3320
3321
3302
3298
3297
3311
3310
3309
3307
3306
3304
3527
3526
3523
3522
3521
3520
3535
3533
3532
3531
3530
3529
3528
3536
3537
3459
3458
3457
3463
3461
3460
3466
3464
3470
3468
3474
3475
3472
3473
3478
3477
3482
3483
3480
3481
3487
3484
3488
3491
3490
3492
3495
3494
3497
3498
3501
3500
3503
3502
3505
3506
3510
3511
3512
3515
3516
3517
3518
3519
3404
3405
3402
3403
3401
3398
3399
3397
3394
3395
3392
3423
3422
3418
3417
3416
3412
3411
3410
3409
3408
3436
3437
3438
3432
3433
3434
3435
3428
3430
3424
3425
3427
3453
3452
3455
3454
3449
3448
3451
3450
3444
3447
3441
3440
3443
3442
3338
3339
3336
3342
3343
3341
3331
3328
3329
3334
3335
3333
3353
3352
3359
3358
3357
3346
3345
3351
3350
3349
3348
3368
3369
3370
3372
3373
3374
3375
3360
3361
3362
3363
3364
3365
3367
3385
3387
3389
3388
3391
3390
3377
3376
3379
3381
3380
3383
3382
