958
955
949
945
947
940
938
935
931
930
926
924
905
901
900
1019
1009
1010
1013
1003
1002
999
987
988
979
980
968
975
1093
1089
1119
1113
1114
1110
1135
1128
1125
1121
1144
1140
1137
1036
1037
1038
1051
1050
1055
1041
1040
1042
1044
1070
1056
1082
1081
1086
1075
1217
1228
1224
1238
1240
1270
1271
1276
1274
1153
1156
1167
1166
1172
1174
1175
1178
1179
1197
1211
1214
1306
1305
1303
1280
1286
1287
1315
1316
1494
1493
1488
1485
1524
1533
1530
1509
1426
1428
1432
1433
1439
1436
1411
1419
1417
1464
1467
1468
1441
1445
1452
1544
1546
1540
1542
1555
1765
1764
1770
1769
1773
1780
1730
1750
1758
1759
1702
1715
1726
1679
1685
1687
1683
1693
1695
1691
1914
1909
1910
1882
1884
1876
1856
1862
1845
1836
1824
1823
1820
1819
1813
1808
1804
1797
2044
2020
2030
2003
2012
1987
1986
1990
1988
1999
1969
1971
1982
1983
1967
1944
1945
1921
2198
2187
2178
2228
2218
2209
2214
2213
2266
2267
2262
2256
2247
2243
2242
2286
2282
2280
2277
2072
2077
2058
2060
2107
2081
2128
2141
2140
2139
2116
2114
2162
2146
2144
2159
2154
2155
2811
2808
2815
2813
2800
2790
2782
2761
2762
2767
2754
2757
2759
2612
2609
2622
2675
2673
2672
2685
2660
2661
2667
2647
2648
2629
2630
2632
2991
2976
3006
2996
2997
2995
2950
2972
2973
2969
3055
3041
3058
3059
3021
3020
3014
3034
3032
3037
3026
2853
2854
2855
2850
2863
2876
2875
2874
2823
2821
2828
2829
2838
2837
2836
2834
2916
2921
2932
2934
2938
2885
2890
2897
2905
3282
3293
3295
3289
3291
3303
3301
3524
3534
3532
3456
3462
3474
3475
3473
3483
3480
3489
3501
3505
3511
3516
3395
3418
3416
3411
3434
3427
3451
3440
3443
3442
3338
3335
3352
3346
3345
3375
3363
3390
