956
958
954
955
948
949
950
951
944
945
946
943
942
937
938
933
932
935
934
929
928
931
926
927
924
923
920
918
919
916
917
915
912
911
910
909
908
907
906
905
903
902
901
900
899
898
1017
1018
1019
1020
1021
1022
1023
1008
1009
1011
1012
1013
1014
1001
1000
1002
1005
1004
1006
993
995
994
997
996
999
998
986
984
985
990
991
988
989
978
979
976
980
981
970
975
973
972
963
962
966
965
964
1100
1101
1102
1103
1096
1098
1092
1093
1094
1095
1088
1090
1117
1116
1119
1118
1113
1112
1115
1114
1109
1110
1105
1104
1106
1134
1132
1133
1130
1131
1128
1129
1126
1124
1125
1123
1151
1150
1149
1148
1147
1146
1145
1144
1143
1142
1141
1140
1139
1138
1137
1136
1032
1033
1034
1037
1038
1039
1025
1027
1028
1029
1030
1031
1048
1051
1050
1053
1052
1041
1040
1043
1045
1044
1047
1046
1066
1067
1064
1070
1071
1069
1058
1059
1056
1057
1063
1060
1061
1083
1082
1081
1080
1086
1085
1084
1075
1074
1073
1072
1079
1077
1221
1220
1223
1222
1217
1219
1218
1229
1231
1230
1225
1224
1227
1226
1236
1237
1238
1239
1232
1233
1234
1235
1246
1240
1241
1242
1243
1250
1249
1248
1270
1271
1278
1279
1276
1277
1274
1275
1272
1273
1153
1154
1157
1156
1161
1160
1163
1162
1165
1164
1168
1169
1170
1171
1172
1173
1175
1178
1179
1180
1181
1187
1185
1184
1191
1190
1189
1188
1195
1194
1193
1199
1198
1197
1196
1202
1200
1201
1207
1204
1205
1210
1208
1209
1214
1215
1212
1213
1404
1407
1406
1401
1403
1402
1399
1306
1305
1304
1310
1309
1308
1299
1298
1297
1296
1303
1302
1301
1300
1290
1288
1289
1294
1295
1293
1282
1283
1280
1286
1284
1285
1321
1322
1323
1312
1313
1316
1318
1319
1494
1495
1492
1490
1491
1488
1502
1500
1501
1499
1496
1479
1477
1476
1475
1474
1473
1487
1485
1484
1483
1481
1480
1524
1525
1526
1527
1520
1521
1522
1523
1532
1533
1535
1528
1529
1530
1531
1509
1508
1511
1510
1504
1506
1517
1516
1518
1513
1512
1514
1426
1427
1424
1425
1431
1428
1429
1434
1435
1433
1439
1411
1409
1408
1415
1414
1413
1419
1418
1416
1423
1422
1421
1420
1457
1458
1460
1461
1462
1463
1465
1466
1467
1469
1470
1471
1441
1440
1443
1442
1445
1444
1447
1446
1448
1451
1450
1452
1454
1548
1550
1551
1545
1546
1547
1540
1541
1542
1543
1536
1538
1539
1557
1553
1552
1555
1763
1762
1761
1760
1767
1766
1765
1764
1771
1770
1768
1775
1773
1772
1779
1776
1777
1782
1783
1780
1781
1786
1787
1784
1785
1790
1791
1788
1789
1731
1730
1733
1735
1734
1737
1739
1738
1741
1740
1743
1742
1744
1748
1749
1751
1752
1753
1756
1757
1758
1759
1703
1702
1701
1700
1699
1698
1696
1711
1710
1709
1708
1707
1706
1705
1704
1718
1719
1716
1717
1714
1715
1712
1713
1726
1727
1724
1725
1722
1720
1721
1676
1679
1678
1673
1672
1675
1674
1684
1685
1686
1687
1680
1681
1682
1683
1692
1694
1688
1689
1691
1913
1912
1915
1914
1917
1918
1904
1907
1906
1909
1908
1911
1910
1902
1903
1883
1882
1881
1880
1886
1885
1884
1875
1874
1872
1879
1878
1877
1864
1865
1870
1868
1859
1856
1857
1863
1852
1855
1848
1851
1847
1846
1841
1840
1836
1837
1834
1835
1828
1829
1830
1831
1824
1826
1827
1822
1821
1820
1819
1818
1817
1816
1815
1813
1812
1811
1810
1809
1808
1807
1804
1805
1802
1803
1800
1796
1797
1795
1792
1793
2032
2033
2034
2036
2037
2040
2042
2043
2044
2045
2047
2019
2018
2020
2022
2025
2027
2031
2030
2002
2001
2006
2007
2008
2014
2015
2012
2013
1987
1985
1984
1990
1989
1988
1995
1992
1999
1998
1997
1996
1973
1969
1970
1971
1980
1981
1982
1983
1976
1979
1957
1956
1959
1958
1954
1965
1964
1967
1966
1963
1962
1940
1941
1938
1939
1936
1951
1948
1949
1947
1945
1927
1926
1925
1923
1922
1921
1934
1933
1932
1931
1930
1929
1928
2200
2201
2202
2204
2205
2206
2207
2192
2196
2199
2185
2184
2187
2186
2189
2191
2190
2178
2180
2183
2182
2235
2232
2239
2236
2237
2226
2227
2225
2230
2228
2219
2218
2216
2223
2221
2211
2210
2209
2208
2215
2214
2213
2212
2268
2269
2266
2260
2256
2257
2258
2259
2253
2252
2255
2254
2249
2248
2251
2245
2244
2246
2240
2243
2242
2302
2303
2301
2298
2299
2296
2295
2292
2293
2290
2291
2289
2287
2286
2285
2283
2282
2281
2277
2276
2275
2274
2272
2066
2069
2071
2072
2075
2077
2079
2078
2048
2049
2050
2051
2052
2053
2054
2055
2057
2058
2062
2106
2105
2111
2110
2109
2082
2083
2080
2081
2132
2134
2128
2131
2130
2141
2140
2143
2142
2137
2136
2116
2118
2119
2112
2113
2114
2124
2127
2120
2122
2167
2166
2164
2163
2162
2161
2160
2175
2172
2170
2168
2150
2151
2148
2149
2146
2147
2158
2159
2157
2154
2152
2811
2809
2815
2812
2813
2800
2806
2807
2804
2805
2795
2794
2792
2799
2798
2797
2787
2786
2785
2784
2790
2789
2788
2776
2777
2778
2780
2781
2782
2783
2768
2770
2771
2772
2773
2774
2775
2761
2760
2763
2762
2765
2764
2767
2766
2755
2754
2757
2756
2759
2758
2615
2613
2612
2611
2610
2609
2623
2621
2620
2616
2673
2672
2679
2678
2677
2676
2681
2680
2686
2685
2684
2658
2659
2657
2662
2663
2660
2661
2666
2667
2664
2665
2670
2668
2669
2641
2640
2642
2645
2644
2646
2649
2653
2652
2655
2654
2624
2626
2627
2628
2629
2630
2631
2632
2633
2634
2635
2637
2639
2989
2991
2985
2984
2987
2986
2981
2982
2977
2976
3006
3000
3001
3002
2996
2997
2999
2993
2994
2995
2958
2957
2953
2952
2951
2947
2945
2944
2974
2975
2972
2973
2970
2971
2968
2966
2967
2965
2962
2963
2961
3049
3048
3051
3050
3053
3055
3041
3040
3043
3042
3045
3044
3046
3064
3066
3058
3059
3060
3061
3062
3063
3019
3018
3016
3021
3011
3010
3009
3008
3015
3012
3032
3033
3038
3039
3036
3037
3026
3027
3024
3030
3028
2852
2853
2848
2850
2851
2861
2862
2863
2856
2857
2858
2859
2868
2871
2870
2867
2866
2877
2876
2879
2878
2873
2872
2875
2822
2823
2820
2821
2818
2817
2830
2831
2828
2829
2826
2824
2825
2839
2837
2836
2835
2834
2833
2832
2847
2845
2844
2843
2840
2912
2913
2915
2916
2917
2918
2919
2920
2921
2923
2924
2926
2927
2929
2928
2931
2933
2932
2935
2934
2937
2936
2939
2938
2941
2940
2882
2883
2880
2881
2886
2887
2884
2885
2890
2889
2894
2895
2892
2893
2899
2898
2897
2896
2902
2901
2900
2907
2906
2905
2911
2910
3284
3285
3286
3281
3282
3283
3292
3293
3294
3289
3290
3291
3316
3317
3314
3315
3313
3327
3324
3325
3323
3320
3321
3302
3301
3300
3299
3298
3296
3311
3309
3307
3306
3305
3304
3526
3525
3524
3523
3522
3521
3535
3534
3533
3532
3531
3530
3529
3528
3537
3459
3463
3462
3461
3466
3465
3464
3471
3468
3474
3472
3473
3478
3479
3477
3482
3483
3480
3481
3486
3487
3484
3485
3489
3488
3491
3490
3493
3492
3495
3494
3497
3499
3501
3500
3503
3502
3504
3505
3506
3507
3509
3510
3511
3514
3515
3517
3518
3519
3407
3404
3402
3400
3401
3398
3399
3396
3397
3394
3392
3393
3423
3422
3421
3419
3418
3417
3416
3415
3411
3410
3408
3436
3438
3432
3433
3434
3428
3429
3430
3424
3425
3427
3452
3455
3449
3448
3450
3444
3447
3446
3441
3440
3443
3442
3338
3339
3336
3337
3342
3340
3341
3330
3331
3328
3329
3334
3335
3333
3352
3359
3357
3347
3346
3345
3344
3351
3350
3349
3348
3368
3372
3373
3374
3375
3360
3361
3362
3363
3364
3365
3366
3367
3385
3384
3389
3388
3391
3390
3377
3379
3378
3381
3380
3383
3382
