958
940
937
928
924
925
917
909
906
1020
1005
1007
1006
993
986
984
975
963
960
964
1092
1088
1090
1114
1110
1104
1107
1130
1129
1126
1122
1145
1144
1142
1137
1136
1036
1052
1067
1064
1069
1075
1218
1229
1239
1232
1245
1246
1242
1270
1155
1159
1169
1177
1185
1194
1193
1197
1205
1407
1406
1310
1309
1298
1296
1289
1294
1287
1315
1319
1487
1484
1483
1524
1530
1531
1509
1507
1425
1432
1410
1409
1457
1460
1461
1551
1544
1547
1540
1557
1766
1777
1782
1780
1786
1785
1791
1732
1735
1734
1741
1758
1696
1706
1704
1718
1716
1678
1675
1691
1913
1915
1919
1904
1909
1882
1881
1877
1865
1869
1863
1850
1825
1818
1810
1809
1800
1796
1794
1792
2032
2034
2036
2042
2047
2024
2027
2002
2000
2007
2010
2011
2009
2013
1986
1985
1992
1997
1981
1958
1954
1966
1943
1941
1936
1950
1927
1922
1931
2202
2203
2204
2189
2181
2183
2235
2232
2237
2226
2225
2231
2270
2258
2252
2248
2245
2247
2240
2242
2295
2290
2285
2283
2281
2280
2272
2068
2071
2077
2048
2053
2058
2059
2133
2131
2130
2118
2127
2122
2166
2164
2163
2172
2145
2154
2153
2811
2815
2806
2804
2805
2799
2798
2796
2787
2786
2785
2789
2760
2757
2758
2676
2682
2681
2687
2658
2643
2642
2653
2652
2636
2990
2986
2980
2983
2982
2976
3006
2997
2995
2950
2947
2945
2974
2973
2967
2965
3041
3046
3064
3066
3017
3010
3037
3028
2863
2876
2872
2820
2817
2827
2837
2833
2844
2921
2924
2927
2934
2881
2887
2885
2890
2899
2897
3285
3286
3291
3316
3315
3324
3325
3323
3299
3298
3304
3525
3459
3458
3462
3460
3465
3471
3470
3468
3487
3488
3494
3501
3508
3512
3513
3515
3516
3406
3404
3405
3400
3398
3395
3417
3436
3438
3425
3453
3454
3442
3340
3328
3333
3361
3362
3384
3388
3390
3377
3376
3378
