948
950
946
942
937
933
930
927
925
922
918
917
910
905
901
1022
1008
1014
1003
994
999
976
980
970
974
960
1097
1088
1089
1116
1118
1112
1115
1110
1105
1104
1131
1128
1120
1148
1147
1143
1139
1033
1036
1037
1025
1028
1031
1049
1054
1041
1066
1070
1081
1080
1087
1072
1219
1229
1225
1224
1227
1245
1278
1274
1165
1164
1166
1178
1197
1204
1400
1399
1305
1311
1308
1299
1298
1297
1296
1303
1293
1285
1323
1313
1316
1318
1489
1501
1496
1476
1475
1486
1527
1531
1506
1517
1516
1519
1512
1438
1411
1418
1423
1464
1447
1536
1557
1556
1552
1555
1763
1762
1761
1779
1782
1786
1784
1785
1791
1733
1732
1735
1734
1747
1756
1703
1700
1699
1697
1714
1725
1676
1687
1692
1693
1694
1695
1689
1691
1912
1918
1910
1887
1885
1875
1860
1845
1836
1837
1830
1824
1826
1822
1819
1818
1817
1808
1806
1800
1801
1799
1797
1794
1795
2032
2037
2039
2040
2043
2020
2023
2029
2030
2000
2010
2008
2009
2015
1984
1989
1992
1973
1970
1980
1976
1967
1949
1947
1934
2202
2194
2198
2190
2181
2180
2233
2238
2239
2236
2227
2231
2218
2220
2209
2214
2270
2256
2259
2255
2249
2246
2243
2302
2301
2296
2297
2286
2284
2277
2274
2066
2069
2071
2049
2055
2061
2105
2081
2084
2133
2139
2113
2121
2166
2165
2163
2168
2149
2159
2808
2809
2806
2807
2793
2798
2796
2788
2775
2759
2611
2609
2620
2683
2680
2686
2671
2643
2644
2652
2626
2629
2631
2989
3000
2994
2973
2967
2965
2963
2961
3049
3051
3041
3042
3045
3015
3012
3031
3029
2849
2857
2869
2870
2873
2837
2840
2919
2920
2894
2895
3286
3290
3315
3304
3527
3526
3525
3523
3531
3460
3466
3465
3475
3473
3480
3488
3499
3508
3513
3515
3400
3401
3397
3393
3437
3433
3435
3428
3453
3448
3450
3338
3339
3343
3335
3353
3368
3372
3375
3364
3385
3377
3378
3381
