952
953
947
940
936
939
925
922
904
1016
1010
1015
1003
1007
992
987
982
983
971
968
961
967
1097
1099
1089
1091
1108
1111
1107
1135
1127
1122
1120
1121
1035
1036
1024
1026
1049
1055
1054
1042
1065
1068
1087
1078
1076
1216
1228
1244
1245
1247
1152
1155
1159
1158
1167
1166
1174
1176
1177
1182
1183
1186
1203
1211
1405
1400
1311
1291
1292
1281
1287
1320
1315
1317
1493
1489
1503
1498
1497
1478
1472
1486
1482
1534
1505
1507
1519
1430
1432
1438
1436
1437
1410
1412
1417
1456
1459
1464
1468
1449
1453
1455
1549
1544
1537
1554
1769
1732
1736
1745
1746
1747
1750
1697
1677
1693
1695
1690
1919
1887
1876
1866
1871
1869
1858
1862
1860
1854
1850
1845
1838
1833
1825
1806
1801
1798
1799
1794
2035
2038
2039
2046
2021
2026
2029
2028
2003
2000
2010
2011
1972
1978
1955
1961
1942
1943
1937
1950
1944
1924
1920
1935
2194
2195
2197
2188
2179
2181
2233
2238
2224
2231
2222
2220
2270
2271
2264
2267
2261
2263
2250
2247
2241
2300
2297
2288
2284
2279
2064
2068
2070
2073
2061
2063
2107
2104
2084
2139
2115
2121
2123
2165
2173
2171
2169
2144
2155
2153
2810
2808
2802
2803
2801
2793
2796
2791
2779
2608
2622
2619
2675
2683
2687
2671
2643
2647
2648
2625
2636
2980
2979
2978
2998
2992
2959
2950
2946
2969
2960
3054
3047
3056
3017
3020
3014
3013
3025
3031
3029
2854
2855
2860
2869
2865
2864
2874
2819
2827
2838
2846
2841
2922
2925
2943
2891
2888
2903
2904
3287
3295
3318
3312
3322
3303
3297
3310
3527
3520
3536
3457
3470
3475
3496
3498
3508
3512
3513
3516
3406
3405
3403
3412
3409
3437
3435
3431
3451
3445
3343
3354
3353
3358
3369
3370
3386
3376
