955
944
945
947
929
930
927
925
911
905
904
1016
1020
1011
1012
1013
1014
1000
1003
995
997
987
990
988
989
978
979
976
980
971
972
961
966
1090
1116
1118
1115
1110
1105
1106
1123
1150
1147
1136
1035
1039
1050
1044
1066
1056
1086
1228
1227
1234
1244
1243
1271
1279
1274
1164
1174
1178
1187
1195
1196
1202
1407
1406
1402
1399
1304
1309
1290
1293
1282
1286
1285
1321
1314
1316
1318
1493
1490
1489
1500
1499
1474
1486
1483
1482
1527
1520
1504
1516
1426
1431
1429
1434
1435
1437
1411
1409
1412
1417
1423
1420
1460
1467
1471
1444
1447
1455
1550
1545
1546
1542
1543
1539
1776
1780
1787
1785
1730
1740
1744
1747
1750
1759
1701
1697
1705
1704
1713
1724
1673
1687
1680
1683
1691
1909
1908
1911
1902
1880
1885
1884
1875
1876
1858
1855
1841
1839
1835
1827
1823
1819
1815
1799
1795
2033
2019
2021
2022
2024
2031
2003
2001
2011
2009
2012
1985
1997
1972
1970
1981
1976
1978
1957
1954
1964
1963
1943
1939
1927
1926
1925
1922
2202
2207
2197
2198
2199
2185
2180
2182
2233
2238
2226
2225
2221
2268
2270
2265
2246
2298
2284
2275
2067
2073
2072
2075
2048
2055
2107
2141
2117
2163
2162
2160
2169
2168
2151
2146
2156
2810
2808
2801
2787
2784
2768
2772
2675
2683
2664
2671
2668
2644
2628
2629
2632
2636
2989
2987
2980
2982
2976
3000
2994
2959
2950
2970
2971
2967
2965
2963
3049
3058
3062
3021
3011
3013
3034
3038
3026
3027
3031
3029
2854
2850
2856
2868
2876
2822
2821
2818
2817
2827
2916
2924
2925
2926
2928
2938
2883
2881
2887
2889
2907
3281
3282
3292
3294
3317
3313
3325
3322
3299
3531
3530
3537
3456
3463
3474
3475
3482
3483
3480
3491
3498
3501
3511
3402
3394
3392
3418
3411
3424
3451
3450
3446
3339
3328
3329
3334
3344
3363
3364
3385
3384
3387
3386
3390
3376
