952
953
955
922
912
910
899
1018
1023
1006
987
990
989
982
970
962
960
965
1093
1117
1133
1128
1125
1123
1146
1143
1049
1043
1047
1071
1056
1057
1087
1220
1219
1230
1247
1241
1279
1277
1275
1153
1154
1160
1162
1172
1176
1179
1190
1189
1195
1203
1200
1212
1311
1299
1298
1302
1288
1294
1293
1282
1284
1315
1317
1318
1491
1489
1496
1497
1479
1478
1523
1528
1511
1518
1513
1425
1433
1437
1411
1409
1412
1423
1466
1468
1469
1471
1440
1449
1455
1541
1542
1556
1767
1776
1781
1784
1785
1791
1788
1738
1742
1744
1753
1757
1758
1711
1708
1706
1704
1718
1717
1714
1713
1724
1678
1675
1674
1685
1686
1693
1909
1911
1910
1883
1866
1865
1858
1859
1857
1851
1845
1833
1835
1825
1810
1797
1795
2032
2036
2047
2017
2002
2003
2015
1975
1978
1954
1966
1963
1943
1940
1938
1951
1944
1926
1920
1928
2203
2205
2199
2189
2191
2190
2179
2183
2182
2235
2232
2226
2219
2223
2211
2214
2213
2270
2258
2254
2251
2250
2245
2240
2243
2299
2295
2290
2274
2067
2066
2070
2051
2058
2059
2111
2109
2133
2135
2136
2112
2121
2164
2149
2147
2159
2157
2154
2152
2812
2804
2785
2790
2789
2778
2782
2772
2774
2758
2612
2686
2659
2666
2665
2652
2624
2639
3001
2997
2998
2994
2995
2958
2952
2970
2966
2967
2965
2961
3053
3052
3043
3064
3065
3059
3061
3062
3011
3034
3032
3033
2858
2865
2873
2820
2828
2826
2839
2838
2835
2845
2840
2913
2916
2919
2921
2932
2939
2938
2887
2895
2898
3287
3281
3282
3317
3314
3313
3322
3302
3296
3309
3535
3533
3458
3461
3483
3484
3488
3491
3504
3506
3507
3514
3518
3400
3411
3409
3438
3433
3449
3450
3440
3338
3337
3341
3331
3353
3351
3369
3370
3375
3362
3364
3365
3385
3376
