947
940
943
939
924
918
906
900
1022
1011
1015
994
985
962
961
967
966
1097
1095
1089
1119
1118
1109
1111
1107
1132
1151
1150
1143
1142
1136
1033
1035
1039
1025
1027
1031
1043
1042
1066
1084
1079
1220
1227
1238
1239
1240
1279
1277
1161
1168
1170
1176
1181
1183
1187
1190
1194
1200
1210
1213
1403
1306
1305
1304
1298
1296
1300
1290
1280
1287
1322
1314
1316
1317
1491
1496
1497
1479
1477
1481
1480
1525
1533
1509
1511
1512
1433
1410
1408
1417
1456
1457
1458
1460
1461
1471
1442
1444
1455
1551
1545
1546
1766
1768
1775
1782
1781
1786
1732
1734
1737
1739
1738
1747
1749
1750
1759
1700
1705
1704
1719
1716
1712
1722
1677
1684
1687
1681
1693
1690
1917
1904
1909
1903
1882
1881
1878
1876
1866
1871
1858
1855
1850
1824
1825
1815
1812
1811
1809
1807
1793
2032
2034
2035
2040
2045
2046
2017
2021
2022
2026
2006
1990
1992
1979
1959
1953
1954
1964
1943
1940
1944
1923
1933
2207
2193
2185
2179
2180
2239
2227
2231
2229
2216
2223
2222
2209
2269
2271
2263
2256
2248
2247
2241
2296
2294
2288
2287
2286
2052
2054
2055
2057
2060
2063
2105
2083
2081
2084
2132
2141
2142
2137
2136
2116
2119
2125
2120
2167
2175
2168
2146
2145
2153
2813
2801
2794
2793
2799
2797
2781
2770
2772
2761
2754
2759
2619
2672
2681
2686
2685
2684
2658
2668
2642
2625
2627
2629
2635
2991
2986
2979
3007
2995
2957
2952
2946
2975
2968
2961
3040
3042
3056
3061
3018
3016
3020
3009
3008
3034
3039
3036
3030
2852
2853
2855
2848
2850
2866
2873
2875
2822
2817
2825
2835
2842
2917
2920
2925
2927
2928
2937
2939
2938
2893
2897
2901
2907
2905
3286
3292
3290
3324
3298
3309
3307
3306
3304
3526
3521
3535
3531
3536
3468
3475
3472
3496
3500
3503
3505
3507
3509
3511
3512
3399
3395
3393
3417
3411
3409
3433
3429
3454
3448
3451
3442
3342
3331
3333
3346
3344
3369
3374
3375
3361
3366
3377
3376
3378
