958
953
955
948
949
950
951
944
945
943
942
937
939
938
933
935
934
929
931
930
927
925
922
923
920
918
919
916
917
915
912
910
909
908
907
906
905
904
903
902
901
900
1016
1017
1020
1023
1008
1009
1013
1015
1000
1003
1002
1005
1004
1007
993
992
995
994
997
996
999
998
986
987
985
991
988
978
979
976
983
980
971
970
968
975
974
973
972
962
961
960
967
966
964
1100
1101
1103
1096
1097
1098
1099
1092
1093
1094
1095
1090
1091
1117
1116
1119
1118
1113
1112
1115
1114
1109
1108
1110
1105
1107
1134
1135
1132
1133
1130
1131
1128
1129
1126
1127
1125
1122
1120
1121
1151
1149
1148
1147
1146
1144
1143
1142
1141
1140
1139
1137
1136
1032
1033
1034
1036
1037
1038
1039
1024
1025
1026
1027
1028
1030
1031
1049
1048
1051
1052
1054
1041
1040
1043
1042
1045
1044
1047
1066
1067
1064
1065
1070
1071
1068
1069
1059
1056
1063
1060
1061
1083
1082
1081
1080
1086
1085
1075
1074
1073
1072
1079
1078
1077
1076
1221
1220
1223
1222
1217
1216
1219
1229
1228
1231
1230
1225
1224
1227
1236
1237
1238
1239
1232
1234
1235
1245
1246
1247
1240
1241
1242
1243
1248
1270
1271
1278
1276
1277
1275
1272
1273
1153
1154
1157
1156
1159
1158
1161
1160
1163
1162
1165
1166
1168
1172
1173
1174
1175
1177
1178
1179
1181
1182
1183
1186
1185
1190
1189
1188
1195
1194
1193
1198
1197
1202
1203
1207
1204
1210
1211
1208
1209
1214
1215
1212
1213
1405
1407
1406
1401
1400
1403
1402
1399
1306
1304
1311
1308
1299
1298
1297
1303
1302
1300
1290
1291
1288
1289
1294
1292
1282
1283
1280
1281
1286
1287
1284
1285
1320
1321
1322
1323
1313
1314
1316
1318
1494
1495
1492
1493
1490
1491
1488
1489
1503
1500
1501
1498
1496
1497
1478
1476
1475
1474
1472
1487
1485
1484
1482
1480
1524
1525
1526
1527
1521
1522
1523
1532
1534
1535
1528
1529
1530
1509
1508
1511
1510
1505
1504
1507
1506
1517
1519
1518
1513
1512
1514
1426
1424
1425
1430
1431
1429
1435
1433
1438
1439
1436
1409
1415
1418
1417
1422
1421
1420
1456
1457
1458
1459
1460
1462
1464
1466
1467
1468
1469
1470
1471
1443
1442
1445
1447
1446
1449
1448
1451
1450
1452
1455
1454
1548
1549
1550
1551
1545
1546
1547
1540
1541
1542
1543
1536
1538
1539
1557
1556
1552
1555
1763
1762
1761
1760
1766
1765
1764
1771
1770
1769
1768
1772
1779
1776
1777
1783
1786
1784
1790
1791
1789
1729
1731
1730
1732
1735
1734
1737
1739
1738
1741
1740
1743
1745
1746
1747
1748
1749
1750
1751
1752
1753
1756
1757
1758
1759
1703
1701
1700
1699
1698
1697
1696
1711
1710
1707
1706
1705
1704
1718
1719
1717
1714
1715
1712
1726
1727
1724
1725
1722
1720
1677
1676
1679
1672
1675
1674
1684
1685
1687
1680
1682
1683
1693
1694
1695
1691
1913
1912
1915
1914
1919
1904
1906
1909
1910
1902
1882
1881
1880
1887
1886
1885
1875
1872
1879
1878
1877
1876
1866
1864
1870
1871
1868
1859
1862
1863
1860
1855
1848
1851
1850
1846
1841
1840
1836
1837
1838
1839
1833
1834
1835
1828
1830
1827
1823
1822
1821
1820
1819
1818
1817
1816
1815
1813
1811
1810
1809
1808
1806
1807
1805
1802
1803
1800
1801
1798
1799
1796
1797
1794
1795
1793
2034
2035
2036
2037
2039
2042
2043
2044
2045
2046
2047
2017
2019
2018
2021
2020
2023
2022
2025
2024
2027
2026
2029
2028
2031
2030
2002
2003
2000
2001
2006
2010
2011
2008
2009
2014
2015
2013
1987
1986
1985
1984
1990
1989
1988
1995
1992
1999
1997
1996
1972
1969
1970
1971
1980
1981
1982
1983
1976
1978
1957
1956
1959
1953
1955
1954
1964
1967
1961
1963
1962
1942
1943
1940
1941
1939
1936
1937
1950
1951
1948
1949
1944
1927
1926
1925
1923
1922
1920
1935
1934
1933
1932
1930
1929
1928
2200
2201
2203
2204
2205
2192
2193
2194
2196
2197
2198
2199
2185
2186
2189
2188
2179
2178
2181
2183
2182
2232
2233
2238
2239
2236
2237
2227
2224
2225
2230
2231
2229
2219
2218
2217
2223
2222
2220
2211
2210
2215
2214
2213
2212
2268
2269
2271
2264
2265
2266
2267
2261
2262
2263
2256
2257
2258
2252
2249
2248
2251
2250
2245
2244
2247
2241
2243
2242
2302
2303
2300
2299
2296
2297
2294
2295
2292
2293
2290
2291
2289
2287
2286
2285
2282
2281
2280
2277
2276
2275
2274
2272
2064
2067
2068
2071
2070
2072
2075
2077
2079
2078
2048
2049
2050
2051
2052
2053
2054
2055
2057
2058
2060
2061
2062
2063
2107
2106
2105
2104
2111
2109
2082
2083
2080
2081
2084
2133
2132
2135
2134
2128
2131
2130
2141
2140
2142
2137
2136
2139
2117
2119
2113
2115
2125
2120
2122
2123
2167
2166
2165
2164
2163
2162
2161
2160
2175
2173
2171
2170
2168
2150
2148
2149
2146
2147
2144
2158
2159
2156
2154
2155
2152
2153
2810
2811
2808
2809
2812
2813
2802
2803
2800
2806
2807
2804
2805
2795
2794
2793
2799
2798
2797
2796
2787
2786
2785
2791
2790
2789
2788
2776
2778
2779
2781
2783
2768
2771
2772
2773
2774
2775
2760
2763
2762
2765
2764
2767
2766
2755
2754
2757
2756
2615
2612
2611
2610
2609
2608
2623
2621
2620
2616
2675
2673
2672
2679
2678
2677
2683
2682
2681
2680
2687
2686
2685
2684
2658
2662
2663
2661
2666
2667
2664
2665
2671
2668
2641
2640
2643
2642
2645
2644
2647
2646
2649
2653
2652
2655
2654
2624
2625
2626
2627
2629
2630
2631
2633
2636
2637
2639
2991
2990
2985
2987
2986
2981
2980
2983
2977
2976
2979
2978
3006
3007
3000
3001
3002
2996
2999
2992
2993
2959
2957
2953
2951
2946
2974
2975
2970
2971
2968
2969
2966
2967
2965
2962
2963
2960
2961
3049
3050
3053
3055
3054
3043
3042
3045
3044
3046
3064
3065
3066
3059
3060
3061
3062
3063
3019
3018
3017
3016
3023
3021
3010
3008
3015
3034
3035
3032
3033
3038
3039
3036
3037
3026
3027
3029
2853
2854
2855
2849
2851
2861
2862
2863
2856
2858
2865
2864
2867
2866
2877
2878
2873
2872
2874
2822
2821
2818
2817
2831
2828
2829
2826
2827
2824
2839
2838
2836
2835
2834
2833
2832
2847
2846
2845
2844
2841
2840
2912
2913
2916
2917
2918
2919
2920
2921
2922
2924
2925
2926
2927
2929
2931
2933
2932
2934
2937
2936
2939
2938
2941
2940
2882
2883
2880
2881
2886
2884
2889
2894
2895
2892
2893
2899
2903
2906
2911
3284
3285
3286
3287
3281
3282
3283
3293
3294
3295
3288
3289
3290
3291
3318
3314
3315
3312
3313
3327
3324
3325
3322
3321
3303
3302
3301
3300
3299
3298
3297
3296
3310
3309
3306
3305
3304
3526
3525
3524
3523
3522
3521
3520
3535
3534
3533
3532
3531
3530
3529
3528
3536
3537
3457
3456
3463
3462
3460
3466
3465
3464
3471
3470
3475
3472
3473
3479
3477
3482
3483
3480
3481
3486
3487
3485
3488
3491
3490
3493
3492
3497
3496
3499
3501
3500
3503
3502
3504
3506
3507
3508
3509
3510
3512
3514
3515
3518
3519
3407
3404
3402
3403
3400
3401
3399
3396
3397
3394
3395
3392
3393
3423
3421
3419
3418
3416
3415
3411
3410
3409
3408
3437
3438
3432
3433
3428
3429
3431
3424
3425
3427
3453
3452
3455
3454
3449
3451
3450
3444
3447
3446
3441
3440
3443
3338
3339
3336
3337
3340
3341
3330
3331
3328
3329
3334
3335
3354
3353
3352
3359
3358
3357
3347
3346
3345
3344
3351
3368
3369
3370
3372
3373
3374
3375
3361
3362
3363
3364
3365
3366
3367
3385
3384
3387
3389
3388
3391
3377
3379
3378
3380
3383
3382
