956
958
952
953
954
955
948
949
951
944
945
946
940
943
937
936
939
938
932
935
934
929
931
930
926
927
924
925
922
923
920
918
916
915
912
911
910
909
907
906
905
904
903
902
901
900
898
1016
1017
1018
1019
1020
1021
1022
1023
1009
1010
1011
1012
1013
1014
1015
1000
1003
1002
1005
1004
1007
1006
993
992
995
994
997
996
999
998
986
987
985
990
991
988
989
978
976
983
981
971
970
968
973
972
963
962
961
960
966
965
964
1101
1102
1096
1097
1098
1099
1092
1093
1094
1095
1088
1089
1090
1091
1117
1116
1118
1112
1115
1109
1108
1111
1110
1105
1104
1107
1106
1134
1135
1132
1133
1130
1131
1128
1129
1126
1127
1124
1125
1122
1150
1149
1148
1147
1146
1145
1144
1142
1141
1140
1139
1138
1137
1032
1034
1035
1036
1037
1038
1039
1024
1025
1026
1027
1028
1029
1030
1031
1049
1048
1051
1050
1055
1041
1040
1042
1045
1044
1047
1046
1066
1070
1071
1068
1069
1059
1063
1060
1061
1083
1082
1081
1080
1087
1086
1085
1084
1075
1074
1073
1072
1079
1078
1076
1221
1220
1222
1217
1216
1229
1228
1231
1230
1225
1224
1227
1226
1237
1238
1239
1233
1235
1245
1246
1247
1240
1242
1243
1250
1249
1248
1270
1271
1278
1276
1277
1274
1275
1273
1152
1155
1154
1157
1156
1158
1160
1162
1165
1164
1167
1166
1168
1169
1170
1171
1174
1175
1177
1178
1180
1181
1182
1187
1184
1191
1190
1189
1188
1195
1194
1193
1199
1198
1197
1196
1203
1200
1201
1206
1207
1204
1205
1210
1211
1208
1209
1214
1215
1212
1213
1405
1404
1407
1406
1401
1400
1403
1402
1306
1305
1304
1310
1309
1308
1299
1298
1297
1296
1303
1302
1301
1300
1290
1291
1288
1289
1294
1295
1292
1282
1283
1280
1281
1287
1284
1285
1320
1321
1322
1313
1314
1315
1317
1319
1494
1495
1492
1493
1490
1491
1503
1500
1498
1496
1479
1478
1477
1476
1475
1487
1486
1485
1484
1483
1482
1481
1524
1525
1526
1527
1520
1521
1523
1532
1534
1535
1528
1529
1530
1531
1509
1508
1510
1505
1504
1506
1517
1516
1519
1518
1512
1427
1424
1425
1430
1431
1428
1429
1434
1435
1432
1438
1439
1436
1437
1411
1410
1409
1408
1415
1414
1413
1412
1419
1418
1417
1416
1423
1422
1421
1420
1456
1458
1459
1460
1461
1462
1463
1464
1465
1466
1467
1468
1469
1470
1471
1441
1440
1443
1442
1444
1446
1448
1451
1450
1455
1454
1549
1550
1551
1544
1545
1546
1547
1540
1541
1542
1543
1536
1538
1539
1557
1556
1553
1552
1555
1554
1763
1762
1761
1760
1767
1766
1765
1764
1771
1770
1769
1768
1773
1772
1779
1776
1777
1782
1781
1786
1787
1784
1790
1791
1788
1789
1729
1730
1733
1735
1734
1737
1736
1738
1743
1744
1745
1746
1748
1749
1750
1751
1752
1756
1757
1758
1759
1703
1702
1701
1700
1697
1696
1711
1710
1709
1706
1705
1704
1718
1719
1716
1715
1712
1726
1727
1724
1725
1722
1720
1677
1676
1679
1678
1673
1672
1684
1685
1686
1687
1680
1681
1682
1683
1692
1693
1694
1688
1689
1690
1691
1915
1917
1918
1904
1907
1906
1909
1910
1902
1903
1883
1882
1881
1880
1887
1886
1885
1884
1875
1874
1872
1878
1877
1876
1864
1865
1870
1871
1868
1869
1858
1859
1856
1857
1862
1863
1860
1852
1855
1848
1851
1850
1845
1846
1841
1840
1837
1838
1839
1833
1835
1828
1829
1830
1831
1825
1827
1823
1822
1821
1820
1819
1817
1815
1813
1811
1810
1809
1808
1806
1807
1804
1802
1800
1798
1799
1797
1795
1792
1793
2032
2033
2034
2035
2036
2038
2039
2040
2043
2045
2046
2047
2019
2018
2021
2020
2023
2022
2025
2024
2026
2029
2028
2030
2002
2003
2000
2006
2007
2010
2009
2015
2012
2013
1987
1986
1985
1990
1995
1992
1998
1997
1996
1972
1975
1969
1970
1971
1980
1981
1983
1976
1978
1957
1953
1955
1954
1965
1967
1961
1942
1943
1940
1941
1939
1936
1937
1950
1951
1949
1947
1944
1927
1926
1925
1924
1923
1922
1921
1920
1932
1930
1928
2201
2202
2203
2204
2205
2206
2207
2193
2194
2195
2196
2197
2198
2199
2185
2184
2187
2186
2190
2179
2178
2180
2182
2234
2232
2233
2238
2239
2236
2226
2227
2224
2225
2230
2231
2228
2229
2219
2218
2217
2216
2223
2220
2211
2210
2209
2208
2215
2214
2212
2265
2260
2262
2258
2259
2254
2248
2251
2250
2247
2246
2241
2240
2243
2242
2302
2303
2300
2301
2298
2299
2296
2294
2295
2292
2293
2290
2291
2288
2286
2283
2282
2280
2279
2276
2275
2064
2067
2066
2071
2073
2072
2075
2079
2078
2048
2049
2051
2052
2054
2055
2057
2058
2059
2060
2063
2106
2104
2111
2110
2082
2083
2081
2084
2135
2134
2128
2131
2130
2141
2140
2143
2137
2136
2139
2116
2119
2112
2114
2115
2124
2125
2127
2120
2122
2165
2164
2162
2161
2173
2172
2170
2150
2151
2149
2146
2147
2159
2156
2157
2155
2152
2153
2811
2808
2815
2802
2803
2800
2801
2806
2807
2804
2805
2795
2794
2793
2792
2799
2798
2797
2796
2787
2786
2785
2784
2791
2789
2788
2776
2777
2778
2779
2780
2781
2782
2783
2768
2770
2771
2773
2774
2775
2761
2760
2762
2765
2764
2766
2755
2754
2756
2758
2615
2613
2612
2611
2609
2623
2622
2621
2620
2619
2673
2672
2679
2678
2677
2683
2682
2681
2687
2686
2685
2684
2658
2662
2660
2661
2666
2667
2664
2670
2668
2641
2643
2642
2645
2644
2647
2646
2649
2648
2652
2655
2654
2624
2625
2626
2627
2630
2631
2632
2633
2634
2636
2637
2639
2991
2990
2985
2984
2986
2981
2980
2983
2982
2977
2976
2979
2978
3006
3007
3001
3002
2996
2997
2998
2999
2993
2994
2995
2959
2953
2950
2945
2944
2974
2975
2972
2973
2970
2971
2969
2966
2967
2965
2962
2963
3049
3048
3051
3053
3052
3055
3041
3040
3045
3044
3047
3046
3064
3056
3060
3061
3019
3018
3017
3016
3023
3022
3021
3020
3011
3010
3008
3015
3014
3013
3012
3035
3032
3033
3039
3036
3037
3024
3025
3030
3031
3029
2852
2853
2855
2848
2849
2850
2851
2860
2862
2863
2857
2859
2869
2871
2870
2867
2866
2876
2878
2873
2875
2874
2822
2821
2819
2817
2830
2828
2829
2827
2824
2825
2839
2837
2836
2834
2833
2832
2847
2846
2845
2842
2840
2913
2915
2916
2917
2918
2921
2922
2923
2924
2925
2926
2927
2929
2928
2931
2933
2932
2935
2934
2937
2939
2938
2943
2882
2880
2881
2886
2887
2884
2890
2891
2888
2889
2894
2895
2892
2893
2898
2896
2902
2901
2900
2907
2906
2904
2911
2910
3284
3285
3286
3287
3281
3282
3283
3292
3293
3294
3295
3288
3289
3290
3291
3318
3317
3314
3312
3327
3324
3325
3322
3323
3302
3301
3298
3297
3296
3311
3310
3309
3307
3306
3305
3304
3526
3525
3524
3523
3522
3535
3534
3532
3531
3530
3529
3536
3537
3459
3458
3457
3456
3463
3462
3461
3460
3466
3465
3464
3471
3470
3468
3474
3475
3472
3473
3478
3479
3477
3482
3480
3481
3486
3484
3485
3489
3488
3491
3490
3493
3492
3495
3497
3496
3499
3498
3501
3500
3503
3502
3504
3505
3506
3508
3509
3510
3511
3512
3513
3514
3515
3516
3517
3518
3404
3405
3402
3403
3400
3398
3399
3396
3397
3394
3395
3392
3393
3423
3422
3419
3418
3417
3416
3412
3411
3408
3436
3437
3438
3432
3433
3434
3435
3428
3431
3424
3425
3427
3453
3452
3455
3454
3449
3448
3451
3450
3445
3444
3447
3441
3443
3442
3338
3339
3336
3337
3342
3340
3341
3331
3328
3329
3334
3335
3333
3354
3352
3359
3358
3347
3346
3345
3351
3350
3349
3348
3369
3372
3374
3375
3360
3361
3362
3363
3364
3365
3367
3385
3384
3387
3386
3388
3391
3390
3377
3378
3381
3380
3383
