950
947
942
933
928
919
917
908
899
1008
1001
984
979
982
980
975
974
967
1103
1119
1113
1114
1123
1120
1121
1151
1143
1033
1053
1052
1054
1043
1064
1065
1058
1056
1057
1077
1223
1219
1218
1236
1232
1234
1244
1241
1279
1272
1153
1159
1161
1163
1172
1173
1176
1179
1183
1186
1202
1399
1311
1293
1286
1323
1312
1316
1318
1488
1489
1502
1501
1499
1497
1474
1473
1472
1480
1522
1533
1511
1507
1513
1514
1426
1433
1457
1447
1449
1453
1452
1537
1775
1783
1780
1785
1731
1732
1739
1741
1740
1742
1747
1753
1699
1698
1708
1717
1714
1713
1721
1675
1674
1695
1913
1912
1914
1919
1908
1911
1879
1866
1854
1847
1836
1834
1826
1818
1816
1812
1805
1803
1801
1796
1794
2037
2044
2017
2027
2031
2001
2011
2008
1984
1989
1988
1999
1973
1979
1959
1958
1966
1963
1962
1938
1948
1945
1935
1934
1933
1931
1929
2200
2188
2222
2221
2213
2264
2263
2256
2257
2253
2252
2244
2297
2277
2069
2068
2070
2077
2050
2061
2080
2133
2142
2117
2123
2166
2160
2175
2148
2145
2158
2810
2809
2812
2813
2790
2772
2763
2767
2757
2759
2610
2608
2616
2675
2676
2680
2657
2663
2665
2671
2669
2640
2653
2628
2629
2635
2989
2987
3000
2992
2958
2957
2952
2951
2947
2946
2968
2960
2961
3050
3054
3043
3042
3065
3066
3058
3059
3062
3063
3009
3034
3038
3026
3027
3028
2854
2861
2856
2858
2868
2865
2864
2877
2879
2872
2823
2820
2818
2831
2826
2838
2835
2844
2843
2841
2912
2919
2920
2936
2941
2940
2883
2885
2897
2903
2905
3316
3315
3313
3320
3321
3303
3300
3299
3527
3521
3520
3533
3528
3483
3487
3494
3507
3519
3406
3407
3401
3421
3415
3410
3409
3429
3430
3446
3440
3343
3330
3353
3357
3344
3368
3370
3373
3366
3389
3376
3379
3382
