958
954
947
940
936
935
924
918
911
900
1019
1011
1007
985
968
975
974
963
967
966
964
1096
1117
1111
1107
1106
1135
1131
1128
1124
1125
1123
1120
1151
1149
1148
1147
1141
1139
1138
1033
1034
1036
1026
1053
1052
1045
1065
1071
1059
1057
1063
1060
1061
1082
1085
1078
1237
1239
1235
1247
1250
1274
1272
1273
1153
1154
1157
1166
1169
1171
1172
1176
1180
1186
1184
1191
1189
1197
1209
1215
1399
1309
1302
1288
1294
1287
1316
1492
1503
1476
1474
1472
1481
1525
1526
1527
1534
1529
1508
1505
1506
1518
1425
1428
1415
1412
1417
1422
1421
1456
1461
1464
1466
1440
1451
1452
1549
1540
1557
1552
1554
1762
1769
1783
1788
1789
1737
1741
1742
1749
1750
1757
1758
1697
1718
1716
1722
1675
1682
1693
1688
1691
1918
1903
1883
1875
1866
1869
1856
1862
1860
1852
1836
1837
1839
1830
1825
1812
1807
1793
2032
2039
2040
2042
2043
2017
2030
2001
2010
2011
1989
1995
1999
1972
1970
1979
1958
1954
1950
1948
1949
1925
1935
1929
2203
2206
2193
2194
2195
2196
2197
2198
2185
2186
2189
2178
2235
2217
2216
2223
2208
2214
2213
2262
2263
2259
2254
2248
2250
2245
2246
2298
2293
2281
2277
2275
2274
2272
2071
2057
2059
2111
2128
2131
2117
2113
2114
2165
2163
2169
2168
2149
2159
2811
2809
2815
2802
2795
2786
2791
2773
2754
2759
2615
2612
2680
2687
2658
2660
2670
2624
2630
2632
2635
2639
2986
3002
2997
2999
2958
2957
2946
2945
2962
2961
3053
3041
3043
3045
3047
3056
3015
3012
3032
3033
3026
3024
3025
3030
3031
2852
2855
2856
2857
2870
2877
2823
2821
2817
2828
2826
2827
2841
2922
2923
2928
2934
2941
2882
2897
2901
3286
3282
3318
3313
3307
3526
3521
3530
3529
3458
3463
3466
3477
3481
3486
3489
3504
3505
3510
3512
3513
3514
3516
3518
3407
3405
3399
3395
3393
3437
3435
3428
3431
3448
3445
3447
3336
3328
3352
3345
3351
3350
3375
3384
3386
3382
