956
955
949
944
945
946
934
929
923
910
904
903
901
898
1022
1023
1008
1011
1006
992
994
999
986
979
971
961
966
1102
1103
1097
1099
1092
1114
1109
1105
1104
1107
1128
1121
1149
1147
1145
1144
1140
1139
1136
1032
1034
1038
1050
1040
1047
1046
1066
1067
1070
1068
1063
1074
1078
1219
1229
1231
1224
1232
1250
1277
1275
1174
1191
1190
1189
1207
1210
1305
1310
1301
1294
1284
1321
1494
1495
1491
1497
1473
1526
1533
1529
1504
1507
1506
1512
1424
1430
1435
1432
1438
1439
1410
1418
1457
1458
1464
1466
1468
1471
1443
1445
1446
1451
1450
1452
1454
1549
1551
1545
1540
1541
1538
1556
1766
1771
1772
1781
1788
1729
1734
1736
1739
1741
1740
1747
1748
1750
1757
1710
1705
1716
1727
1677
1676
1675
1680
1692
1688
1691
1917
1904
1910
1882
1881
1866
1864
1865
1868
1857
1862
1851
1824
1819
1812
1806
1802
1800
1798
1793
2033
2043
2044
2046
2019
2021
2025
2029
2002
2001
2006
2008
2014
1992
1997
1970
1982
1979
1957
1966
1963
1920
1932
2201
2202
2196
2199
2185
2178
2181
2183
2182
2235
2233
2225
2229
2211
2213
2265
2261
2262
2259
2252
2255
2248
2245
2247
2289
2281
2277
2067
2068
2073
2079
2048
2049
2057
2058
2110
2137
2160
2168
2149
2810
2812
2801
2792
2786
2776
2777
2770
2755
2758
2613
2608
2622
2678
2676
2662
2664
2670
2643
2645
2646
2653
2652
2655
2628
2629
2630
2631
2634
2636
2639
2985
2987
2978
2997
2995
2952
2973
2969
2965
2963
2961
3051
3046
3056
3062
3019
3018
3010
3013
3034
3033
3024
3029
2850
2867
2876
2878
2817
2829
2825
2837
2832
2912
2913
2918
2921
2927
2933
2932
2937
2938
2884
2885
2889
2897
2906
3283
3327
3325
3321
3299
3310
3527
3522
3535
3529
3528
3537
3458
3473
3479
3477
3489
3495
3494
3496
3503
3502
3407
3404
3402
3395
3392
3422
3421
3418
3415
3432
3424
3453
3451
3445
3443
3342
3343
3329
3335
3352
3351
3373
3375
3360
3361
3365
3379
