955
948
949
947
940
942
937
936
929
923
918
911
1022
1013
1000
1005
1007
994
996
987
979
976
970
975
960
967
966
965
1101
1094
1088
1130
1131
1123
1120
1147
1143
1142
1141
1138
1137
1032
1037
1038
1025
1028
1048
1051
1054
1041
1040
1065
1068
1069
1063
1061
1085
1075
1077
1157
1159
1165
1169
1170
1174
1184
1189
1195
1194
1200
1206
1215
1404
1399
1305
1299
1292
1293
1323
1319
1493
1491
1500
1479
1482
1480
1522
1528
1510
1517
1427
1424
1438
1437
1411
1415
1414
1418
1417
1423
1420
1463
1468
1469
1445
1455
1541
1763
1761
1767
1770
1768
1775
1773
1789
1737
1736
1739
1741
1746
1751
1758
1696
1711
1726
1721
1677
1679
1675
1684
1680
1912
1906
1908
1911
1882
1875
1878
1877
1859
1856
1840
1837
1829
1826
1823
1822
1817
1800
1799
1796
1794
1795
2036
2038
2039
2046
2019
2018
2021
2024
2029
2012
1973
1975
1969
1982
1978
1956
1965
1942
1943
1939
1950
1944
1921
1931
1929
2203
2196
2197
2185
2184
2186
2191
2190
2181
2234
2232
2221
2213
2269
2271
2267
2263
2253
2247
2300
2297
2286
2284
2053
2060
2107
2104
2130
2140
2136
2118
2124
2121
2162
2173
2144
2145
2155
2801
2795
2794
2792
2788
2770
2765
2759
2758
2622
2620
2683
2658
2660
2666
2667
2649
2653
2652
2655
2631
2990
2986
2982
3000
3002
2997
2995
2947
2946
2970
2968
2967
3054
3064
3056
3058
3060
3061
3062
3063
3009
3015
3038
3037
3028
2853
2859
2823
2831
2829
2833
2847
2919
2927
2882
2881
2887
2884
2888
2892
2893
2897
2902
2907
2904
2910
3284
3290
3316
3320
3301
3296
3309
3307
3305
3526
3530
3536
3459
3460
3466
3464
3468
3473
3479
3488
3490
3497
3498
3500
3506
3508
3510
3511
3517
3407
3400
3423
3421
3418
3417
3409
3429
3431
3447
3441
3443
3336
3343
3341
3335
3359
3358
3345
3350
3349
3368
3370
3387
3389
3377
3379
3381
