953
948
951
947
943
939
938
934
926
920
906
903
899
1008
1010
1011
1003
987
984
991
979
982
983
980
973
1091
1119
1115
1135
1125
1123
1144
1142
1036
1025
1030
1052
1055
1054
1044
1066
1067
1065
1071
1056
1078
1231
1224
1227
1236
1240
1242
1248
1272
1162
1165
1168
1169
1189
1206
1210
1209
1215
1212
1405
1400
1308
1296
1301
1290
1291
1294
1323
1314
1317
1319
1499
1487
1486
1483
1521
1523
1508
1505
1425
1431
1432
1433
1409
1415
1412
1419
1416
1420
1461
1462
1470
1445
1450
1452
1548
1536
1766
1765
1773
1772
1786
1789
1731
1730
1756
1757
1759
1711
1719
1724
1672
1675
1690
1913
1915
1917
1919
1881
1872
1878
1876
1866
1869
1856
1852
1841
1840
1836
1833
1829
1823
1815
1798
1794
1795
1792
2032
2040
2017
2023
2006
2009
2013
1986
1997
1975
1970
1971
1983
1956
1938
1944
1945
1932
1931
1929
2200
2192
2193
2189
2178
2180
2232
2233
2238
2236
2209
2214
2268
2266
2263
2253
2255
2254
2302
2295
2290
2285
2283
2067
2070
2049
2052
2057
2061
2109
2128
2137
2119
2114
2122
2161
2160
2173
2171
2168
2157
2811
2803
2797
2787
2785
2784
2788
2778
2770
2763
2759
2675
2672
2681
2658
2670
2644
2655
2627
2637
2980
2982
2998
2995
2951
3052
3043
3066
3059
3060
3023
3008
3014
3012
3033
3037
3031
2850
2870
2866
2878
2875
2820
2824
2825
2836
2843
2915
2916
2920
2922
2925
2926
2927
2929
2938
2940
2880
2886
2888
2893
2898
2900
2911
3284
3287
3281
3289
3296
3309
3524
3521
3533
3465
3471
3470
3479
3483
3481
3485
3489
3488
3491
3493
3496
3499
3509
3516
3395
3423
3412
3410
3434
3435
3431
3424
3427
3454
3444
3447
3441
3440
3442
3341
3331
3358
3357
3348
3361
3366
3379
3383
