956
952
953
954
955
949
950
951
944
945
946
947
942
937
936
939
938
933
932
935
934
929
928
931
926
924
925
923
920
917
915
912
911
909
908
907
906
905
904
903
902
901
900
1016
1017
1019
1020
1021
1022
1023
1009
1010
1011
1012
1013
1014
1015
1001
1000
1002
1005
1004
1006
993
992
995
994
997
996
998
987
984
985
990
988
989
978
976
983
980
981
971
974
973
972
963
961
960
967
966
964
1101
1102
1103
1096
1097
1098
1099
1092
1093
1094
1095
1089
1090
1091
1116
1119
1118
1113
1109
1108
1111
1110
1105
1107
1106
1134
1135
1132
1133
1131
1128
1129
1126
1127
1124
1123
1120
1151
1149
1148
1146
1145
1143
1142
1141
1140
1138
1137
1032
1033
1034
1035
1036
1037
1038
1039
1024
1025
1026
1027
1028
1029
1030
1031
1048
1051
1050
1052
1054
1041
1040
1047
1046
1066
1064
1065
1070
1071
1068
1069
1058
1057
1063
1060
1061
1083
1082
1081
1080
1087
1086
1085
1084
1075
1074
1072
1078
1077
1076
1221
1220
1223
1217
1216
1219
1218
1229
1228
1230
1225
1224
1227
1226
1236
1237
1238
1239
1232
1234
1235
1244
1245
1246
1240
1241
1242
1243
1250
1249
1248
1270
1278
1279
1277
1274
1275
1272
1273
1153
1152
1154
1156
1159
1160
1163
1162
1165
1164
1167
1168
1169
1170
1171
1173
1174
1175
1176
1178
1179
1181
1183
1187
1186
1185
1190
1194
1193
1199
1197
1196
1202
1203
1200
1206
1207
1204
1210
1211
1208
1209
1214
1215
1212
1213
1405
1404
1407
1406
1401
1400
1402
1399
1306
1305
1311
1310
1308
1299
1298
1296
1303
1302
1301
1300
1290
1291
1288
1289
1292
1282
1280
1281
1286
1287
1284
1285
1321
1322
1323
1313
1314
1315
1316
1317
1318
1319
1494
1492
1493
1490
1491
1488
1489
1502
1503
1500
1498
1499
1497
1479
1476
1475
1474
1473
1472
1487
1486
1485
1484
1483
1482
1481
1480
1524
1525
1526
1527
1520
1521
1522
1532
1533
1534
1535
1528
1529
1530
1531
1509
1508
1511
1510
1505
1504
1506
1517
1516
1519
1518
1513
1512
1514
1426
1427
1424
1428
1434
1435
1432
1433
1438
1439
1436
1437
1411
1410
1409
1408
1415
1414
1413
1419
1418
1417
1423
1422
1421
1420
1456
1457
1458
1459
1460
1461
1462
1463
1464
1465
1466
1468
1470
1471
1441
1440
1443
1442
1444
1447
1446
1449
1448
1451
1450
1453
1452
1455
1454
1548
1549
1551
1545
1546
1547
1540
1541
1542
1543
1536
1537
1538
1539
1557
1556
1553
1552
1555
1554
1763
1760
1767
1766
1765
1771
1770
1769
1768
1775
1773
1779
1776
1782
1783
1780
1781
1786
1787
1784
1785
1790
1791
1788
1789
1729
1731
1730
1733
1732
1735
1737
1736
1739
1741
1740
1743
1742
1744
1745
1746
1747
1748
1749
1750
1751
1752
1753
1756
1758
1703
1702
1700
1697
1696
1711
1710
1709
1708
1706
1705
1718
1719
1716
1715
1712
1713
1726
1727
1724
1722
1721
1677
1676
1678
1673
1684
1686
1687
1680
1681
1682
1692
1693
1694
1695
1688
1689
1690
1691
1913
1912
1915
1914
1917
1919
1918
1907
1906
1909
1908
1911
1910
1902
1903
1882
1881
1880
1887
1885
1884
1875
1874
1872
1878
1877
1876
1864
1865
1870
1871
1868
1869
1858
1856
1857
1863
1860
1855
1854
1848
1851
1850
1845
1847
1846
1841
1837
1838
1839
1833
1835
1828
1829
1830
1831
1826
1823
1820
1819
1818
1815
1813
1812
1811
1810
1808
1806
1807
1804
1805
1802
1803
1800
1799
1796
1794
2033
2034
2035
2036
2037
2038
2039
2040
2042
2043
2044
2045
2017
2019
2018
2020
2023
2025
2024
2027
2026
2029
2028
2031
2030
2003
2000
2001
2006
2011
2008
2009
2014
2015
2012
2013
1986
1985
1990
1989
1988
1995
1992
1999
1998
1997
1996
1973
1975
1969
1970
1971
1980
1982
1983
1978
1979
1956
1959
1953
1965
1967
1966
1963
1962
1942
1943
1940
1941
1938
1939
1936
1937
1950
1948
1949
1947
1944
1945
1927
1926
1925
1924
1923
1921
1920
1935
1934
1933
1932
1931
1930
1929
1928
2200
2202
2203
2205
2206
2207
2193
2194
2195
2196
2197
2199
2185
2186
2188
2191
2190
2179
2178
2181
2180
2183
2182
2234
2235
2232
2233
2238
2236
2226
2227
2224
2225
2230
2231
2229
2217
2223
2221
2220
2211
2210
2208
2214
2268
2269
2271
2265
2266
2267
2260
2261
2262
2263
2257
2258
2253
2252
2255
2254
2249
2248
2251
2250
2245
2244
2247
2246
2241
2240
2243
2242
2302
2300
2301
2298
2299
2296
2297
2295
2292
2290
2291
2288
2287
2284
2283
2282
2280
2279
2277
2276
2274
2272
2069
2068
2071
2070
2072
2075
2077
2079
2048
2050
2051
2052
2054
2055
2057
2058
2059
2061
2063
2107
2106
2111
2110
2109
2083
2081
2084
2133
2132
2135
2134
2128
2131
2130
2141
2143
2142
2137
2136
2139
2116
2117
2118
2119
2112
2113
2115
2125
2127
2120
2121
2122
2123
2167
2165
2164
2163
2162
2161
2175
2173
2172
2171
2170
2169
2150
2151
2148
2145
2158
2159
2157
2154
2155
2152
2810
2811
2808
2815
2812
2802
2803
2800
2801
2806
2807
2805
2795
2794
2793
2792
2798
2797
2796
2787
2786
2785
2790
2789
2788
2776
2777
2778
2779
2780
2782
2783
2768
2770
2771
2772
2773
2774
2775
2761
2760
2763
2762
2765
2764
2767
2766
2755
2754
2757
2756
2759
2758
2615
2613
2611
2610
2609
2623
2621
2620
2619
2616
2675
2673
2672
2679
2677
2676
2683
2682
2681
2680
2687
2686
2685
2662
2663
2660
2666
2667
2664
2670
2671
2668
2669
2640
2643
2644
2647
2648
2653
2652
2655
2654
2624
2625
2627
2628
2629
2630
2632
2633
2634
2636
2637
2639
2989
2991
2990
2985
2984
2987
2986
2981
2983
2982
2977
2976
2979
2978
3006
3000
3001
3002
2996
2997
2998
2999
2992
2994
2995
2959
2958
2957
2953
2952
2951
2950
2947
2945
2944
2975
2970
2971
2968
2966
2967
2962
2960
2961
3049
3051
3050
3053
3055
3054
3040
3042
3044
3047
3046
3064
3066
3056
3058
3059
3060
3061
3062
3063
3019
3017
3023
3022
3021
3011
3010
3015
3013
3012
3034
3035
3032
3033
3038
3039
3036
3037
3026
3024
3025
3030
3031
2852
2855
2848
2849
2861
2863
2857
2858
2869
2867
2866
2877
2879
2878
2873
2872
2875
2874
2822
2820
2821
2818
2819
2817
2830
2831
2828
2826
2827
2824
2825
2838
2837
2836
2835
2833
2845
2844
2842
2840
2913
2916
2917
2918
2920
2921
2922
2923
2925
2926
2927
2929
2931
2932
2935
2937
2936
2939
2941
2940
2882
2883
2881
2886
2887
2885
2889
2894
2895
2892
2899
2898
2897
2896
2903
2902
2907
2906
2905
2904
3285
3286
3281
3282
3283
3293
3294
3295
3288
3289
3318
3313
3324
3325
3323
3320
3321
3302
3301
3300
3299
3297
3296
3311
3309
3307
3306
3304
3527
3526
3524
3523
3522
3521
3520
3535
3534
3533
3532
3531
3528
3537
3459
3458
3457
3456
3463
3462
3461
3460
3464
3471
3470
3468
3474
3475
3473
3478
3482
3480
3481
3487
3484
3485
3488
3491
3493
3492
3495
3494
3497
3499
3498
3501
3500
3503
3502
3504
3507
3509
3510
3511
3513
3514
3515
3516
3518
3519
3406
3407
3404
3405
3402
3403
3400
3398
3399
3396
3394
3395
3393
3423
3421
3418
3416
3415
3412
3411
3410
3409
3408
3436
3437
3438
3432
3433
3434
3435
3428
3429
3430
3431
3424
3425
3453
3452
3455
3454
3449
3448
3451
3450
3445
3444
3447
3446
3441
3440
3442
3338
3339
3336
3337
3343
3340
3341
3331
3328
3329
3334
3335
3333
3354
3358
3357
3347
3346
3345
3344
3351
3350
3348
3368
3372
3373
3374
3375
3362
3363
3364
3365
3366
3367
3385
3384
3387
3389
3388
3391
3390
3377
3376
3379
3378
3380
3383
