956
958
952
953
955
948
949
950
944
945
946
947
940
943
937
936
939
938
933
932
935
934
929
931
930
926
927
924
923
920
918
919
916
917
912
911
910
909
908
907
906
905
902
901
900
899
1017
1018
1019
1020
1008
1009
1010
1012
1013
1014
1015
1001
1000
1003
1002
1004
1007
1006
993
995
994
997
996
998
986
987
984
985
988
989
978
979
976
982
983
980
981
971
970
968
975
974
973
972
963
961
960
966
965
964
1100
1101
1102
1103
1096
1097
1092
1093
1094
1095
1088
1089
1091
1117
1116
1119
1118
1112
1115
1114
1109
1111
1110
1105
1104
1107
1135
1132
1130
1131
1126
1127
1125
1122
1123
1120
1121
1151
1148
1147
1146
1145
1144
1143
1141
1140
1139
1138
1137
1136
1032
1034
1035
1036
1037
1038
1039
1024
1027
1028
1030
1031
1049
1048
1051
1050
1052
1054
1041
1045
1044
1047
1046
1066
1067
1065
1070
1071
1069
1058
1059
1056
1057
1063
1061
1083
1081
1080
1087
1086
1085
1084
1074
1072
1079
1076
1221
1223
1222
1217
1216
1219
1218
1229
1228
1230
1225
1224
1227
1226
1238
1239
1232
1233
1234
1235
1244
1245
1246
1247
1240
1241
1242
1243
1250
1249
1248
1271
1278
1279
1277
1274
1275
1272
1273
1153
1152
1155
1154
1156
1159
1158
1161
1160
1163
1162
1165
1166
1168
1169
1170
1171
1172
1173
1174
1175
1176
1178
1179
1180
1181
1183
1187
1184
1191
1190
1195
1194
1193
1199
1198
1197
1196
1202
1203
1200
1201
1206
1207
1205
1210
1208
1209
1214
1215
1212
1213
1405
1404
1407
1406
1401
1400
1403
1402
1399
1305
1304
1311
1310
1309
1308
1298
1297
1296
1303
1302
1301
1300
1291
1289
1294
1295
1292
1282
1283
1280
1286
1287
1285
1320
1322
1323
1312
1313
1314
1315
1316
1317
1318
1319
1494
1495
1492
1490
1491
1488
1502
1503
1501
1498
1479
1478
1477
1476
1474
1473
1487
1486
1485
1484
1483
1482
1480
1524
1526
1527
1520
1521
1522
1523
1532
1533
1535
1528
1529
1531
1508
1511
1510
1505
1504
1506
1517
1516
1512
1514
1426
1427
1424
1425
1431
1428
1429
1434
1432
1433
1438
1439
1437
1409
1408
1415
1413
1412
1418
1417
1416
1423
1422
1421
1420
1456
1457
1458
1459
1460
1461
1462
1463
1464
1465
1466
1467
1469
1470
1471
1441
1440
1445
1444
1447
1446
1449
1448
1451
1453
1452
1455
1454
1548
1549
1551
1545
1546
1547
1540
1541
1542
1543
1537
1539
1557
1556
1553
1552
1554
1763
1762
1761
1760
1767
1766
1765
1771
1769
1768
1775
1773
1779
1776
1777
1782
1781
1786
1787
1784
1785
1790
1791
1789
1729
1731
1733
1732
1735
1739
1738
1741
1740
1743
1742
1745
1746
1750
1752
1753
1756
1759
1703
1702
1701
1700
1698
1697
1696
1711
1710
1709
1708
1705
1704
1719
1716
1714
1712
1713
1726
1727
1724
1725
1722
1720
1721
1677
1676
1679
1678
1672
1675
1674
1685
1686
1687
1680
1681
1682
1683
1692
1693
1694
1695
1688
1689
1690
1691
1913
1912
1915
1914
1917
1919
1918
1904
1908
1910
1902
1903
1883
1882
1881
1880
1887
1886
1885
1884
1875
1872
1879
1877
1876
1866
1864
1870
1871
1868
1869
1858
1856
1857
1863
1860
1852
1854
1848
1851
1850
1845
1847
1841
1840
1836
1837
1838
1833
1834
1835
1828
1829
1824
1825
1827
1823
1822
1821
1820
1818
1816
1815
1813
1811
1810
1809
1808
1806
1807
1804
1805
1802
1803
1801
1799
1796
1797
1794
1795
1792
2032
2033
2034
2035
2036
2038
2039
2040
2042
2044
2045
2047
2017
2019
2018
2020
2022
2025
2024
2027
2026
2028
2031
2030
2002
2003
2006
2007
2010
2011
2008
2014
2015
2012
1987
1986
1985
1984
1990
1989
1988
1995
1998
1997
1996
1972
1973
1975
1969
1981
1983
1976
1978
1979
1957
1956
1959
1958
1953
1954
1965
1964
1966
1961
1963
1962
1942
1943
1940
1939
1936
1937
1950
1948
1949
1947
1944
1945
1925
1923
1922
1921
1920
1935
1934
1933
1931
1930
1929
1928
2200
2201
2202
2204
2205
2206
2207
2192
2193
2195
2196
2197
2198
2199
2185
2184
2187
2186
2188
2191
2190
2179
2178
2181
2180
2234
2235
2232
2238
2236
2237
2227
2230
2231
2228
2229
2219
2217
2223
2222
2221
2220
2211
2209
2208
2215
2213
2268
2269
2264
2265
2266
2267
2260
2261
2262
2263
2256
2257
2258
2259
2253
2252
2255
2254
2249
2248
2251
2245
2244
2247
2241
2240
2242
2302
2303
2300
2301
2298
2299
2296
2297
2294
2295
2292
2293
2290
2291
2288
2289
2287
2286
2283
2282
2281
2280
2279
2275
2274
2067
2066
2069
2071
2070
2075
2077
2079
2078
2051
2052
2053
2057
2058
2059
2061
2062
2107
2106
2104
2110
2109
2082
2083
2081
2084
2133
2132
2128
2131
2130
2141
2140
2143
2142
2137
2136
2139
2116
2117
2118
2119
2112
2113
2114
2124
2125
2120
2121
2122
2123
2167
2166
2164
2162
2161
2175
2173
2172
2171
2170
2169
2168
2150
2151
2148
2146
2147
2144
2145
2158
2159
2154
2155
2153
2810
2808
2809
2812
2813
2802
2800
2801
2806
2804
2805
2795
2794
2793
2799
2797
2787
2786
2785
2791
2790
2789
2776
2777
2778
2779
2780
2781
2782
2783
2768
2770
2771
2773
2774
2761
2760
2762
2764
2767
2766
2755
2754
2757
2756
2759
2758
2615
2613
2612
2611
2610
2609
2608
2622
2621
2620
2619
2616
2675
2672
2679
2678
2677
2676
2683
2681
2680
2687
2686
2684
2657
2662
2663
2660
2661
2666
2667
2664
2665
2669
2640
2643
2642
2647
2646
2649
2652
2655
2654
2624
2625
2626
2627
2628
2629
2630
2631
2632
2633
2634
2635
2636
2637
2639
2989
2991
2990
2984
2981
2983
2982
2977
2976
2979
2978
3007
3000
3001
3002
2996
2999
2992
2994
2959
2958
2953
2952
2951
2950
2947
2946
2944
2975
2972
2973
2970
2971
2969
2966
2965
2962
2963
2960
3051
3050
3055
3040
3043
3042
3045
3047
3046
3064
3056
3058
3059
3060
3061
3062
3063
3018
3016
3023
3022
3020
3008
3015
3014
3013
3012
3034
3035
3033
3038
3036
3037
3027
3024
3025
3031
3028
3029
2852
2853
2855
2848
2849
2850
2851
2860
2861
2862
2863
2857
2859
2868
2871
2865
2867
2866
2877
2873
2872
2875
2874
2822
2823
2820
2821
2818
2819
2817
2828
2829
2826
2824
2839
2838
2837
2836
2835
2834
2833
2847
2846
2845
2844
2842
2841
2840
2912
2913
2920
2921
2922
2923
2927
2929
2928
2931
2933
2932
2935
2934
2936
2941
2940
2943
2882
2883
2887
2884
2885
2890
2891
2888
2889
2894
2895
2892
2899
2898
2896
2903
2902
2901
2900
2907
2906
2905
2904
2911
3284
3285
3287
3281
3282
3283
3292
3293
3294
3295
3288
3290
3291
3318
3316
3317
3314
3315
3312
3313
3323
3320
3321
3303
3301
3300
3297
3296
3311
3310
3309
3307
3306
3305
3527
3526
3525
3524
3523
3522
3521
3520
3535
3532
3531
3529
3528
3536
3537
3456
3463
3462
3461
3460
3466
3465
3464
3471
3470
3468
3474
3475
3473
3478
3479
3477
3483
3480
3486
3484
3485
3491
3493
3492
3495
3494
3496
3498
3500
3503
3502
3504
3505
3506
3507
3509
3510
3511
3512
3513
3516
3518
3519
3406
3404
3405
3402
3403
3400
3399
3397
3394
3393
3423
3422
3419
3418
3417
3416
3415
3412
3411
3410
3409
3408
3436
3437
3438
3432
3434
3429
3430
3431
3424
3425
3453
3452
3455
3454
3449
3448
3451
3450
3445
3444
3446
3441
3440
3443
3442
3336
3342
3343
3341
3330
3331
3328
3329
3334
3335
3333
3354
3359
3358
3357
3347
3346
3344
3351
3350
3349
3348
3368
3369
3372
3373
3374
3375
3360
3362
3364
3365
3366
3367
3385
3384
3387
3386
3389
3388
3391
3377
3379
3378
3381
3380
3383
3382
