958
948
940
943
930
922
918
919
916
910
898
1018
1008
1003
1007
999
986
991
979
982
968
975
962
965
1100
1088
1117
1114
1125
1122
1121
1150
1147
1139
1136
1053
1055
1043
1042
1045
1067
1056
1073
1222
1231
1233
1247
1271
1276
1155
1158
1161
1166
1177
1184
1191
1188
1195
1198
1403
1304
1309
1297
1294
1295
1293
1283
1320
1312
1501
1496
1478
1477
1507
1425
1430
1431
1412
1416
1467
1469
1445
1544
1761
1764
1772
1777
1734
1738
1757
1759
1701
1699
1698
1707
1704
1714
1725
1720
1679
1675
1674
1685
1683
1904
1883
1879
1866
1859
1862
1840
1836
1834
1824
1825
1827
1822
1817
1816
1809
1801
1798
1797
1795
1792
1793
2032
2046
2047
2021
2022
2002
2007
2010
1987
1984
1972
1981
1976
1957
1958
1955
1954
1964
1961
1951
1922
2201
2204
2192
2198
2184
2187
2189
2239
2237
2219
2218
2216
2222
2209
2212
2270
2264
2259
2303
2294
2293
2289
2286
2285
2281
2064
2067
2066
2073
2078
2049
2053
2060
2062
2105
2104
2080
2140
2124
2166
2160
2168
2149
2147
2144
2156
2153
2809
2813
2804
2799
2784
2791
2781
2612
2608
2622
2678
2684
2658
2659
2657
2661
2665
2641
2642
2645
2646
2649
2626
2631
2635
2980
3007
2993
2946
2974
2972
2973
2969
2965
2963
3048
3052
3041
3043
3045
3065
3018
3016
3020
3009
3008
3014
3027
3028
3029
2853
2860
2862
2868
2871
2870
2876
2823
2829
2839
2834
2832
2846
2843
2841
2912
2915
2919
2924
2928
2933
2934
2938
2943
2880
2884
2890
2888
2893
2901
2900
2911
2910
3284
3287
3292
3290
3316
3317
3314
3312
3322
3303
3298
3305
3525
3530
3529
3536
3466
3465
3472
3479
3483
3486
3489
3490
3496
3505
3506
3508
3512
3517
3401
3397
3422
3417
3427
3443
3342
3353
3352
3359
3369
3370
3360
3361
3386
3381
3382
