943
942
928
920
915
909
904
900
899
1019
1012
1015
994
997
987
985
991
982
980
971
960
965
1101
1099
1089
1116
1113
1115
1114
1111
1128
1123
1120
1028
1030
1050
1040
1043
1045
1046
1067
1064
1069
1057
1083
1087
1220
1223
1224
1249
1270
1152
1159
1158
1178
1185
1194
1193
1209
1214
1212
1213
1400
1399
1304
1310
1308
1299
1296
1302
1300
1291
1295
1285
1313
1314
1315
1490
1491
1499
1479
1476
1472
1484
1527
1534
1512
1427
1419
1418
1458
1460
1470
1445
1540
1536
1552
1766
1765
1775
1783
1780
1781
1786
1784
1737
1743
1744
1745
1759
1703
1696
1715
1713
1727
1672
1694
1918
1909
1911
1910
1885
1884
1876
1866
1865
1870
1871
1854
1851
1845
1835
1831
1823
1820
1805
1799
1795
2032
2033
2044
2017
2023
2028
2007
2008
1975
1971
1980
1981
1965
1967
1944
1926
1935
1932
2203
2187
2179
2230
2218
2222
2208
2261
2262
2263
2258
2245
2241
2243
2300
2296
2293
2288
2287
2286
2282
2277
2070
2075
2049
2050
2063
2084
2142
2139
2112
2120
2121
2162
2161
2173
2171
2158
2157
2808
2809
2801
2804
2791
2789
2777
2781
2773
2774
2763
2762
2610
2677
2668
2669
2643
2644
2647
2652
2634
2989
2987
2981
2979
3001
2998
2999
2994
2957
2953
2950
2975
2973
2965
3054
3047
3056
3015
3035
3038
3037
3025
3029
2851
2861
2858
2878
2875
2874
2830
2829
2825
2839
2838
2912
2915
2924
2925
2931
2881
2884
2885
2894
2897
2903
2902
2907
2904
3287
3322
3323
3309
3304
3533
3530
3528
3537
3463
3462
3471
3487
3485
3492
3501
3506
3510
3517
3406
3404
3402
3403
3400
3417
3416
3411
3454
3449
3444
3447
3446
3440
3442
3340
3335
3354
3352
3358
3346
3351
3370
3366
3390
3377
