955
942
936
930
927
925
911
907
905
902
901
1019
1020
1009
1013
1014
1003
996
976
971
973
972
966
1095
1122
1144
1136
1033
1025
1029
1055
1044
1047
1066
1064
1070
1071
1058
1063
1061
1074
1073
1228
1226
1235
1246
1248
1279
1272
1154
1166
1171
1180
1186
1199
1201
1204
1403
1402
1306
1291
1294
1283
1286
1316
1317
1492
1488
1503
1496
1475
1527
1535
1529
1531
1508
1510
1427
1425
1428
1429
1432
1410
1415
1413
1458
1459
1465
1467
1469
1443
1451
1450
1551
1546
1541
1543
1556
1553
1762
1761
1760
1770
1777
1782
1789
1735
1738
1741
1744
1747
1752
1756
1703
1699
1709
1706
1705
1718
1720
1692
1688
1914
1919
1881
1880
1884
1875
1851
1850
1829
1823
1806
1798
1799
1797
1795
2033
2028
2001
2007
2014
2013
1986
1984
1989
1995
1992
1975
1970
1982
1966
1961
1962
1937
1950
1945
1920
2197
2187
2178
2235
2232
2230
2219
2218
2217
2214
2213
2212
2256
2297
2294
2293
2291
2279
2274
2069
2054
2132
2134
2143
2142
2137
2116
2125
2167
2150
2145
2159
2154
2152
2153
2811
2801
2795
2786
2788
2778
2779
2773
2761
2763
2757
2759
2611
2621
2677
2659
2661
2666
2670
2671
2642
2647
2648
2636
2637
2985
3006
3000
2992
2951
2973
2971
3048
3051
3042
3044
3064
3066
3058
3062
3016
3020
3009
3008
3015
3038
3026
3031
2851
2862
2857
2858
2864
2867
2866
2874
2830
2831
2828
2833
2842
2921
2928
2932
2935
2939
2938
2883
2887
2885
2894
2899
2902
2904
3284
3283
3295
3291
3315
3303
3301
3300
3299
3296
3305
3525
3524
3534
3456
3462
3465
3471
3479
3486
3485
3489
3493
3496
3499
3504
3507
3508
3509
3513
3514
3406
3407
3400
3393
3421
3419
3415
3429
3431
3445
3446
3337
3340
3330
3347
3344
3366
3384
3386
3378
