956
958
948
946
942
932
928
926
922
915
912
911
910
905
902
898
1017
1019
1009
1001
1006
973
966
1100
1101
1103
1116
1113
1112
1109
1110
1106
1126
1147
1036
1037
1025
1053
1055
1067
1063
1083
1084
1072
1078
1217
1229
1227
1236
1233
1234
1244
1245
1240
1243
1248
1270
1274
1161
1163
1166
1168
1176
1190
1199
1198
1201
1400
1403
1297
1288
1293
1280
1320
1321
1315
1319
1493
1502
1475
1473
1472
1486
1480
1524
1520
1521
1533
1531
1519
1426
1435
1439
1413
1412
1417
1416
1421
1420
1466
1467
1468
1470
1443
1446
1546
1542
1536
1552
1762
1764
1773
1779
1780
1786
1789
1729
1737
1736
1744
1747
1752
1700
1698
1697
1704
1719
1714
1715
1721
1677
1679
1678
1686
1693
1689
1691
1919
1918
1906
1909
1908
1881
1887
1865
1858
1859
1863
1836
1838
1833
1834
1831
1824
1827
1822
1821
1820
1816
1804
1799
1797
1792
2043
2045
2047
2019
2020
2027
2030
2003
2006
2007
1985
1989
1988
1995
1972
1965
1964
1941
1939
1936
1950
1951
1947
1931
1928
2201
2204
2187
2188
2190
2234
2235
2233
2239
2229
2219
2211
2271
2264
2265
2260
2256
2259
2255
2251
2246
2241
2243
2300
2301
2298
2292
2290
2286
2285
2280
2276
2275
2272
2068
2048
2049
2055
2105
2111
2109
2133
2132
2135
2134
2131
2130
2141
2118
2112
2113
2114
2165
2162
2173
2169
2151
2148
2144
2158
2155
2153
2815
2801
2795
2798
2797
2778
2772
2762
2755
2759
2621
2620
2678
2681
2685
2666
2665
2668
2669
2640
2652
2627
2628
2631
2633
2635
2999
2957
2953
2952
2945
2960
3045
3064
3065
3063
3018
3016
3023
3011
3008
3034
3025
3030
2860
2856
2857
2858
2869
2868
2864
2877
2818
2824
2836
2832
2841
2917
2918
2925
2933
2934
2941
2884
2894
2895
2898
2907
3284
3295
3289
3318
3315
3313
3303
3302
3301
3527
3525
3522
3457
3460
3471
3472
3478
3480
3481
3495
3499
3514
3518
3403
3400
3418
3415
3410
3437
3438
3434
3427
3454
3450
3444
3446
3339
3343
3333
3354
3359
3345
3344
3351
3372
3374
3385
3388
3391
3390
3379
3381
