956
958
952
954
955
948
949
951
944
945
946
947
940
943
942
939
938
933
932
935
934
929
928
931
930
926
927
924
925
922
923
920
918
916
917
915
912
911
910
909
908
907
906
905
903
900
899
898
1016
1017
1018
1019
1020
1021
1022
1008
1009
1011
1013
1014
1015
1001
1000
1003
1005
1004
1007
1006
993
995
994
997
996
986
987
984
985
990
991
988
989
978
979
976
982
983
980
981
971
970
968
975
973
972
963
962
961
960
966
965
964
1100
1101
1102
1096
1097
1098
1099
1092
1093
1094
1088
1089
1090
1091
1117
1116
1119
1118
1113
1112
1115
1114
1109
1108
1111
1110
1105
1107
1106
1134
1132
1133
1130
1131
1128
1129
1126
1127
1124
1125
1122
1121
1151
1150
1149
1148
1147
1146
1145
1144
1143
1142
1141
1140
1139
1137
1136
1032
1033
1034
1036
1038
1039
1024
1025
1026
1027
1028
1030
1048
1051
1053
1052
1054
1041
1040
1043
1042
1045
1044
1047
1066
1067
1064
1065
1070
1071
1068
1059
1057
1063
1060
1083
1081
1080
1087
1086
1085
1084
1075
1074
1072
1079
1078
1077
1221
1220
1223
1222
1217
1216
1219
1229
1231
1230
1225
1224
1227
1226
1236
1237
1238
1239
1233
1234
1235
1244
1245
1246
1247
1240
1241
1242
1243
1250
1249
1248
1278
1279
1276
1277
1274
1275
1272
1273
1153
1152
1155
1154
1157
1156
1159
1158
1161
1160
1163
1162
1165
1164
1167
1166
1168
1169
1170
1171
1172
1173
1174
1175
1176
1177
1178
1179
1181
1182
1183
1187
1186
1185
1184
1189
1188
1195
1194
1193
1199
1198
1196
1202
1203
1200
1201
1206
1207
1204
1205
1210
1208
1209
1214
1215
1212
1213
1405
1404
1407
1406
1401
1400
1403
1402
1306
1305
1304
1311
1310
1309
1308
1297
1296
1303
1302
1301
1290
1291
1289
1294
1295
1292
1293
1282
1283
1280
1281
1286
1287
1284
1320
1321
1322
1323
1312
1313
1314
1315
1316
1319
1494
1495
1493
1490
1491
1488
1502
1500
1501
1498
1499
1496
1497
1479
1478
1477
1476
1475
1474
1487
1486
1483
1481
1480
1524
1526
1520
1521
1522
1523
1532
1534
1535
1528
1529
1531
1509
1508
1510
1505
1507
1517
1516
1519
1518
1513
1514
1426
1427
1424
1431
1428
1429
1434
1435
1432
1433
1438
1439
1436
1437
1411
1409
1408
1415
1419
1418
1417
1416
1423
1422
1421
1420
1456
1457
1459
1460
1461
1462
1463
1464
1466
1467
1468
1469
1471
1442
1445
1444
1447
1448
1451
1450
1453
1452
1455
1548
1549
1550
1551
1544
1546
1547
1540
1542
1543
1536
1537
1538
1557
1556
1553
1552
1555
1554
1763
1761
1760
1767
1766
1765
1764
1771
1770
1769
1768
1772
1776
1777
1783
1780
1786
1787
1790
1788
1789
1731
1730
1732
1737
1736
1739
1738
1741
1740
1742
1745
1746
1747
1749
1750
1751
1752
1753
1756
1757
1758
1759
1703
1702
1701
1700
1699
1698
1697
1711
1709
1708
1707
1706
1705
1704
1718
1716
1717
1714
1715
1712
1713
1726
1724
1722
1720
1677
1676
1679
1678
1673
1672
1675
1674
1684
1685
1686
1687
1680
1681
1682
1683
1692
1693
1689
1691
1913
1912
1915
1917
1919
1918
1904
1907
1909
1908
1910
1903
1881
1880
1887
1886
1885
1884
1872
1879
1878
1877
1876
1866
1864
1865
1870
1868
1869
1858
1859
1856
1862
1863
1860
1852
1854
1848
1851
1850
1845
1847
1846
1841
1840
1836
1837
1838
1833
1835
1828
1829
1831
1824
1825
1826
1827
1823
1822
1821
1820
1819
1817
1816
1813
1812
1811
1810
1809
1808
1806
1804
1805
1802
1800
1801
1796
1797
1794
1795
1792
1793
2032
2034
2035
2036
2038
2039
2042
2043
2044
2046
2047
2017
2018
2021
2023
2022
2025
2024
2027
2026
2028
2031
2030
2002
2000
2001
2006
2007
2009
2014
1987
1986
1984
1990
1989
1988
1992
1999
1998
1997
1996
1972
1975
1969
1980
1981
1982
1983
1976
1978
1979
1957
1959
1958
1953
1955
1954
1964
1967
1966
1961
1963
1962
1942
1940
1941
1938
1939
1936
1937
1950
1948
1949
1947
1944
1945
1927
1926
1925
1923
1922
1921
1920
1935
1934
1932
1931
1930
1929
1928
2200
2201
2203
2204
2205
2206
2192
2193
2194
2195
2196
2197
2198
2199
2185
2184
2187
2186
2189
2190
2179
2178
2181
2183
2182
2234
2235
2232
2233
2238
2239
2236
2237
2226
2227
2224
2231
2228
2219
2218
2217
2216
2223
2222
2221
2220
2211
2210
2209
2215
2214
2213
2212
2268
2270
2264
2266
2267
2260
2261
2262
2263
2257
2259
2252
2255
2254
2249
2248
2251
2250
2245
2244
2247
2241
2240
2243
2242
2302
2300
2298
2296
2294
2295
2292
2293
2290
2291
2288
2289
2285
2284
2283
2282
2280
2279
2277
2276
2275
2274
2064
2067
2066
2069
2071
2070
2073
2072
2075
2079
2078
2048
2049
2050
2051
2052
2053
2057
2058
2059
2061
2062
2063
2107
2106
2105
2104
2111
2110
2082
2083
2080
2081
2084
2132
2135
2128
2131
2141
2143
2142
2137
2136
2139
2117
2118
2119
2112
2113
2114
2124
2125
2127
2120
2121
2122
2123
2166
2164
2163
2162
2160
2175
2173
2172
2171
2169
2168
2150
2151
2148
2149
2146
2147
2159
2156
2157
2152
2153
2810
2811
2809
2815
2812
2813
2802
2803
2801
2806
2807
2804
2805
2795
2794
2793
2792
2799
2798
2797
2796
2787
2785
2784
2790
2776
2777
2778
2779
2780
2781
2782
2783
2770
2771
2772
2773
2774
2775
2762
2764
2767
2766
2759
2758
2615
2613
2612
2611
2609
2608
2621
2619
2616
2675
2673
2672
2678
2676
2683
2682
2681
2680
2686
2685
2684
2658
2659
2662
2663
2660
2661
2666
2667
2664
2665
2670
2671
2668
2669
2643
2642
2645
2644
2647
2646
2649
2653
2652
2655
2654
2626
2627
2628
2629
2630
2631
2632
2633
2634
2636
2637
2989
2991
2990
2985
2984
2987
2986
2981
2980
2982
2977
2976
2979
2978
3006
3007
3000
3001
2996
2997
2998
2999
2992
2993
2995
2959
2957
2953
2951
2950
2947
2945
2944
2972
2973
2970
2971
2968
2969
2966
2967
2962
2963
2960
2961
3049
3048
3051
3050
3053
3052
3055
3054
3041
3040
3043
3042
3045
3046
3064
3065
3066
3058
3059
3061
3062
3019
3018
3017
3023
3022
3020
3011
3009
3008
3015
3014
3012
3034
3035
3032
3038
3039
3037
3026
3027
3024
3025
3030
3031
3028
2852
2853
2854
2855
2848
2849
2850
2851
2860
2861
2862
2863
2857
2858
2859
2869
2871
2870
2864
2866
2877
2879
2878
2872
2875
2822
2823
2820
2821
2818
2819
2817
2830
2828
2829
2826
2825
2838
2837
2836
2835
2833
2832
2847
2846
2844
2843
2840
2913
2918
2919
2921
2922
2923
2925
2926
2929
2928
2933
2932
2935
2934
2937
2936
2938
2941
2943
2882
2883
2880
2881
2886
2887
2885
2895
2892
2899
2896
2902
2901
2900
2907
2906
2905
2911
2910
3284
3285
3286
3281
3282
3283
3293
3294
3288
3290
3291
3318
3317
3314
3315
3313
3327
3324
3325
3322
3323
3303
3302
3299
3298
3297
3296
3311
3310
3309
3306
3527
3526
3523
3522
3521
3520
3535
3534
3532
3531
3530
3529
3536
3537
3458
3457
3456
3462
3460
3466
3465
3468
3474
3475
3472
3478
3479
3477
3483
3480
3481
3486
3487
3485
3488
3492
3495
3498
3503
3502
3504
3505
3506
3508
3509
3511
3512
3513
3514
3515
3516
3517
3518
3519
3406
3404
3405
3402
3403
3400
3399
3396
3397
3394
3395
3423
3422
3421
3419
3417
3416
3415
3412
3411
3410
3408
3437
3432
3435
3428
3430
3424
3425
3427
3453
3452
3455
3454
3449
3448
3451
3450
3444
3447
3446
3441
3442
3338
3339
3337
3343
3340
3328
3329
3334
3333
3353
3352
3359
3358
3357
3347
3345
3349
3348
3368
3370
3372
3373
3374
3375
3361
3362
3363
3365
3367
3385
3384
3387
3389
3388
3390
3377
3376
3379
3378
3381
3380
3383
3382
