956
958
952
954
955
948
949
950
951
944
945
946
942
936
938
933
932
935
934
929
928
931
930
926
927
925
922
923
920
919
916
917
915
912
910
909
908
907
905
904
903
902
901
899
898
1016
1017
1018
1019
1020
1021
1023
1008
1009
1010
1012
1013
1014
1001
1000
1003
1002
1005
1004
1007
1006
997
996
999
998
987
984
989
978
979
976
983
980
981
971
970
968
975
974
973
972
963
960
965
964
1100
1101
1102
1103
1096
1098
1099
1092
1093
1094
1088
1090
1091
1117
1116
1113
1112
1115
1114
1108
1110
1105
1104
1106
1134
1135
1133
1130
1131
1128
1129
1126
1127
1124
1125
1122
1123
1120
1121
1149
1148
1147
1146
1145
1144
1141
1140
1139
1138
1137
1032
1034
1036
1037
1038
1024
1026
1028
1029
1030
1049
1048
1051
1050
1052
1055
1054
1041
1040
1045
1044
1047
1046
1067
1064
1065
1070
1071
1068
1069
1058
1059
1056
1057
1063
1060
1061
1083
1082
1081
1080
1087
1085
1075
1074
1073
1072
1078
1077
1076
1221
1223
1222
1217
1216
1219
1218
1229
1228
1231
1230
1225
1224
1226
1236
1237
1232
1233
1234
1235
1244
1245
1246
1247
1241
1242
1243
1250
1249
1248
1270
1271
1278
1276
1274
1275
1272
1273
1153
1152
1155
1154
1157
1156
1159
1158
1160
1163
1162
1165
1164
1167
1166
1169
1171
1172
1173
1174
1175
1177
1178
1179
1180
1182
1186
1185
1184
1191
1189
1188
1195
1193
1199
1198
1197
1196
1202
1203
1201
1206
1207
1204
1205
1211
1208
1209
1214
1215
1212
1405
1404
1407
1406
1401
1400
1402
1399
1311
1310
1309
1308
1297
1303
1302
1301
1291
1288
1289
1294
1292
1293
1282
1283
1281
1286
1284
1285
1320
1321
1323
1312
1313
1315
1318
1319
1494
1495
1492
1493
1490
1488
1489
1502
1503
1500
1501
1475
1474
1473
1472
1486
1485
1484
1483
1482
1524
1526
1520
1521
1522
1523
1532
1534
1535
1528
1529
1530
1531
1508
1510
1505
1504
1507
1506
1517
1516
1519
1518
1513
1514
1426
1427
1424
1425
1430
1431
1428
1429
1434
1435
1432
1438
1439
1436
1437
1411
1409
1415
1414
1413
1412
1419
1418
1416
1423
1422
1421
1420
1459
1462
1463
1464
1465
1466
1467
1468
1470
1441
1440
1443
1445
1447
1446
1449
1451
1453
1452
1454
1548
1549
1550
1544
1547
1540
1541
1542
1543
1536
1537
1538
1539
1557
1556
1553
1552
1555
1554
1763
1762
1761
1760
1767
1765
1764
1771
1770
1769
1773
1772
1779
1776
1777
1783
1787
1784
1785
1790
1791
1788
1789
1729
1731
1730
1733
1735
1736
1741
1740
1743
1744
1745
1746
1748
1751
1752
1753
1756
1757
1758
1703
1702
1701
1699
1698
1697
1696
1711
1710
1709
1708
1707
1706
1718
1717
1714
1715
1726
1727
1724
1725
1720
1721
1676
1679
1678
1673
1672
1675
1674
1685
1686
1680
1682
1683
1692
1694
1695
1688
1689
1691
1913
1912
1915
1919
1918
1907
1906
1908
1911
1902
1883
1887
1886
1885
1884
1875
1872
1879
1877
1864
1865
1870
1868
1869
1859
1856
1857
1862
1863
1860
1852
1854
1848
1851
1845
1847
1846
1841
1840
1836
1837
1838
1839
1834
1828
1829
1830
1826
1827
1823
1822
1821
1820
1819
1818
1817
1816
1813
1810
1808
1806
1804
1805
1802
1803
1800
1801
1798
1797
1794
1795
1792
2033
2036
2037
2038
2039
2042
2043
2044
2047
2019
2018
2020
2023
2025
2024
2027
2029
2028
2031
2030
2002
2003
2000
2001
2010
2009
2014
2015
2012
2013
1987
1986
1985
1984
1989
1988
1995
1999
1998
1997
1996
1972
1973
1975
1969
1970
1971
1980
1982
1983
1976
1978
1957
1956
1958
1955
1965
1967
1966
1961
1963
1962
1942
1941
1938
1939
1936
1937
1950
1951
1948
1949
1947
1945
1927
1926
1925
1924
1922
1921
1920
1935
1934
1932
1931
1930
1929
1928
2200
2201
2202
2203
2204
2205
2206
2192
2194
2195
2196
2197
2198
2199
2184
2187
2186
2189
2188
2191
2190
2178
2181
2183
2182
2234
2235
2232
2233
2238
2236
2237
2226
2224
2225
2230
2228
2219
2218
2217
2221
2220
2211
2210
2208
2215
2214
2213
2212
2268
2270
2264
2265
2266
2267
2260
2261
2262
2257
2258
2259
2253
2252
2255
2254
2249
2251
2250
2245
2244
2246
2240
2243
2242
2303
2300
2301
2298
2299
2297
2295
2292
2293
2290
2291
2289
2285
2284
2283
2282
2281
2280
2279
2277
2276
2275
2274
2272
2064
2067
2066
2068
2071
2070
2073
2072
2075
2077
2079
2078
2048
2049
2050
2051
2053
2058
2059
2061
2062
2107
2106
2104
2111
2110
2109
2082
2080
2133
2135
2134
2128
2131
2130
2140
2143
2139
2117
2118
2112
2113
2114
2115
2124
2127
2121
2122
2123
2166
2165
2164
2163
2162
2161
2160
2173
2172
2171
2170
2169
2150
2151
2148
2149
2147
2144
2158
2159
2156
2157
2154
2155
2152
2810
2811
2809
2815
2812
2802
2803
2800
2806
2807
2804
2805
2795
2792
2798
2796
2787
2786
2785
2784
2791
2790
2789
2788
2776
2777
2778
2779
2780
2782
2783
2768
2771
2773
2774
2775
2760
2763
2765
2764
2767
2766
2755
2757
2756
2615
2613
2612
2611
2610
2609
2608
2623
2622
2621
2620
2616
2675
2673
2679
2678
2677
2676
2683
2682
2680
2687
2659
2657
2662
2663
2660
2661
2666
2667
2664
2665
2670
2671
2669
2641
2640
2643
2645
2644
2647
2646
2649
2648
2653
2652
2655
2654
2624
2626
2628
2630
2631
2632
2633
2634
2636
2637
2639
2989
2990
2985
2984
2987
2981
2980
2983
2982
2977
2976
2978
3006
3000
3001
3002
2996
2997
2998
2999
2992
2993
2994
2959
2958
2953
2951
2950
2947
2945
2944
2974
2972
2973
2970
2971
2969
2966
2967
2965
2962
2963
2960
3049
3048
3051
3050
3053
3052
3055
3054
3041
3043
3045
3044
3047
3046
3064
3065
3066
3058
3059
3060
3062
3063
3019
3017
3023
3022
3021
3011
3010
3015
3014
3013
3012
3035
3032
3038
3037
3026
3027
3024
3025
3031
3028
3029
2854
2849
2851
2860
2861
2862
2863
2856
2857
2858
2859
2869
2871
2870
2865
2864
2877
2876
2879
2878
2872
2874
2823
2820
2818
2819
2830
2831
2828
2829
2826
2827
2824
2839
2838
2837
2836
2834
2833
2832
2847
2846
2845
2844
2843
2841
2840
2912
2913
2915
2916
2918
2919
2921
2923
2924
2926
2929
2931
2933
2932
2935
2934
2936
2941
2940
2943
2882
2883
2880
2881
2886
2887
2884
2885
2890
2891
2888
2889
2894
2895
2892
2899
2898
2896
2903
2902
2900
2906
2904
2911
2910
3284
3285
3287
3281
3282
3283
3293
3294
3295
3288
3289
3291
3318
3316
3317
3314
3315
3312
3313
3327
3325
3322
3323
3320
3321
3303
3302
3301
3300
3299
3297
3296
3311
3310
3305
3527
3525
3524
3523
3522
3520
3533
3532
3530
3529
3528
3537
3459
3458
3457
3456
3463
3462
3461
3460
3466
3465
3464
3471
3470
3474
3473
3478
3479
3477
3482
3483
3480
3481
3486
3487
3484
3485
3489
3488
3491
3490
3493
3492
3495
3494
3497
3499
3498
3501
3502
3504
3508
3510
3513
3514
3515
3516
3517
3518
3519
3406
3407
3404
3405
3402
3403
3400
3401
3398
3396
3397
3394
3392
3423
3422
3421
3419
3418
3416
3415
3412
3410
3408
3436
3437
3438
3434
3435
3428
3430
3431
3425
3427
3453
3452
3455
3449
3450
3445
3444
3447
3446
3441
3440
3443
3338
3339
3336
3337
3343
3340
3341
3330
3328
3329
3334
3335
3354
3353
3352
3359
3358
3357
3347
3345
3351
3350
3349
3348
3368
3370
3372
3373
3360
3362
3363
3364
3365
3367
3385
3384
3387
3386
3389
3388
3391
3390
3381
3380
3383
3382
