953
938
933
935
934
926
925
907
1020
1014
1001
1000
1005
1004
1007
994
980
973
961
967
966
965
1096
1093
1095
1090
1091
1116
1113
1114
1111
1128
1126
1122
1147
1036
1026
1050
1053
1052
1042
1070
1058
1083
1087
1075
1079
1076
1222
1225
1236
1246
1241
1243
1248
1278
1275
1153
1154
1158
1162
1179
1187
1186
1194
1197
1203
1207
1212
1405
1400
1402
1399
1306
1310
1296
1303
1290
1295
1282
1283
1280
1314
1318
1476
1484
1482
1481
1480
1525
1527
1535
1530
1518
1424
1430
1435
1438
1439
1408
1419
1456
1459
1462
1466
1470
1440
1448
1548
1550
1545
1543
1762
1769
1768
1773
1784
1729
1733
1732
1737
1739
1738
1740
1750
1758
1703
1697
1696
1706
1704
1727
1725
1721
1679
1691
1913
1915
1910
1881
1887
1866
1865
1855
1850
1847
1837
1833
1828
1829
1822
1816
1812
1811
1808
1806
1804
1803
1801
2032
2040
2025
2024
2000
2007
2012
1984
1990
1988
1999
1973
1969
1980
1978
1957
1953
1954
1941
1938
1936
1937
1944
1921
1933
1931
1930
2204
2207
2197
2185
2186
2180
2216
2223
2222
2211
2209
2215
2264
2266
2260
2261
2256
2257
2252
2255
2245
2246
2302
2294
2291
2289
2282
2281
2280
2068
2052
2057
2058
2080
2143
2116
2113
2115
2166
2161
2160
2173
2171
2156
2157
2154
2152
2813
2800
2801
2790
2782
2770
2775
2764
2755
2754
2759
2613
2611
2675
2672
2678
2661
2667
2671
2644
2647
2649
2625
2631
2633
2634
2987
2982
2979
3000
2999
2953
2945
2973
2961
3050
3040
3046
3065
3066
3058
3059
3060
3019
3018
3009
3008
3034
3035
3033
2853
2855
2848
2850
2871
2865
2873
2875
2827
2839
2833
2924
2929
2933
2941
2883
2880
2886
2884
2900
2910
3285
3295
3290
3327
3325
3310
3306
3305
3304
3534
3529
3537
3457
3456
3463
3471
3473
3480
3496
3502
3517
3405
3396
3392
3423
3421
3417
3416
3409
3438
3433
3453
3455
3451
3450
3440
3339
3336
3342
3330
3331
3329
3334
3335
3354
3372
3360
3364
3365
3387
3386
3391
3390
3376
3382
