956
952
954
947
940
936
932
928
924
911
899
898
1018
1019
1021
1022
1010
1011
1012
1014
1001
1006
984
990
989
982
981
963
965
1102
1088
1089
1104
1106
1124
1123
1150
1145
1138
1035
1029
1050
1053
1055
1046
1058
1057
1087
1084
1218
1226
1233
1244
1250
1249
1279
1274
1152
1155
1164
1167
1169
1170
1171
1176
1180
1187
1184
1191
1199
1196
1200
1201
1206
1205
1404
1310
1309
1296
1301
1295
1293
1312
1315
1317
1319
1499
1477
1473
1483
1481
1531
1427
1428
1434
1432
1437
1408
1414
1413
1412
1416
1461
1463
1465
1441
1440
1444
1453
1544
1537
1553
1554
1767
1775
1773
1782
1780
1781
1787
1785
1788
1733
1736
1742
1744
1702
1709
1708
1716
1713
1721
1678
1673
1686
1681
1692
1688
1689
1690
1917
1918
1907
1908
1911
1903
1883
1884
1874
1865
1869
1858
1856
1857
1852
1854
1845
1847
1829
1831
1824
1825
1826
1812
1804
1792
2032
2033
2038
2040
2007
2012
1998
1973
1975
1979
1958
1965
1966
1938
1947
1945
1924
1921
1931
2202
2206
2207
2195
2184
2187
2191
2190
2180
2234
2235
2226
2228
2216
2209
2208
2270
2260
2259
2253
2255
2254
2246
2240
2301
2298
2288
2284
2283
2279
2066
2069
2073
2059
2143
2116
2118
2112
2114
2124
2127
2121
2172
2169
2151
2145
2157
2815
2801
2792
2784
2777
2780
2782
2770
2761
2759
2758
2613
2622
2619
2676
2659
2657
2660
2670
2669
2648
2628
2632
2634
2635
2984
2997
2945
2972
3052
3040
3058
3022
3020
3009
3024
3030
2848
2850
2860
2859
2868
2876
2823
2820
2819
2830
2825
2837
2842
2915
2928
2943
2887
2891
2888
2897
2902
2900
2905
2904
2910
3292
3316
3317
3323
3320
3311
3307
3527
3459
3458
3461
3468
3474
3478
3484
3489
3495
3494
3498
3505
3511
3513
3516
3517
3406
3405
3398
3422
3417
3412
3436
3434
3435
3430
3448
3445
3442
3342
3343
3333
3350
3349
3348
3360
3386
3390
3376
3381
