956
958
952
953
954
955
948
949
950
951
944
945
946
947
940
942
936
939
938
933
932
935
934
929
931
930
926
927
924
925
922
920
919
916
917
915
912
911
910
909
908
907
905
904
903
902
901
900
899
898
1016
1018
1019
1020
1021
1022
1008
1009
1010
1011
1012
1013
1014
1015
1001
1000
1005
1004
993
992
995
994
997
996
999
998
986
987
984
990
991
988
989
976
982
983
980
970
974
973
972
963
961
960
967
965
1101
1102
1103
1096
1098
1099
1093
1094
1095
1088
1089
1090
1091
1117
1116
1119
1118
1113
1112
1115
1114
1109
1111
1110
1104
1107
1106
1134
1135
1132
1130
1131
1126
1127
1124
1125
1122
1123
1121
1151
1149
1148
1147
1146
1145
1144
1142
1140
1139
1138
1136
1032
1033
1034
1035
1036
1037
1038
1039
1024
1026
1028
1029
1030
1031
1049
1048
1051
1050
1053
1052
1055
1054
1041
1043
1042
1045
1044
1047
1046
1066
1067
1064
1065
1070
1071
1068
1069
1059
1063
1060
1061
1082
1081
1080
1087
1086
1085
1084
1074
1072
1079
1078
1077
1221
1220
1223
1222
1217
1216
1219
1218
1228
1231
1224
1227
1236
1232
1233
1234
1235
1244
1245
1247
1240
1241
1243
1249
1248
1278
1279
1277
1274
1272
1273
1152
1154
1157
1156
1159
1161
1160
1162
1165
1164
1167
1166
1168
1170
1171
1172
1173
1174
1175
1176
1177
1179
1180
1183
1187
1186
1185
1191
1190
1189
1188
1195
1194
1193
1199
1198
1197
1196
1202
1203
1200
1206
1207
1204
1205
1210
1211
1208
1209
1214
1213
1404
1407
1406
1402
1306
1305
1304
1311
1310
1309
1308
1298
1296
1303
1300
1290
1291
1289
1294
1295
1292
1282
1283
1281
1286
1287
1285
1320
1321
1322
1323
1312
1314
1315
1316
1317
1319
1494
1495
1492
1490
1488
1502
1503
1498
1499
1497
1478
1476
1475
1473
1472
1487
1485
1484
1483
1482
1481
1480
1525
1521
1532
1533
1534
1528
1530
1531
1508
1511
1510
1507
1506
1517
1516
1519
1518
1513
1512
1514
1426
1424
1425
1430
1429
1434
1435
1438
1436
1437
1411
1409
1408
1415
1414
1412
1419
1418
1417
1416
1422
1421
1456
1457
1458
1459
1461
1462
1463
1464
1465
1467
1468
1469
1470
1471
1441
1440
1442
1444
1447
1446
1449
1448
1451
1452
1455
1454
1549
1550
1551
1544
1545
1546
1547
1540
1541
1542
1543
1536
1537
1539
1557
1556
1553
1552
1554
1762
1761
1760
1767
1766
1765
1764
1770
1768
1775
1773
1779
1777
1782
1783
1780
1781
1786
1785
1790
1788
1789
1729
1731
1733
1735
1734
1737
1736
1739
1738
1741
1740
1743
1742
1744
1745
1747
1749
1750
1751
1752
1753
1756
1757
1758
1759
1703
1702
1701
1700
1699
1698
1711
1710
1708
1707
1706
1705
1704
1719
1717
1714
1715
1712
1727
1724
1725
1722
1720
1677
1679
1678
1673
1675
1674
1685
1686
1687
1680
1681
1682
1683
1692
1693
1694
1695
1688
1689
1690
1691
1912
1915
1917
1918
1906
1909
1911
1903
1881
1880
1887
1886
1885
1884
1875
1874
1872
1878
1877
1876
1866
1864
1865
1870
1868
1869
1858
1857
1862
1863
1855
1854
1848
1851
1845
1847
1841
1840
1836
1838
1839
1834
1835
1828
1829
1830
1824
1825
1826
1827
1823
1822
1821
1819
1818
1816
1815
1813
1812
1811
1808
1806
1807
1804
1805
1802
1803
1801
1798
1799
1796
1794
1795
1792
1793
2032
2033
2034
2035
2036
2037
2038
2039
2040
2042
2043
2044
2045
2047
2017
2021
2023
2025
2024
2027
2026
2029
2028
2031
2030
2002
2003
2000
2001
2006
2007
2010
2011
2008
2009
2014
2015
2012
2013
1987
1984
1989
1988
1995
1992
1998
1996
1972
1975
1969
1970
1971
1981
1976
1959
1958
1953
1955
1954
1965
1964
1967
1966
1961
1963
1962
1943
1941
1938
1936
1937
1950
1951
1948
1947
1944
1945
1927
1926
1925
1924
1923
1922
1920
1935
1934
1933
1932
1930
1928
2200
2201
2202
2204
2205
2206
2207
2192
2193
2194
2195
2196
2197
2198
2199
2185
2184
2187
2186
2189
2191
2190
2179
2183
2234
2232
2238
2239
2237
2226
2227
2224
2225
2230
2231
2228
2229
2219
2218
2217
2223
2222
2220
2210
2209
2208
2214
2213
2212
2264
2265
2260
2262
2263
2256
2257
2258
2259
2253
2252
2255
2248
2251
2250
2244
2247
2246
2241
2240
2243
2242
2302
2303
2300
2301
2298
2299
2296
2294
2295
2292
2293
2290
2291
2287
2286
2282
2281
2280
2277
2276
2275
2067
2066
2069
2068
2071
2070
2073
2075
2079
2048
2049
2050
2051
2052
2054
2055
2058
2059
2060
2061
2063
2105
2104
2111
2110
2109
2082
2083
2080
2084
2132
2135
2131
2130
2141
2140
2143
2142
2137
2139
2116
2117
2119
2112
2114
2115
2124
2125
2127
2122
2123
2167
2164
2160
2170
2169
2148
2146
2147
2145
2158
2156
2157
2154
2155
2153
2810
2811
2808
2815
2812
2813
2802
2803
2801
2806
2807
2804
2795
2794
2793
2792
2798
2796
2787
2786
2785
2784
2791
2790
2789
2788
2779
2781
2783
2768
2770
2771
2772
2773
2774
2775
2761
2760
2763
2762
2764
2767
2766
2755
2754
2756
2759
2758
2615
2613
2611
2610
2623
2622
2621
2619
2616
2675
2672
2679
2678
2677
2682
2681
2680
2687
2685
2684
2658
2659
2657
2663
2660
2661
2666
2667
2664
2670
2671
2668
2669
2641
2640
2643
2642
2645
2644
2646
2648
2653
2655
2654
2624
2625
2626
2627
2628
2630
2631
2632
2633
2634
2636
2639
2989
2991
2990
2985
2987
2986
2981
2980
2983
2982
2977
2979
2978
3006
3007
3001
3002
2996
2997
2998
2992
2993
2994
2995
2958
2953
2952
2951
2950
2947
2946
2945
2944
2974
2975
2973
2971
2966
2967
2965
2962
2960
2961
3051
3050
3053
3055
3054
3041
3040
3042
3045
3044
3047
3046
3064
3065
3066
3056
3058
3059
3063
3018
3017
3016
3023
3022
3020
3011
3010
3009
3015
3014
3013
3012
3034
3035
3032
3038
3039
3037
3026
3027
3025
3030
3029
2854
2855
2848
2849
2850
2851
2860
2861
2862
2863
2856
2857
2858
2859
2869
2868
2871
2870
2865
2864
2876
2878
2873
2875
2822
2820
2821
2818
2819
2817
2830
2831
2828
2827
2824
2825
2839
2837
2835
2833
2832
2846
2845
2843
2842
2841
2840
2912
2913
2915
2916
2917
2918
2919
2920
2921
2922
2923
2924
2925
2926
2931
2935
2934
2937
2939
2938
2940
2943
2882
2883
2880
2881
2886
2887
2884
2890
2891
2888
2889
2894
2892
2893
2898
2897
2896
2903
2902
2901
2900
2907
2905
2904
2911
2910
3284
3285
3287
3282
3283
3292
3293
3294
3295
3288
3290
3291
3316
3317
3314
3315
3312
3313
3327
3324
3322
3323
3320
3303
3301
3300
3299
3297
3311
3310
3307
3306
3304
3527
3525
3523
3522
3520
3535
3534
3533
3532
3531
3529
3528
3537
3458
3457
3456
3462
3461
3460
3466
3465
3471
3470
3468
3474
3475
3472
3478
3479
3477
3482
3486
3487
3484
3485
3491
3490
3493
3495
3494
3497
3496
3501
3500
3503
3502
3504
3505
3506
3509
3510
3511
3512
3513
3514
3515
3516
3517
3518
3519
3407
3405
3400
3401
3399
3396
3397
3395
3393
3423
3422
3421
3419
3418
3417
3416
3412
3411
3410
3409
3408
3436
3437
3438
3432
3433
3435
3428
3429
3430
3431
3424
3427
3453
3452
3455
3454
3449
3448
3451
3450
3444
3447
3441
3440
3443
3442
3338
3336
3337
3342
3343
3340
3341
3330
3329
3335
3333
3354
3353
3358
3357
3347
3346
3345
3344
3351
3350
3349
3348
3368
3369
3370
3372
3373
3375
3360
3361
3363
3366
3367
3385
3384
3387
3391
3390
3377
3376
3379
3378
3381
3380
3383
3382
