956
958
952
953
954
950
946
947
943
936
939
938
933
935
934
929
928
930
926
927
924
925
922
923
920
919
916
917
912
911
910
909
908
907
906
905
904
902
901
899
898
1017
1019
1020
1021
1022
1023
1008
1009
1010
1011
1012
1013
1014
1015
1001
1000
1002
1005
1007
1006
993
992
995
994
997
996
999
998
986
987
984
990
991
988
989
978
979
982
983
980
981
971
968
975
973
972
962
961
960
967
966
965
964
1100
1101
1102
1103
1097
1098
1099
1092
1094
1088
1089
1090
1091
1117
1116
1119
1118
1112
1115
1109
1111
1105
1104
1107
1106
1134
1132
1133
1131
1128
1126
1127
1124
1125
1122
1123
1120
1151
1149
1147
1146
1145
1143
1142
1140
1139
1138
1137
1032
1034
1035
1036
1037
1038
1024
1025
1026
1028
1029
1030
1031
1049
1048
1051
1050
1055
1054
1041
1040
1044
1047
1046
1066
1067
1064
1065
1070
1071
1068
1069
1056
1057
1060
1082
1081
1084
1075
1074
1073
1072
1079
1078
1077
1220
1223
1217
1219
1218
1229
1228
1231
1230
1224
1227
1236
1237
1238
1239
1233
1234
1235
1244
1246
1247
1240
1241
1242
1243
1250
1249
1270
1271
1278
1279
1276
1277
1275
1272
1273
1154
1159
1158
1161
1160
1163
1162
1165
1164
1167
1166
1168
1169
1170
1172
1174
1175
1176
1178
1180
1181
1182
1183
1187
1186
1185
1184
1191
1190
1189
1188
1195
1193
1199
1198
1197
1200
1206
1207
1204
1210
1209
1215
1212
1213
1405
1404
1407
1406
1401
1403
1402
1399
1306
1305
1304
1311
1309
1308
1299
1298
1297
1296
1303
1301
1300
1291
1294
1295
1292
1293
1282
1280
1281
1286
1287
1284
1285
1320
1321
1322
1323
1312
1314
1315
1316
1317
1318
1494
1495
1492
1490
1491
1488
1502
1498
1499
1496
1497
1478
1477
1476
1475
1474
1473
1472
1486
1485
1484
1483
1481
1525
1526
1527
1520
1521
1522
1523
1532
1533
1535
1528
1529
1531
1509
1511
1510
1505
1506
1517
1519
1518
1513
1514
1426
1427
1425
1431
1429
1434
1435
1432
1433
1438
1439
1436
1411
1410
1409
1408
1415
1413
1412
1419
1418
1417
1423
1421
1456
1457
1458
1459
1460
1461
1462
1464
1466
1467
1468
1469
1471
1440
1445
1447
1449
1448
1451
1450
1453
1455
1454
1548
1549
1545
1546
1547
1541
1542
1543
1536
1537
1538
1557
1552
1555
1554
1763
1762
1761
1760
1767
1766
1771
1770
1769
1768
1773
1779
1776
1777
1783
1780
1781
1786
1784
1785
1790
1789
1729
1731
1735
1734
1736
1739
1738
1741
1740
1743
1744
1745
1746
1747
1748
1750
1751
1752
1753
1756
1759
1703
1702
1701
1700
1699
1698
1696
1711
1710
1709
1708
1707
1706
1718
1716
1717
1714
1715
1712
1713
1726
1727
1724
1725
1722
1721
1676
1679
1678
1673
1675
1674
1685
1686
1687
1680
1682
1683
1692
1693
1694
1695
1688
1689
1690
1691
1913
1912
1917
1919
1918
1904
1907
1906
1909
1908
1911
1910
1902
1881
1880
1887
1885
1884
1875
1874
1879
1878
1877
1876
1866
1865
1870
1871
1868
1869
1858
1856
1857
1862
1863
1860
1852
1855
1854
1851
1850
1845
1847
1846
1841
1836
1837
1838
1833
1835
1828
1829
1831
1824
1825
1826
1827
1823
1821
1820
1819
1818
1817
1816
1815
1813
1812
1811
1809
1808
1806
1807
1804
1805
1802
1803
1801
1798
1799
1796
1794
1795
1792
1793
2032
2033
2034
2035
2036
2037
2040
2042
2045
2046
2047
2017
2019
2018
2021
2020
2023
2025
2024
2026
2030
2002
2000
2001
2010
2011
2008
2009
2012
2013
1986
1984
1989
1988
1995
1992
1999
1997
1996
1972
1973
1975
1969
1970
1980
1981
1983
1978
1979
1957
1959
1958
1953
1955
1954
1964
1967
1966
1961
1963
1942
1943
1941
1938
1939
1936
1937
1950
1951
1947
1944
1945
1927
1926
1923
1921
1920
1934
1933
1932
1930
1929
1928
2200
2201
2202
2203
2204
2205
2206
2192
2195
2196
2199
2184
2187
2186
2189
2188
2191
2190
2179
2178
2181
2180
2183
2182
2234
2235
2232
2233
2238
2239
2237
2224
2225
2230
2231
2228
2219
2218
2217
2223
2222
2221
2220
2211
2210
2209
2208
2214
2213
2268
2269
2270
2271
2264
2265
2266
2267
2260
2261
2258
2259
2252
2255
2254
2249
2248
2251
2245
2244
2247
2241
2240
2243
2242
2303
2300
2301
2298
2299
2296
2297
2294
2295
2292
2293
2291
2288
2287
2286
2285
2284
2282
2281
2280
2277
2276
2275
2274
2272
2066
2069
2068
2070
2073
2072
2075
2077
2078
2049
2050
2052
2053
2055
2057
2058
2059
2060
2061
2062
2063
2107
2106
2111
2110
2109
2080
2081
2084
2133
2132
2135
2134
2128
2131
2130
2140
2143
2137
2136
2139
2117
2118
2119
2112
2113
2115
2127
2120
2121
2122
2123
2167
2166
2165
2164
2163
2161
2160
2175
2173
2171
2170
2168
2151
2148
2149
2147
2144
2159
2156
2157
2155
2152
2153
2810
2811
2808
2809
2815
2812
2813
2800
2801
2806
2807
2804
2805
2795
2794
2793
2792
2799
2798
2797
2796
2787
2785
2791
2790
2789
2788
2776
2777
2778
2779
2780
2781
2782
2770
2772
2773
2774
2775
2761
2763
2762
2764
2767
2766
2755
2757
2756
2615
2612
2611
2608
2623
2622
2621
2620
2619
2675
2673
2679
2678
2677
2676
2682
2681
2680
2687
2658
2659
2657
2663
2661
2666
2667
2664
2665
2668
2669
2641
2640
2643
2642
2644
2647
2646
2649
2648
2653
2652
2655
2624
2625
2627
2628
2630
2632
2633
2634
2635
2636
2637
2989
2991
2990
2984
2986
2981
2983
2977
2976
2979
2978
3006
3007
3000
3001
2997
2998
2992
2993
2995
2959
2957
2953
2952
2951
2950
2947
2946
2945
2944
2974
2975
2972
2973
2970
2971
2966
2965
2962
2961
3049
3048
3053
3052
3054
3041
3040
3043
3042
3045
3044
3046
3064
3065
3056
3060
3061
3062
3063
3019
3017
3022
3021
3020
3011
3009
3008
3015
3012
3034
3035
3033
3036
3037
3026
3024
3030
3031
3029
2852
2853
2854
2855
2848
2849
2850
2860
2861
2856
2857
2859
2869
2868
2871
2865
2864
2867
2866
2877
2876
2879
2873
2872
2875
2874
2822
2823
2820
2818
2819
2817
2830
2828
2826
2827
2824
2825
2839
2838
2837
2836
2835
2847
2844
2843
2842
2840
2912
2913
2915
2916
2917
2918
2920
2922
2923
2924
2925
2926
2928
2931
2932
2935
2934
2937
2936
2941
2940
2943
2882
2883
2881
2886
2887
2884
2885
2890
2891
2888
2889
2894
2892
2893
2899
2898
2897
2896
2902
2901
2900
2907
2906
2905
2911
2910
3285
3286
3287
3281
3292
3293
3294
3295
3288
3289
3290
3316
3317
3314
3315
3312
3313
3327
3325
3322
3323
3320
3321
3303
3302
3301
3300
3298
3297
3311
3310
3309
3307
3306
3305
3527
3526
3525
3524
3523
3522
3520
3535
3534
3532
3531
3530
3529
3528
3536
3537
3457
3456
3463
3462
3461
3460
3466
3465
3464
3471
3470
3468
3474
3475
3472
3473
3479
3482
3480
3481
3486
3487
3484
3485
3489
3491
3493
3492
3495
3497
3500
3503
3504
3506
3507
3508
3509
3510
3511
3512
3513
3514
3515
3516
3517
3519
3406
3407
3404
3402
3403
3400
3401
3398
3394
3395
3392
3393
3423
3422
3421
3418
3417
3415
3412
3411
3410
3409
3436
3437
3438
3432
3433
3434
3428
3429
3430
3424
3425
3427
3452
3455
3454
3449
3448
3451
3445
3444
3447
3446
3441
3440
3443
3442
3338
3339
3337
3343
3340
3341
3330
3331
3328
3329
3334
3335
3354
3352
3359
3358
3357
3347
3346
3344
3351
3350
3349
3368
3370
3372
3373
3374
3375
3360
3361
3362
3363
3366
3367
3385
3384
3387
3386
3389
3388
3391
3377
3376
3379
3381
3383
3382
