958
949
942
936
932
935
931
911
904
901
1019
1021
1023
1008
1010
1015
1001
1003
994
996
990
982
1102
1099
1093
1116
1115
1106
1128
1125
1123
1151
1149
1147
1141
1136
1033
1034
1037
1026
1027
1051
1054
1040
1042
1047
1067
1070
1059
1056
1061
1221
1225
1235
1246
1247
1240
1241
1271
1278
1153
1154
1167
1175
1177
1181
1185
1200
1210
1211
1405
1407
1402
1305
1311
1296
1301
1300
1286
1284
1323
1315
1316
1318
1494
1493
1491
1498
1496
1477
1487
1485
1523
1509
1511
1505
1412
1419
1423
1460
1470
1441
1440
1448
1452
1551
1542
1557
1556
1555
1769
1775
1779
1782
1788
1729
1732
1739
1742
1746
1748
1704
1717
1714
1724
1687
1692
1689
1917
1918
1887
1884
1875
1879
1866
1868
1859
1848
1850
1837
1834
1825
1826
1820
1819
1817
1800
1794
2040
2017
2021
2020
2022
2001
2006
2008
2013
1987
1986
1990
1989
1992
1973
1975
1971
1981
1976
1959
1955
1954
1965
1961
1943
1933
1928
2206
2194
2185
2184
2186
2188
2179
2232
2237
2210
2209
2271
2262
2257
2253
2245
2244
2243
2242
2295
2284
2280
2272
2051
2053
2058
2061
2128
2140
2119
2127
2166
2164
2163
2173
2145
2810
2802
2806
2795
2791
2776
2778
2779
2781
2761
2762
2765
2764
2767
2766
2759
2616
2675
2678
2677
2682
2685
2657
2640
2645
2644
2647
2649
2626
2630
2631
2991
2990
2980
2959
2957
2947
2945
2970
2960
2961
3051
3044
3065
3058
3060
3016
3014
3039
3030
3028
3029
2852
2849
2860
2862
2856
2864
2867
2818
2825
2839
2847
2843
2917
2923
2926
2935
2938
2941
2888
2894
2892
2903
2911
3287
3283
3316
3315
3313
3324
3311
3306
3305
3520
3535
3462
3460
3465
3479
3480
3481
3484
3493
3501
3505
3513
3515
3407
3397
3395
3422
3417
3430
3424
3425
3427
3455
3454
3446
3443
3442
3338
3335
3353
3352
3357
3346
3370
3363
3385
3377
3379
3380
3382
