956
958
952
953
954
955
948
950
951
944
945
946
947
943
942
939
933
932
935
934
929
928
931
930
926
927
924
925
922
918
919
916
917
915
912
911
910
909
908
907
906
905
904
903
902
900
1016
1017
1018
1019
1020
1021
1022
1023
1009
1010
1011
1012
1013
1014
1001
1000
1003
1002
1005
1004
1007
1006
992
995
994
997
996
986
987
990
991
989
978
979
976
983
980
981
971
968
975
974
973
972
963
962
960
967
966
965
964
1101
1102
1097
1098
1099
1092
1093
1094
1095
1088
1089
1090
1117
1116
1119
1118
1113
1115
1114
1109
1111
1110
1105
1104
1106
1134
1135
1132
1133
1130
1131
1128
1129
1126
1127
1124
1125
1122
1120
1121
1151
1150
1148
1147
1146
1145
1144
1143
1141
1140
1138
1137
1032
1033
1034
1035
1036
1037
1039
1024
1025
1027
1028
1029
1031
1049
1048
1051
1050
1052
1055
1054
1041
1043
1042
1045
1044
1047
1046
1067
1064
1065
1071
1068
1069
1059
1057
1063
1060
1061
1083
1082
1081
1080
1087
1086
1075
1074
1073
1072
1079
1077
1221
1222
1217
1216
1218
1231
1225
1227
1237
1239
1232
1234
1244
1247
1240
1241
1242
1250
1248
1270
1271
1279
1276
1277
1274
1275
1272
1273
1152
1155
1154
1156
1159
1161
1160
1163
1162
1166
1168
1169
1170
1171
1172
1173
1174
1177
1178
1179
1180
1181
1182
1183
1187
1186
1185
1184
1191
1190
1189
1188
1193
1198
1197
1196
1202
1203
1200
1206
1207
1205
1211
1208
1209
1215
1213
1404
1407
1406
1401
1400
1403
1402
1306
1305
1304
1311
1310
1299
1298
1297
1296
1303
1301
1300
1290
1291
1288
1289
1294
1292
1282
1283
1280
1281
1286
1287
1284
1285
1321
1322
1323
1312
1313
1315
1317
1319
1494
1495
1492
1490
1491
1488
1489
1502
1503
1500
1501
1496
1497
1479
1477
1475
1474
1473
1472
1484
1483
1482
1481
1480
1524
1525
1526
1527
1520
1521
1522
1523
1535
1528
1529
1530
1531
1509
1508
1510
1505
1507
1517
1516
1519
1518
1513
1512
1514
1426
1427
1424
1425
1430
1431
1428
1429
1433
1438
1436
1437
1411
1410
1409
1408
1415
1414
1413
1412
1419
1418
1417
1416
1423
1422
1421
1420
1456
1457
1458
1461
1462
1464
1466
1467
1470
1471
1441
1440
1443
1442
1445
1444
1447
1449
1448
1450
1453
1452
1454
1548
1549
1550
1551
1544
1545
1546
1547
1540
1541
1536
1537
1538
1539
1553
1552
1555
1554
1761
1760
1767
1766
1765
1764
1771
1770
1769
1768
1775
1773
1772
1779
1776
1777
1782
1783
1781
1786
1790
1791
1789
1731
1730
1733
1732
1734
1737
1736
1739
1738
1741
1743
1744
1745
1747
1748
1749
1751
1752
1753
1756
1757
1758
1759
1703
1702
1701
1700
1697
1711
1710
1707
1706
1705
1704
1718
1719
1716
1717
1714
1715
1712
1727
1724
1725
1722
1720
1721
1677
1676
1679
1678
1673
1672
1675
1674
1684
1685
1686
1687
1680
1681
1682
1683
1693
1695
1688
1689
1691
1913
1912
1915
1917
1919
1918
1904
1906
1909
1908
1911
1910
1883
1882
1881
1887
1886
1885
1872
1878
1877
1870
1868
1869
1858
1859
1856
1862
1860
1854
1848
1851
1850
1845
1847
1846
1841
1840
1836
1837
1839
1834
1828
1829
1830
1826
1827
1823
1822
1820
1819
1818
1817
1815
1813
1812
1808
1806
1804
1805
1802
1803
1800
1801
1798
1797
1794
1792
1793
2032
2035
2036
2038
2039
2040
2042
2044
2046
2047
2017
2019
2018
2021
2020
2022
2025
2024
2027
2026
2028
2031
2030
2002
2003
2000
2009
2014
2015
2012
2013
1987
1986
1984
1990
1989
1988
1995
1992
1999
1998
1997
1996
1972
1973
1975
1970
1971
1980
1981
1982
1983
1976
1978
1957
1956
1959
1958
1953
1955
1954
1965
1964
1967
1966
1961
1962
1942
1943
1940
1941
1938
1939
1937
1950
1951
1948
1949
1947
1944
1926
1924
1923
1922
1921
1920
1935
1933
1932
1931
1930
1929
1928
2200
2201
2203
2205
2206
2207
2192
2193
2194
2195
2196
2197
2198
2199
2185
2184
2187
2189
2188
2191
2190
2179
2181
2180
2182
2234
2232
2233
2238
2239
2237
2226
2227
2225
2230
2231
2228
2229
2219
2217
2216
2222
2211
2210
2209
2208
2213
2212
2268
2269
2270
2271
2264
2265
2261
2262
2263
2256
2258
2259
2253
2252
2255
2254
2249
2248
2251
2245
2247
2246
2241
2240
2243
2242
2302
2300
2301
2298
2299
2296
2294
2295
2292
2293
2290
2288
2289
2286
2285
2283
2281
2280
2279
2276
2275
2274
2272
2064
2067
2066
2069
2068
2071
2070
2073
2072
2077
2079
2048
2049
2050
2051
2053
2054
2055
2058
2059
2060
2062
2063
2106
2104
2111
2110
2109
2082
2081
2133
2132
2135
2134
2128
2131
2130
2141
2140
2143
2142
2137
2136
2139
2116
2117
2118
2119
2115
2124
2125
2127
2120
2121
2122
2123
2167
2166
2165
2164
2163
2162
2161
2175
2172
2171
2170
2168
2150
2151
2148
2149
2145
2158
2159
2156
2157
2155
2153
2811
2808
2809
2815
2812
2802
2800
2801
2807
2804
2805
2794
2793
2799
2798
2797
2796
2787
2786
2784
2790
2789
2788
2776
2777
2778
2779
2780
2783
2768
2770
2771
2772
2773
2774
2761
2760
2762
2764
2767
2755
2757
2756
2759
2758
2613
2612
2610
2609
2623
2622
2620
2619
2675
2673
2672
2679
2678
2677
2676
2683
2681
2680
2687
2684
2658
2659
2662
2663
2661
2667
2664
2665
2670
2671
2669
2641
2640
2643
2642
2645
2644
2647
2646
2649
2648
2653
2652
2655
2624
2625
2626
2627
2628
2629
2631
2632
2633
2634
2635
2636
2637
2639
2989
2991
2990
2985
2984
2987
2981
2980
2983
2982
2977
2976
2979
2978
3001
3002
2996
2999
2992
2993
2994
2959
2958
2957
2953
2952
2950
2947
2944
2974
2975
2972
2973
2970
2971
2968
2969
2966
2967
2965
2962
2963
2960
2961
3049
3048
3051
3055
3040
3043
3044
3064
3065
3066
3056
3058
3059
3060
3062
3063
3019
3018
3017
3016
3022
3021
3020
3011
3009
3015
3014
3012
3034
3035
3032
3033
3039
3036
3037
3025
3030
3031
3028
3029
2852
2854
2855
2848
2849
2851
2860
2861
2862
2863
2856
2857
2859
2869
2871
2870
2865
2864
2867
2866
2877
2876
2879
2873
2875
2874
2822
2823
2820
2821
2818
2819
2817
2828
2829
2826
2827
2824
2825
2839
2838
2837
2836
2834
2832
2847
2846
2845
2843
2842
2841
2912
2913
2915
2918
2919
2920
2921
2924
2927
2929
2928
2933
2932
2934
2937
2936
2941
2940
2943
2882
2883
2880
2886
2887
2890
2888
2894
2892
2893
2899
2898
2896
2902
2901
2900
2907
2906
2904
2911
2910
3284
3285
3286
3287
3281
3292
3293
3294
3295
3288
3289
3290
3291
3318
3314
3315
3312
3313
3325
3322
3323
3303
3302
3300
3299
3298
3297
3296
3311
3309
3307
3306
3304
3527
3525
3524
3523
3522
3521
3535
3533
3531
3530
3529
3459
3458
3456
3463
3462
3461
3460
3465
3471
3468
3475
3472
3473
3478
3477
3482
3483
3480
3481
3486
3487
3484
3485
3488
3490
3493
3492
3495
3494
3496
3499
3498
3500
3503
3502
3504
3505
3506
3507
3509
3510
3512
3513
3514
3515
3516
3518
3406
3407
3404
3405
3402
3400
3401
3398
3399
3396
3397
3394
3395
3392
3393
3423
3422
3419
3418
3417
3416
3415
3412
3410
3409
3408
3437
3438
3432
3433
3435
3428
3431
3424
3425
3427
3455
3449
3448
3451
3445
3447
3440
3443
3338
3339
3336
3337
3343
3341
3328
3329
3334
3333
3354
3353
3352
3359
3358
3357
3347
3346
3345
3344
3351
3349
3348
3369
3374
3375
3360
3361
3362
3364
3366
3367
3384
3387
3386
3389
3388
3390
3377
3379
3381
3380
3383
3382
