955
945
946
940
939
938
933
932
925
920
910
904
899
898
1009
1000
996
986
987
990
976
982
975
973
1100
1088
1115
1111
1110
1105
1106
1131
1120
1139
1138
1025
1029
1050
1046
1058
1056
1057
1082
1087
1074
1217
1218
1229
1236
1245
1241
1274
1152
1155
1161
1173
1187
1186
1200
1208
1405
1399
1304
1308
1301
1289
1295
1293
1283
1287
1284
1323
1496
1476
1473
1487
1525
1527
1523
1531
1509
1510
1507
1517
1516
1519
1512
1514
1435
1432
1437
1410
1416
1457
1462
1463
1440
1447
1448
1454
1547
1540
1538
1539
1554
1761
1768
1779
1787
1733
1732
1742
1745
1749
1753
1698
1696
1710
1705
1719
1716
1715
1712
1679
1673
1692
1913
1912
1906
1883
1880
1875
1871
1858
1851
1847
1841
1837
1834
1828
1827
1820
1818
1817
1811
1808
1805
2035
2018
2029
2008
1984
1973
1981
1978
1979
1956
1966
1961
1950
1926
1924
2201
2203
2204
2192
2184
2187
2186
2181
2183
2234
2238
2226
2230
2209
2269
2270
2265
2263
2254
2247
2300
2301
2294
2290
2286
2285
2284
2280
2064
2067
2070
2073
2072
2075
2054
2060
2107
2134
2130
2140
2118
2113
2164
2163
2171
2150
2144
2157
2810
2812
2804
2797
2796
2790
2782
2772
2755
2757
2756
2615
2619
2616
2680
2687
2686
2659
2664
2671
2640
2647
2653
2629
2633
2635
2637
2984
2981
2977
2976
3000
2958
2946
2970
2965
3051
3041
3044
3047
3046
3065
3056
3061
3017
3022
3008
3032
3033
3037
2852
2854
2860
2861
2863
2856
2857
2871
2867
2872
2874
2821
2824
2838
2843
2917
2919
2923
2925
2933
2937
2940
2898
2906
2910
3287
3281
3283
3292
3293
3291
3324
3321
3302
3300
3527
3530
3529
3536
3463
3462
3461
3464
3471
3475
3488
3491
3494
3506
3507
3509
3404
3402
3403
3397
3392
3393
3421
3419
3418
3416
3415
3408
3430
3427
3442
3338
3339
3340
3357
3345
3369
3370
3372
3360
3362
3363
3388
3376
3378
3382
