948
942
935
929
930
926
922
923
920
919
912
904
900
899
1019
1009
1010
1012
1007
976
981
972
961
966
965
1100
1089
1091
1118
1115
1109
1135
1133
1129
1150
1038
1030
1041
1042
1045
1066
1070
1069
1056
1081
1072
1222
1228
1230
1236
1239
1245
1247
1249
1277
1157
1160
1165
1173
1179
1180
1181
1184
1190
1194
1193
1196
1202
1203
1204
1304
1310
1309
1299
1297
1303
1300
1290
1289
1295
1281
1287
1312
1316
1318
1319
1492
1488
1524
1535
1510
1426
1430
1432
1414
1422
1462
1443
1444
1450
1549
1538
1768
1779
1780
1781
1789
1738
1742
1746
1753
1756
1758
1709
1719
1716
1725
1720
1679
1678
1674
1681
1913
1915
1882
1880
1887
1872
1877
1866
1865
1871
1847
1841
1840
1837
1830
1822
1821
1820
1818
1815
1810
1809
1806
1804
1800
1799
2033
2044
2017
2021
2025
2003
2001
2010
1998
1970
1981
1983
1957
1954
1943
1941
1950
1925
1923
1921
1932
1931
1929
2200
2199
2186
2181
2182
2235
2236
2221
2210
2208
2215
2270
2266
2267
2256
2249
2250
2240
2242
2300
2297
2288
2286
2277
2272
2067
2066
2070
2051
2055
2062
2110
2109
2083
2080
2084
2135
2128
2112
2170
2148
2149
2157
2809
2812
2801
2798
2788
2781
2765
2757
2615
2613
2623
2622
2672
2687
2686
2685
2662
2664
2670
2668
2643
2645
2655
2626
2627
2628
2630
2637
2639
2986
2977
3001
2999
2992
2993
2994
2958
2952
2946
2971
2966
2963
2961
3052
3043
3042
3047
3066
3056
3058
3021
3020
3013
3035
3033
3038
3024
3025
3031
2853
2855
2860
2861
2857
2869
2872
2831
2826
2824
2922
2924
2933
2932
2935
2884
2888
2889
2895
2892
2898
2901
2905
2911
3281
3289
3317
3320
3299
3297
3304
3523
3522
3459
3470
3472
3478
3482
3481
3490
3493
3495
3499
3506
3509
3512
3514
3516
3519
3407
3400
3399
3396
3417
3434
3428
3430
3424
3425
3453
3451
3338
3335
3357
3346
3351
3349
3348
3369
3374
3362
3363
3365
3366
3367
3388
3376
