953
951
940
943
932
934
923
917
912
910
906
899
1020
1021
1011
1014
1001
1000
1003
1005
997
987
990
991
988
979
961
967
964
1093
1117
1111
1131
1127
1121
1148
1147
1146
1139
1136
1033
1037
1049
1055
1041
1043
1042
1044
1065
1060
1081
1087
1084
1076
1219
1226
1239
1233
1246
1249
1276
1272
1154
1157
1156
1161
1163
1167
1166
1168
1183
1187
1185
1191
1190
1194
1193
1196
1205
1209
1214
1212
1399
1304
1311
1296
1303
1290
1323
1318
1319
1503
1498
1478
1475
1487
1483
1480
1532
1535
1528
1505
1513
1429
1436
1422
1460
1466
1468
1442
1448
1451
1545
1547
1761
1764
1770
1779
1785
1729
1731
1741
1743
1742
1745
1746
1700
1718
1727
1720
1679
1681
1692
1913
1881
1887
1878
1866
1865
1870
1862
1854
1846
1840
1825
1822
1819
1815
1805
1796
2032
2017
2022
2026
2029
2028
2031
2007
1988
1999
1997
1996
1972
1969
1970
1976
1956
1966
1942
1951
1945
1933
1932
2203
2206
2198
2199
2188
2190
2235
2227
2211
2209
2208
2267
2249
2248
2303
2294
2292
2284
2075
2077
2078
2051
2052
2054
2055
2106
2082
2083
2081
2136
2139
2114
2173
2172
2171
2168
2147
2145
2811
2809
2812
2800
2804
2786
2789
2776
2779
2780
2782
2770
2775
2754
2757
2615
2610
2667
2670
2669
2655
2625
2626
2628
2630
2631
2633
2635
2979
3006
3000
3001
2996
2995
2952
2944
3048
3050
3045
3058
3059
3062
3018
3016
3039
3026
2852
2854
2855
2849
2861
2862
2869
2834
2843
2921
2923
2925
2928
2932
2880
2881
2895
2903
2904
2910
3284
3295
3290
3317
3314
3313
3325
3320
3301
3309
3458
3463
3482
3485
3488
3494
3496
3500
3504
3505
3518
3519
3404
3400
3401
3397
3422
3421
3409
3448
3451
3338
3368
3360
3367
