954
949
951
947
937
936
939
938
935
930
911
909
907
903
902
1016
1017
1010
1005
1007
1006
997
999
998
989
978
966
1100
1101
1097
1094
1114
1109
1110
1107
1133
1129
1126
1124
1123
1148
1144
1141
1140
1026
1030
1064
1070
1059
1056
1085
1073
1079
1221
1222
1216
1230
1224
1226
1234
1242
1249
1278
1277
1275
1273
1161
1163
1177
1190
1197
1202
1201
1205
1210
1215
1404
1401
1400
1310
1309
1297
1296
1291
1289
1283
1321
1495
1500
1473
1486
1485
1482
1481
1524
1535
1530
1510
1504
1519
1427
1429
1409
1408
1414
1419
1417
1458
1462
1469
1440
1444
1455
1550
1545
1540
1555
1554
1763
1760
1782
1786
1784
1785
1790
1729
1732
1734
1743
1745
1746
1757
1703
1702
1709
1719
1713
1727
1720
1721
1677
1678
1684
1685
1686
1691
1902
1874
1872
1858
1859
1863
1860
1855
1834
1819
1818
1817
1806
1804
1805
1800
1793
2034
2039
2043
2047
2023
2014
1986
1985
1995
1992
1972
1973
1975
1980
1982
1956
1942
1941
1939
1950
1947
1926
1923
2207
2193
2186
2183
2235
2232
2237
2227
2229
2217
2222
2211
2214
2269
2265
2255
2302
2299
2295
2293
2288
2286
2282
2277
2274
2064
2066
2069
2070
2048
2052
2058
2059
2060
2133
2112
2124
2125
2166
2164
2163
2161
2175
2171
2815
2812
2797
2796
2786
2777
2779
2782
2773
2760
2762
2767
2613
2620
2663
2660
2666
2667
2670
2641
2644
2646
2649
2627
2628
2629
2634
2989
2991
2980
2979
2995
2953
2946
2974
2970
2966
2965
2960
3049
3050
3065
3066
3060
3061
3063
3018
3017
3011
3036
3027
2850
2869
2877
2823
2821
2826
2832
2847
2920
2924
2925
2928
2932
2937
2936
2881
2890
2888
2895
2905
2904
3294
3295
3289
3323
3299
3304
3526
3523
3533
3529
3536
3458
3456
3475
3478
3479
3483
3484
3495
3497
3507
3510
3407
3399
3396
3418
3410
3427
3449
3445
3337
3357
3350
3375
3384
3388
3376
3379
3381
