949
944
940
942
937
932
931
915
1016
1003
1004
985
970
963
1096
1093
1095
1113
1114
1108
1110
1130
1129
1121
1150
1148
1144
1136
1033
1039
1027
1053
1052
1043
1042
1045
1058
1059
1063
1061
1083
1080
1087
1086
1085
1076
1221
1216
1225
1226
1232
1245
1248
1274
1153
1152
1155
1157
1156
1173
1177
1179
1202
1203
1205
1211
1208
1310
1302
1290
1288
1289
1283
1313
1319
1493
1489
1503
1500
1479
1487
1482
1480
1524
1534
1530
1508
1504
1507
1516
1512
1424
1430
1437
1416
1422
1463
1465
1470
1441
1443
1442
1452
1550
1551
1544
1540
1539
1556
1553
1765
1782
1787
1791
1788
1730
1733
1732
1737
1742
1749
1757
1758
1697
1705
1704
1719
1720
1677
1672
1684
1681
1915
1914
1903
1883
1882
1886
1872
1840
1830
1822
1810
1800
1797
2039
2043
2044
2022
2027
2029
2028
2003
2006
2007
2014
2015
1987
1985
1990
1998
1971
1982
1976
1956
1965
1962
1940
1948
1949
1925
1924
1922
2207
2193
2194
2198
2236
2226
2227
2216
2262
2263
2256
2257
2253
2250
2246
2302
2289
2283
2279
2064
2067
2071
2079
2048
2051
2105
2104
2082
2083
2141
2142
2116
2114
2124
2125
2162
2172
2169
2145
2158
2154
2802
2786
2784
2783
2768
2771
2760
2765
2754
2759
2758
2613
2610
2609
2616
2672
2683
2686
2662
2671
2654
2626
2629
2631
2985
2982
3002
2996
2999
2994
2958
2968
2969
2967
2963
2960
3051
3050
3055
3047
3058
3059
3018
3016
3023
3010
3014
3013
3032
3038
3039
3027
3025
3028
2851
2862
2863
2870
2821
2834
2833
2832
2846
2845
2841
2921
2927
2929
2933
2939
2938
2880
2903
2904
3283
3291
3318
3324
3296
3304
3533
3459
3458
3478
3477
3488
3490
3494
3496
3499
3498
3501
3518
3405
3399
3396
3397
3419
3416
3408
3435
3431
3453
3450
3336
3342
3333
3353
3345
3348
3369
3364
3365
3390
3378
3380
