956
954
949
946
936
938
934
929
924
923
920
919
911
900
898
1007
1006
993
996
987
984
990
979
982
981
973
967
964
1100
1097
1094
1095
1088
1118
1132
1128
1122
1148
1136
1033
1026
1029
1048
1064
1083
1081
1086
1075
1076
1217
1229
1230
1237
1232
1247
1249
1271
1276
1164
1167
1171
1189
1195
1194
1193
1198
1197
1200
1206
1205
1209
1405
1404
1399
1305
1311
1299
1301
1286
1287
1478
1482
1480
1526
1532
1533
1528
1531
1504
1516
1518
1424
1414
1413
1412
1422
1440
1548
1546
1536
1537
1538
1770
1768
1772
1782
1785
1789
1702
1697
1709
1717
1724
1722
1677
1686
1681
1682
1692
1913
1918
1879
1877
1852
1855
1851
1829
1831
1827
1823
1820
1819
1810
1808
1804
1800
1797
2032
2040
2042
2017
2022
2024
2011
2015
2012
2013
1987
1990
1978
1955
1954
1961
1951
1927
1922
1931
2200
2207
2193
2181
2234
2238
2229
2217
2221
2211
2213
2266
2260
2262
2255
2250
2240
2303
2294
2283
2282
2276
2067
2075
2050
2059
2107
2106
2104
2110
2080
2084
2135
2136
2123
2163
2175
2171
2170
2169
2144
2159
2810
2813
2807
2792
2796
2790
2768
2770
2772
2757
2759
2620
2672
2681
2657
2630
2634
2637
2639
2991
2984
2986
2980
3002
2957
2951
2945
2944
2972
2970
3049
3055
3041
3058
3061
3018
3022
3011
3015
3013
3024
2852
2848
2849
2861
2859
2870
2818
2819
2824
2838
2835
2834
2832
2842
2912
2916
2922
2925
2926
2928
2935
2940
2943
2894
2903
2911
3286
3295
3317
3322
3310
3523
3457
3466
3470
3468
3473
3477
3484
3485
3513
3519
3406
3401
3398
3434
3424
3452
3449
3447
3441
3442
3338
3339
3342
3343
3334
3354
3344
3350
3362
3363
3364
3365
3367
3386
3388
3378
3380
