956
958
952
953
954
955
949
950
951
944
945
946
947
940
943
937
936
939
938
933
932
934
928
931
927
924
925
918
916
917
915
911
910
909
908
907
906
903
902
901
898
1016
1017
1018
1020
1021
1022
1023
1008
1011
1013
1014
1015
1001
1000
1003
1002
1005
1004
1006
995
994
997
996
999
998
986
987
984
985
990
991
988
989
978
979
982
983
980
971
970
968
975
974
973
963
962
960
967
964
1101
1102
1103
1096
1097
1098
1099
1092
1093
1094
1095
1090
1117
1116
1119
1113
1112
1114
1108
1111
1110
1105
1107
1106
1134
1132
1130
1131
1128
1126
1127
1124
1125
1122
1123
1120
1121
1151
1149
1148
1147
1146
1145
1144
1143
1142
1141
1140
1139
1138
1136
1033
1034
1035
1036
1037
1039
1024
1025
1026
1027
1028
1029
1031
1049
1048
1051
1050
1053
1052
1055
1054
1040
1043
1044
1047
1046
1067
1064
1065
1071
1058
1059
1057
1063
1060
1083
1082
1080
1087
1086
1085
1084
1075
1074
1073
1079
1078
1077
1076
1221
1220
1223
1217
1219
1218
1229
1231
1225
1224
1227
1226
1237
1238
1232
1233
1235
1244
1246
1240
1241
1242
1243
1250
1248
1270
1271
1278
1279
1276
1274
1275
1272
1273
1153
1152
1155
1154
1156
1159
1158
1161
1163
1162
1164
1167
1168
1169
1170
1171
1174
1175
1176
1177
1178
1182
1183
1187
1186
1185
1191
1189
1188
1195
1199
1198
1197
1200
1201
1206
1207
1205
1210
1211
1208
1214
1215
1212
1213
1405
1404
1407
1406
1401
1400
1402
1399
1306
1305
1311
1308
1298
1296
1302
1301
1291
1288
1294
1292
1293
1282
1283
1280
1286
1284
1285
1320
1322
1323
1313
1314
1315
1317
1494
1495
1493
1491
1489
1502
1503
1500
1501
1498
1499
1497
1479
1478
1477
1476
1475
1474
1473
1472
1487
1486
1485
1484
1483
1482
1481
1480
1525
1526
1527
1520
1521
1522
1523
1532
1533
1534
1528
1529
1530
1531
1509
1508
1511
1505
1507
1506
1517
1516
1519
1518
1513
1512
1514
1427
1424
1425
1431
1428
1429
1434
1435
1433
1438
1439
1436
1437
1411
1410
1409
1415
1413
1412
1418
1417
1416
1423
1421
1420
1456
1457
1458
1459
1461
1463
1464
1465
1466
1467
1468
1469
1470
1471
1441
1442
1445
1447
1446
1449
1448
1451
1453
1452
1455
1454
1548
1550
1551
1545
1546
1547
1540
1542
1543
1536
1539
1557
1556
1552
1555
1554
1763
1762
1761
1767
1766
1765
1764
1771
1770
1775
1773
1772
1776
1777
1782
1783
1786
1787
1784
1785
1791
1788
1729
1731
1730
1733
1732
1735
1737
1736
1739
1741
1740
1743
1744
1745
1747
1748
1749
1750
1751
1752
1757
1759
1703
1702
1701
1700
1699
1698
1697
1696
1711
1710
1708
1707
1706
1705
1704
1718
1717
1714
1712
1713
1726
1727
1724
1722
1721
1677
1676
1673
1672
1675
1684
1685
1686
1687
1680
1683
1692
1693
1694
1695
1688
1690
1691
1912
1914
1917
1919
1918
1904
1907
1906
1909
1908
1911
1910
1902
1903
1883
1881
1885
1884
1875
1874
1879
1878
1876
1864
1870
1868
1869
1858
1859
1856
1857
1862
1863
1860
1852
1855
1854
1848
1851
1850
1845
1846
1836
1838
1839
1833
1834
1835
1828
1829
1831
1824
1825
1826
1827
1823
1819
1817
1816
1813
1812
1811
1808
1805
1802
1803
1801
1798
1796
1797
1794
1795
1792
1793
2032
2034
2035
2036
2037
2038
2039
2040
2042
2043
2045
2046
2047
2019
2018
2020
2023
2022
2024
2027
2026
2029
2028
2031
2030
2002
2000
2006
2007
2011
2008
2009
2014
2015
2012
2013
1987
1986
1985
1984
1990
1989
1988
1995
1992
1999
1997
1996
1972
1973
1975
1969
1971
1980
1982
1976
1978
1979
1956
1959
1958
1953
1955
1965
1964
1967
1966
1961
1963
1962
1942
1940
1938
1939
1936
1937
1951
1948
1949
1947
1944
1945
1927
1926
1924
1922
1920
1935
1934
1933
1930
1928
2201
2202
2203
2204
2205
2206
2207
2192
2193
2194
2195
2196
2197
2198
2185
2184
2187
2189
2188
2191
2190
2179
2178
2180
2183
2234
2232
2233
2238
2239
2237
2226
2227
2224
2225
2230
2231
2228
2229
2219
2218
2217
2216
2223
2222
2220
2211
2209
2214
2213
2212
2268
2269
2271
2264
2260
2261
2262
2263
2257
2258
2259
2253
2252
2255
2254
2248
2251
2245
2244
2247
2246
2241
2243
2302
2303
2301
2299
2296
2294
2295
2292
2293
2290
2291
2289
2287
2285
2284
2283
2282
2281
2280
2279
2276
2275
2274
2064
2071
2073
2072
2075
2077
2079
2078
2048
2049
2050
2052
2053
2054
2057
2058
2059
2060
2061
2063
2107
2106
2105
2104
2111
2082
2081
2132
2134
2131
2130
2141
2140
2143
2142
2137
2136
2139
2116
2117
2118
2119
2113
2114
2115
2124
2125
2127
2120
2121
2122
2123
2167
2166
2165
2164
2163
2162
2161
2160
2175
2173
2172
2171
2169
2168
2150
2151
2146
2147
2144
2145
2158
2159
2156
2154
2155
2152
2153
2810
2811
2808
2815
2813
2802
2803
2806
2807
2804
2805
2795
2794
2793
2792
2799
2797
2796
2787
2786
2785
2784
2791
2790
2789
2776
2777
2778
2779
2780
2782
2783
2768
2770
2771
2772
2773
2774
2775
2761
2760
2763
2762
2764
2767
2766
2755
2754
2759
2758
2612
2611
2610
2609
2608
2621
2620
2619
2616
2675
2673
2679
2678
2677
2676
2683
2682
2681
2680
2684
2658
2659
2657
2663
2660
2661
2666
2667
2665
2671
2669
2641
2640
2642
2647
2646
2649
2648
2653
2652
2654
2624
2625
2629
2631
2633
2634
2635
2636
2989
2991
2990
2985
2984
2987
2981
2980
2983
2982
2976
2979
2978
3006
3007
3000
2996
2997
2998
2995
2959
2957
2953
2951
2950
2947
2945
2944
2974
2975
2972
2973
2970
2968
2969
2967
2965
2962
2960
3049
3048
3051
3050
3053
3055
3054
3041
3040
3045
3044
3064
3065
3059
3060
3061
3062
3063
3019
3018
3017
3016
3023
3022
3011
3010
3009
3008
3015
3014
3012
3034
3032
3039
3036
3037
3026
3027
3030
3029
2852
2854
2848
2849
2850
2851
2863
2856
2858
2859
2868
2871
2870
2865
2864
2877
2876
2879
2878
2873
2875
2874
2823
2820
2821
2818
2819
2817
2830
2828
2829
2827
2825
2839
2838
2837
2836
2835
2834
2833
2832
2847
2844
2843
2842
2841
2840
2912
2913
2915
2916
2917
2918
2919
2920
2921
2925
2926
2927
2929
2928
2931
2934
2937
2936
2939
2938
2941
2940
2943
2882
2883
2880
2881
2886
2887
2885
2890
2891
2893
2899
2897
2903
2902
2900
2907
2906
2904
2910
3284
3285
3286
3287
3282
3283
3292
3293
3294
3295
3288
3290
3291
3318
3316
3314
3315
3312
3313
3327
3324
3325
3322
3323
3321
3303
3302
3301
3300
3298
3296
3311
3310
3309
3307
3306
3305
3527
3526
3525
3524
3521
3520
3535
3534
3533
3532
3531
3530
3529
3528
3536
3537
3458
3457
3463
3461
3460
3466
3465
3471
3468
3474
3473
3479
3483
3480
3486
3487
3484
3485
3489
3488
3491
3492
3494
3498
3501
3500
3503
3502
3504
3505
3507
3510
3511
3513
3515
3517
3518
3406
3404
3405
3402
3403
3401
3398
3397
3394
3395
3392
3393
3422
3421
3419
3418
3416
3415
3412
3411
3410
3409
3408
3436
3437
3438
3432
3433
3435
3429
3431
3427
3452
3455
3449
3448
3450
3445
3444
3447
3446
3441
3440
3443
3442
3339
3336
3337
3342
3343
3340
3341
3330
3331
3328
3329
3334
3333
3354
3353
3352
3359
3358
3347
3345
3344
3350
3368
3370
3372
3373
3375
3361
3364
3385
3384
3387
3389
3391
3390
3377
3379
3378
3381
3380
3383
3382
