952
955
948
951
944
947
942
938
934
931
922
920
910
906
905
899
898
1018
1023
1008
1009
1010
1011
1012
1001
1000
1005
1007
997
988
981
968
974
972
966
965
1100
1102
1099
1094
1095
1090
1118
1109
1107
1106
1132
1128
1033
1038
1024
1025
1029
1050
1041
1043
1066
1070
1083
1076
1221
1216
1225
1234
1245
1270
1278
1165
1166
1171
1172
1173
1191
1193
1201
1206
1205
1210
1208
1305
1309
1302
1289
1294
1280
1287
1320
1314
1316
1317
1497
1478
1480
1526
1510
1505
1426
1432
1438
1410
1409
1414
1416
1420
1456
1457
1461
1463
1468
1441
1448
1455
1551
1545
1540
1541
1537
1539
1553
1766
1771
1769
1776
1782
1780
1786
1788
1729
1737
1741
1748
1750
1759
1703
1702
1700
1706
1716
1712
1713
1727
1673
1685
1688
1914
1917
1909
1911
1878
1876
1864
1865
1869
1852
1848
1851
1850
1845
1846
1831
1825
1823
1819
1799
1795
2033
2036
2038
2040
2043
2044
2020
2030
2000
2014
1986
1985
1971
1981
1957
1953
1955
1965
1924
1920
1935
1934
2200
2202
2206
2194
2196
2197
2180
2234
2235
2233
2224
2231
2218
2217
2223
2222
2215
2213
2267
2261
2249
2241
2301
2296
2297
2294
2293
2288
2289
2280
2069
2072
2077
2048
2054
2063
2105
2104
2134
2128
2131
2167
2172
2149
2144
2156
2153
2809
2802
2805
2796
2784
2788
2782
2774
2767
2754
2622
2616
2663
2660
2661
2671
2640
2649
2624
2627
2634
2637
2982
2978
2996
2997
2999
2950
2944
2974
2971
2968
2965
3049
3051
3054
3045
3064
3059
3011
3008
3035
3036
3037
3027
3025
3029
2848
2856
2857
2870
2878
2821
2818
2819
2831
2825
2837
2847
2845
2840
2917
2919
2925
2935
2940
2943
2882
2891
2889
2899
2901
2911
3283
3294
3290
3291
3314
3322
3321
3303
3296
3526
3524
3523
3531
3459
3464
3474
3473
3494
3502
3505
3508
3510
3514
3404
3405
3402
3401
3399
3397
3393
3417
3412
3408
3437
3438
3434
3427
3455
3445
3444
3446
3443
3337
3340
3331
3333
3359
3358
3366
3367
3376
3380
3383
