947
932
935
926
922
917
900
1021
1010
1000
1004
978
976
972
963
1100
1092
1093
1095
1115
1111
1106
1135
1132
1129
1125
1149
1136
1033
1025
1051
1045
1047
1059
1081
1085
1084
1075
1076
1244
1245
1247
1249
1271
1278
1276
1157
1162
1165
1169
1173
1178
1196
1306
1305
1296
1302
1291
1289
1295
1283
1322
1315
1316
1499
1497
1483
1480
1522
1523
1528
1509
1504
1512
1424
1425
1434
1435
1438
1437
1410
1409
1408
1418
1456
1461
1462
1468
1451
1450
1452
1454
1546
1538
1554
1760
1768
1775
1780
1787
1788
1789
1740
1743
1742
1703
1711
1707
1706
1704
1727
1676
1672
1674
1685
1680
1682
1683
1694
1695
1691
1919
1909
1903
1882
1878
1876
1866
1865
1869
1846
1841
1834
1830
1824
1823
1821
1819
1815
1809
1808
1804
1796
2036
2046
2047
2017
2019
2021
2023
2022
2025
2024
2028
2002
2000
2010
2009
2015
2013
1985
1972
1982
1959
1964
1966
1962
1943
1937
1926
1922
1935
1931
2203
2205
2206
2195
2196
2197
2185
2180
2183
2227
2224
2230
2265
2266
2254
2248
2251
2245
2244
2303
2299
2296
2288
2283
2277
2276
2274
2066
2070
2073
2072
2048
2051
2057
2109
2128
2130
2141
2143
2115
2121
2167
2161
2175
2171
2150
2148
2144
2158
2157
2154
2811
2813
2807
2785
2788
2761
2615
2610
2623
2622
2678
2684
2658
2657
2663
2660
2670
2642
2652
2626
2632
2635
2984
2986
3000
2993
3043
3042
3044
3058
3017
3020
3008
3039
3037
3029
2853
2854
2869
2870
2867
2818
2830
2831
2828
2826
2825
2838
2833
2912
2915
2916
2919
2923
2924
2931
2881
2884
2889
2894
2897
2896
2907
3284
3286
3300
3299
3298
3306
3305
3520
3457
3463
3471
3477
3485
3491
3490
3495
3497
3499
3504
3507
3397
3392
3411
3434
3429
3424
3338
3337
3333
3354
3352
3359
3358
3357
3344
3368
3360
3361
3387
3389
3390
