956
958
952
953
954
955
948
951
944
945
946
947
940
942
937
936
939
938
933
932
935
929
928
931
930
927
924
925
922
919
912
910
908
907
906
905
904
903
902
901
900
899
898
1016
1018
1019
1020
1021
1022
1023
1008
1009
1010
1011
1012
1013
1014
1015
1001
1000
1005
1004
1007
992
995
994
997
998
987
984
990
991
988
989
978
979
976
982
980
981
970
968
975
974
973
972
963
962
960
967
966
965
964
1100
1101
1102
1098
1099
1092
1093
1094
1095
1088
1089
1091
1117
1116
1119
1118
1113
1112
1115
1114
1109
1110
1105
1107
1106
1130
1131
1129
1127
1124
1125
1122
1123
1120
1121
1150
1149
1148
1147
1146
1145
1144
1143
1141
1140
1139
1138
1137
1136
1032
1033
1034
1035
1037
1038
1039
1024
1026
1027
1028
1029
1049
1048
1052
1055
1041
1043
1042
1044
1047
1046
1066
1067
1064
1065
1070
1068
1069
1058
1056
1057
1063
1061
1082
1081
1080
1087
1086
1085
1075
1074
1073
1072
1079
1078
1077
1076
1221
1220
1222
1217
1216
1229
1228
1230
1225
1224
1227
1226
1236
1237
1238
1239
1233
1234
1235
1244
1246
1247
1240
1241
1242
1243
1250
1249
1248
1270
1271
1279
1276
1277
1274
1272
1273
1152
1155
1154
1157
1156
1159
1158
1161
1160
1163
1162
1164
1166
1169
1171
1172
1175
1176
1177
1178
1179
1180
1181
1182
1187
1186
1185
1184
1190
1189
1194
1193
1199
1198
1197
1196
1202
1203
1200
1201
1206
1204
1205
1211
1208
1209
1214
1215
1212
1213
1405
1404
1407
1406
1401
1400
1402
1306
1304
1311
1310
1309
1298
1297
1296
1302
1301
1300
1290
1291
1288
1289
1294
1295
1281
1286
1287
1284
1320
1321
1323
1312
1314
1315
1316
1317
1318
1319
1494
1495
1492
1493
1490
1491
1488
1489
1503
1500
1501
1498
1499
1496
1479
1478
1477
1476
1474
1473
1472
1487
1486
1485
1484
1483
1482
1481
1524
1525
1520
1522
1523
1532
1533
1534
1535
1528
1529
1530
1509
1511
1510
1505
1507
1506
1517
1516
1519
1518
1513
1512
1427
1425
1430
1431
1428
1434
1435
1432
1433
1438
1439
1436
1411
1409
1415
1414
1413
1412
1419
1416
1423
1422
1420
1456
1457
1458
1460
1462
1463
1464
1465
1467
1469
1470
1471
1440
1443
1442
1445
1444
1447
1446
1448
1450
1454
1549
1550
1551
1544
1545
1546
1547
1540
1541
1536
1538
1539
1557
1553
1552
1555
1554
1763
1761
1760
1767
1766
1765
1764
1771
1769
1775
1773
1772
1776
1777
1782
1780
1784
1785
1790
1791
1789
1731
1730
1733
1732
1735
1734
1737
1736
1739
1738
1741
1740
1743
1742
1744
1745
1746
1747
1748
1749
1750
1752
1756
1757
1758
1759
1701
1700
1699
1698
1696
1711
1709
1707
1706
1704
1718
1719
1715
1726
1722
1720
1721
1677
1679
1678
1672
1675
1674
1684
1685
1687
1680
1682
1683
1692
1694
1695
1688
1689
1690
1913
1912
1914
1917
1919
1907
1906
1909
1908
1911
1902
1883
1882
1881
1887
1886
1885
1884
1874
1872
1879
1866
1864
1865
1870
1871
1868
1869
1858
1859
1857
1862
1863
1852
1855
1854
1848
1850
1845
1847
1846
1841
1840
1836
1837
1838
1839
1833
1834
1828
1829
1830
1831
1827
1823
1822
1821
1820
1819
1818
1816
1813
1812
1811
1810
1809
1808
1806
1804
1805
1802
1803
1801
1798
1799
1796
1797
1795
1792
2032
2033
2035
2037
2038
2040
2042
2044
2045
2046
2047
2017
2019
2018
2020
2023
2022
2025
2027
2026
2029
2031
2002
2003
2001
2007
2011
2008
2014
2015
2012
1987
1990
1989
1988
1995
1992
1998
1997
1996
1972
1975
1969
1970
1971
1980
1983
1976
1978
1979
1956
1959
1958
1953
1955
1954
1967
1966
1961
1963
1962
1942
1940
1941
1938
1939
1936
1950
1951
1948
1949
1947
1944
1945
1927
1926
1924
1922
1920
1935
1932
1930
1929
1928
2200
2201
2202
2204
2205
2192
2193
2194
2195
2197
2199
2185
2184
2186
2189
2190
2179
2178
2181
2180
2235
2232
2233
2238
2237
2226
2224
2225
2231
2228
2229
2219
2218
2217
2223
2222
2221
2211
2210
2208
2215
2214
2213
2212
2268
2269
2270
2271
2264
2265
2266
2267
2260
2261
2262
2263
2256
2259
2252
2255
2254
2249
2248
2251
2250
2244
2247
2241
2240
2242
2302
2300
2301
2299
2296
2294
2292
2290
2291
2288
2286
2285
2283
2282
2281
2280
2277
2276
2275
2274
2272
2064
2066
2069
2070
2073
2075
2077
2079
2078
2048
2049
2051
2052
2053
2054
2055
2057
2060
2061
2062
2107
2106
2104
2110
2109
2082
2083
2080
2084
2133
2132
2135
2134
2128
2131
2130
2141
2140
2143
2142
2139
2116
2117
2118
2119
2113
2114
2115
2125
2127
2120
2121
2122
2123
2166
2164
2163
2162
2161
2175
2173
2172
2170
2169
2168
2150
2151
2149
2146
2158
2159
2156
2157
2154
2155
2810
2811
2809
2815
2812
2813
2802
2803
2801
2806
2807
2805
2795
2797
2786
2785
2784
2791
2790
2788
2776
2777
2779
2780
2781
2782
2783
2768
2770
2773
2774
2775
2760
2763
2762
2765
2764
2767
2766
2755
2757
2759
2758
2615
2612
2611
2610
2609
2608
2623
2622
2621
2620
2619
2675
2673
2672
2679
2678
2677
2676
2683
2682
2681
2680
2687
2686
2685
2684
2658
2659
2657
2662
2663
2660
2661
2667
2664
2665
2670
2668
2669
2641
2640
2643
2642
2645
2644
2647
2646
2649
2648
2653
2652
2655
2654
2625
2627
2629
2630
2631
2632
2634
2636
2989
2990
2984
2987
2986
2981
2980
2983
2982
2977
2976
2978
3006
3007
3001
3002
2996
2997
2992
2994
2959
2957
2950
2946
2945
2944
2975
2972
2973
2970
2971
2968
2969
2966
2962
2961
3048
3051
3050
3053
3052
3054
3041
3040
3043
3042
3047
3046
3064
3065
3066
3056
3059
3063
3019
3018
3022
3021
3020
3011
3009
3015
3013
3012
3035
3032
3033
3038
3025
3030
3031
2852
2853
2854
2855
2848
2849
2860
2861
2862
2863
2856
2858
2859
2869
2868
2871
2864
2867
2866
2877
2876
2878
2872
2875
2874
2822
2823
2818
2819
2817
2830
2831
2828
2829
2826
2827
2839
2838
2837
2836
2835
2833
2832
2847
2846
2845
2844
2843
2842
2841
2912
2913
2915
2916
2917
2919
2921
2922
2923
2924
2925
2926
2929
2928
2931
2933
2932
2935
2934
2937
2936
2939
2938
2941
2940
2943
2883
2880
2881
2886
2884
2885
2890
2894
2895
2899
2898
2897
2896
2903
2907
2906
2904
2910
3284
3285
3286
3287
3281
3282
3283
3292
3293
3294
3288
3289
3291
3318
3316
3317
3315
3312
3313
3324
3322
3323
3320
3303
3302
3301
3300
3299
3297
3311
3310
3309
3307
3306
3305
3304
3527
3526
3525
3523
3522
3520
3534
3533
3532
3531
3530
3528
3536
3537
3459
3457
3463
3462
3461
3460
3466
3464
3470
3468
3474
3475
3472
3473
3478
3479
3477
3482
3483
3481
3486
3487
3484
3485
3488
3491
3490
3493
3492
3495
3494
3497
3496
3499
3501
3500
3503
3504
3505
3508
3509
3510
3511
3512
3515
3516
3517
3518
3519
3406
3407
3404
3405
3402
3403
3400
3398
3396
3397
3394
3395
3392
3393
3423
3422
3419
3418
3417
3416
3415
3412
3411
3409
3408
3436
3437
3438
3432
3433
3434
3435
3428
3429
3430
3431
3424
3425
3427
3452
3455
3449
3448
3451
3445
3444
3447
3446
3441
3440
3443
3339
3336
3337
3342
3343
3340
3330
3328
3329
3334
3335
3333
3354
3353
3352
3359
3358
3357
3346
3345
3344
3351
3350
3349
3348
3368
3372
3373
3374
3375
3360
3362
3363
3364
3365
3366
3367
3385
3384
3389
3391
3390
3377
3376
3379
3378
3381
3380
3383
