953
951
947
940
937
938
933
935
929
931
924
925
923
919
916
904
901
1018
1022
1000
1003
1004
988
989
983
981
960
967
1102
1103
1099
1092
1095
1116
1119
1133
1130
1123
1120
1149
1136
1032
1034
1030
1064
1070
1058
1056
1074
1073
1076
1222
1228
1232
1248
1270
1279
1272
1153
1169
1172
1173
1175
1178
1179
1180
1182
1187
1190
1196
1405
1403
1298
1301
1282
1283
1287
1284
1285
1323
1316
1317
1494
1495
1492
1488
1502
1474
1533
1528
1506
1517
1516
1514
1426
1424
1413
1416
1420
1459
1460
1464
1467
1447
1450
1551
1545
1540
1543
1538
1539
1556
1762
1761
1769
1768
1775
1776
1780
1785
1729
1731
1730
1737
1736
1743
1702
1700
1717
1712
1713
1727
1721
1684
1680
1682
1692
1691
1908
1910
1880
1879
1864
1868
1859
1852
1854
1833
1830
1822
1821
1820
1819
1815
1808
1805
2039
2043
2044
2045
2019
2022
2029
2011
2008
2014
1986
1996
1976
1966
1961
1940
1936
1951
1945
1921
1929
1928
2200
2185
2184
2188
2181
2183
2232
2238
2239
2230
2219
2217
2216
2222
2221
2208
2270
2264
2267
2258
2247
2246
2243
2291
2274
2066
2075
2052
2106
2082
2080
2081
2084
2135
2134
2121
2170
2149
2158
2801
2787
2786
2789
2788
2778
2779
2773
2765
2764
2758
2676
2661
2666
2642
2648
2655
2624
2626
2631
2633
2635
2636
2991
2983
2979
3006
2997
2999
2957
2945
2974
2973
2970
2960
3050
3042
3064
3065
3058
3012
3038
3039
3028
2848
2862
2863
2858
2879
2823
2838
2836
2916
2917
2918
2922
2934
2938
2941
2940
2880
2888
2911
3293
3294
3295
3318
3315
3313
3321
3302
3298
3311
3526
3535
3456
3475
3472
3491
3495
3505
3510
3518
3401
3398
3397
3412
3437
3425
3453
3449
3446
3441
3443
3442
3336
3340
3341
3345
3363
3365
3366
3388
3391
3378
3380
3383
