958
952
953
954
955
948
949
950
944
946
947
940
942
937
936
939
938
933
935
931
926
927
924
922
918
919
916
917
915
912
911
910
908
906
905
904
903
901
900
899
898
1016
1018
1019
1020
1021
1022
1023
1009
1011
1012
1013
1014
1015
1000
1003
1002
1005
1004
1007
1006
993
992
995
994
997
996
999
998
986
987
984
985
991
988
989
979
976
982
981
971
970
975
974
972
963
962
961
960
967
964
1100
1101
1102
1103
1096
1097
1092
1093
1094
1095
1088
1089
1091
1117
1116
1119
1118
1112
1115
1108
1111
1110
1105
1104
1107
1134
1135
1132
1133
1130
1131
1128
1129
1126
1127
1124
1123
1120
1121
1151
1150
1149
1148
1147
1146
1145
1144
1143
1142
1140
1139
1137
1033
1035
1036
1037
1038
1039
1024
1025
1027
1028
1029
1031
1049
1048
1051
1050
1053
1055
1054
1041
1040
1043
1042
1044
1047
1046
1064
1070
1068
1069
1058
1059
1056
1057
1063
1060
1061
1083
1082
1081
1087
1085
1084
1074
1073
1072
1078
1077
1076
1221
1223
1222
1217
1216
1219
1218
1229
1230
1225
1224
1226
1236
1237
1238
1239
1233
1234
1235
1244
1245
1246
1247
1240
1241
1242
1243
1250
1248
1271
1278
1279
1277
1274
1275
1273
1153
1155
1154
1157
1156
1159
1158
1161
1160
1162
1164
1167
1166
1169
1170
1171
1172
1174
1175
1179
1180
1181
1182
1183
1187
1186
1185
1184
1191
1190
1189
1194
1193
1199
1198
1197
1196
1202
1203
1200
1201
1206
1207
1205
1210
1211
1208
1209
1214
1212
1213
1405
1404
1407
1406
1400
1403
1402
1399
1306
1304
1311
1309
1299
1298
1296
1303
1302
1301
1290
1291
1288
1289
1294
1295
1292
1293
1282
1283
1280
1281
1286
1284
1285
1320
1321
1322
1312
1313
1314
1316
1318
1319
1494
1492
1493
1490
1489
1502
1503
1500
1501
1499
1496
1497
1479
1478
1477
1476
1475
1474
1473
1472
1487
1486
1484
1482
1480
1524
1525
1526
1527
1520
1521
1522
1523
1532
1533
1534
1535
1528
1530
1509
1511
1505
1504
1516
1518
1512
1514
1426
1424
1425
1430
1431
1428
1429
1435
1433
1438
1439
1436
1437
1411
1410
1408
1415
1413
1412
1419
1417
1416
1423
1422
1421
1420
1457
1458
1460
1461
1462
1463
1465
1466
1467
1468
1469
1470
1471
1441
1440
1443
1442
1445
1444
1447
1449
1448
1451
1450
1453
1452
1455
1454
1549
1550
1551
1544
1545
1546
1547
1540
1541
1542
1543
1537
1557
1553
1552
1555
1554
1763
1761
1760
1767
1766
1764
1770
1769
1768
1775
1772
1779
1776
1777
1781
1787
1784
1791
1789
1729
1731
1733
1732
1735
1737
1736
1738
1741
1743
1742
1744
1745
1747
1749
1750
1751
1753
1756
1757
1758
1759
1703
1702
1701
1700
1699
1697
1696
1711
1710
1709
1708
1707
1706
1705
1704
1717
1714
1715
1712
1713
1726
1727
1724
1725
1722
1677
1679
1678
1673
1672
1675
1674
1684
1686
1687
1680
1681
1683
1692
1693
1694
1695
1688
1689
1690
1691
1913
1915
1914
1919
1904
1909
1908
1911
1910
1902
1903
1883
1881
1880
1887
1886
1872
1879
1878
1876
1864
1870
1871
1869
1858
1859
1856
1862
1863
1860
1852
1855
1854
1851
1850
1845
1847
1846
1841
1840
1836
1837
1839
1835
1830
1831
1824
1825
1826
1827
1823
1822
1821
1820
1819
1818
1816
1813
1812
1810
1809
1804
1805
1802
1798
1799
1795
1792
2033
2035
2036
2037
2038
2044
2045
2046
2047
2017
2019
2018
2021
2020
2023
2022
2027
2026
2029
2028
2031
2030
2002
2003
2000
2001
2006
2007
2011
2008
2009
2015
2012
2013
1987
1986
1985
1990
1989
1988
1995
1992
1999
1998
1997
1996
1972
1975
1969
1970
1971
1980
1983
1978
1979
1957
1956
1958
1953
1955
1954
1965
1964
1967
1966
1963
1962
1942
1940
1941
1938
1936
1937
1950
1951
1948
1944
1945
1927
1926
1925
1924
1923
1922
1921
1920
1935
1934
1933
1932
1931
1930
1928
2201
2202
2203
2204
2205
2206
2207
2192
2193
2194
2195
2196
2197
2199
2185
2188
2191
2190
2179
2178
2183
2182
2234
2235
2232
2233
2238
2239
2236
2237
2226
2227
2224
2225
2230
2229
2219
2218
2217
2223
2222
2221
2220
2210
2209
2208
2213
2212
2268
2269
2264
2265
2266
2261
2262
2263
2256
2258
2259
2253
2255
2248
2251
2244
2247
2246
2241
2240
2243
2302
2300
2301
2298
2299
2294
2295
2292
2293
2290
2291
2288
2287
2285
2284
2283
2281
2280
2277
2276
2275
2272
2067
2066
2069
2068
2071
2070
2073
2075
2077
2079
2078
2048
2049
2050
2051
2052
2053
2054
2055
2057
2058
2060
2061
2062
2063
2107
2106
2105
2110
2082
2083
2080
2081
2084
2132
2135
2128
2131
2130
2141
2140
2143
2137
2136
2139
2116
2117
2119
2112
2113
2114
2125
2127
2120
2121
2123
2167
2166
2165
2164
2163
2161
2160
2150
2151
2149
2146
2147
2144
2145
2158
2159
2156
2157
2155
2152
2153
2810
2811
2808
2815
2812
2813
2802
2803
2800
2806
2807
2804
2805
2795
2794
2793
2792
2799
2798
2797
2796
2787
2786
2785
2784
2791
2790
2788
2776
2778
2779
2780
2781
2782
2783
2768
2770
2771
2772
2773
2774
2775
2763
2762
2765
2764
2767
2766
2755
2754
2757
2756
2758
2615
2611
2610
2609
2608
2623
2622
2620
2619
2616
2675
2673
2679
2678
2676
2683
2682
2681
2685
2684
2658
2659
2657
2663
2660
2661
2666
2664
2665
2668
2669
2641
2640
2642
2645
2644
2647
2646
2649
2648
2653
2652
2655
2654
2624
2625
2626
2627
2628
2629
2632
2633
2634
2635
2636
2637
2639
2989
2990
2985
2984
2987
2986
2981
2980
2983
2982
2979
2978
3006
3001
3002
2996
2997
2999
2992
2993
2959
2958
2953
2952
2950
2947
2946
2944
2974
2972
2970
2971
2969
2967
2965
2962
2963
2960
2961
3049
3048
3051
3050
3053
3052
3055
3054
3041
3040
3043
3042
3045
3044
3046
3064
3065
3066
3056
3058
3059
3060
3061
3063
3018
3016
3022
3020
3011
3010
3009
3014
3013
3012
3034
3032
3033
3038
3039
3036
3037
3027
3024
3025
3030
3031
3028
3029
2852
2854
2855
2848
2850
2851
2860
2861
2862
2856
2858
2868
2870
2865
2864
2867
2877
2876
2879
2878
2872
2875
2874
2822
2823
2820
2821
2818
2819
2817
2830
2831
2828
2826
2824
2825
2839
2838
2836
2835
2834
2847
2845
2844
2843
2842
2841
2840
2912
2913
2916
2917
2918
2919
2920
2921
2922
2923
2924
2925
2926
2927
2929
2928
2931
2933
2932
2935
2937
2941
2943
2882
2883
2880
2881
2886
2887
2884
2885
2890
2891
2888
2889
2895
2899
2898
2897
2896
2903
2901
2900
2906
2905
2904
2910
3285
3286
3287
3282
3283
3292
3295
3291
3318
3317
3327
3324
3322
3323
3320
3321
3303
3302
3300
3299
3311
3309
3306
3305
3527
3524
3523
3522
3521
3520
3535
3534
3533
3532
3531
3528
3536
3459
3458
3457
3463
3462
3460
3466
3465
3464
3471
3470
3468
3474
3475
3472
3473
3478
3479
3477
3482
3483
3481
3486
3487
3485
3489
3490
3492
3495
3496
3499
3498
3501
3502
3504
3506
3507
3508
3509
3511
3513
3515
3516
3517
3518
3519
3407
3405
3402
3403
3401
3398
3399
3396
3394
3393
3423
3422
3421
3419
3418
3417
3416
3415
3412
3410
3408
3436
3437
3438
3432
3433
3434
3435
3428
3431
3424
3427
3453
3452
3455
3454
3449
3448
3451
3450
3445
3444
3446
3440
3442
3339
3342
3340
3354
3352
3359
3358
3357
3346
3345
3349
3348
3372
3373
3375
3360
3361
3362
3363
3364
3385
3384
3387
3386
3388
3391
3390
3377
3376
3378
3381
3380
3383
3382
