956
952
953
940
943
936
939
929
931
924
923
908
904
902
1017
1019
1012
1014
1001
1000
993
992
998
986
987
984
985
991
976
968
962
1103
1097
1099
1093
1095
1117
1109
1132
1147
1137
1033
1028
1031
1051
1053
1054
1067
1070
1068
1069
1058
1060
1223
1222
1217
1216
1229
1231
1226
1232
1247
1243
1276
1273
1155
1154
1168
1170
1171
1172
1182
1185
1188
1207
1211
1208
1212
1405
1400
1403
1308
1299
1289
1292
1286
1321
1322
1323
1315
1318
1492
1489
1501
1497
1478
1475
1484
1483
1481
1527
1511
1505
1513
1433
1411
1419
1470
1447
1446
1451
1450
1452
1455
1544
1542
1543
1553
1762
1761
1773
1784
1790
1791
1745
1748
1758
1698
1697
1716
1714
1726
1727
1720
1721
1693
1695
1915
1914
1904
1903
1872
1877
1864
1862
1850
1837
1834
1822
1820
1819
1811
1799
1792
2036
2040
2042
2046
2047
2025
2024
2026
2012
1984
1992
1999
1969
1965
1964
1938
1945
1935
2207
2184
2188
2235
2237
2228
2216
2221
2220
2213
2270
2253
2247
2300
2296
2297
2293
2285
2284
2282
2279
2277
2070
2055
2057
2110
2109
2128
2141
2116
2113
2169
2157
2810
2803
2789
2783
2773
2765
2764
2766
2615
2612
2611
2609
2678
2683
2657
2660
2643
2649
2629
2639
2987
2976
2979
2978
2958
2957
2953
2951
2972
2973
2966
2967
2963
2960
3040
3043
3045
3047
3058
3061
3062
3017
3009
3015
3032
3038
3036
3037
3025
3028
2868
2864
2876
2878
2822
2823
2826
2825
2837
2836
2834
2846
2840
2915
2916
2917
2918
2923
2927
2931
2935
2884
2895
2907
3286
3315
3313
3301
3524
3535
3534
3530
3529
3536
3458
3457
3474
3475
3483
3494
3499
3498
3500
3503
3508
3510
3512
3514
3516
3519
3397
3433
3338
3343
3335
3353
3347
3374
3364
3385
3384
3387
3379
