949
940
936
938
923
920
901
899
898
1008
1015
993
999
998
984
985
988
970
961
1100
1103
1096
1091
1112
1108
1107
1123
1149
1142
1139
1136
1038
1026
1030
1053
1040
1066
1070
1058
1056
1085
1084
1078
1076
1220
1219
1228
1224
1226
1236
1238
1233
1246
1249
1278
1153
1157
1158
1165
1164
1167
1175
1176
1195
1194
1201
1204
1210
1214
1212
1405
1309
1308
1302
1293
1320
1314
1318
1493
1486
1485
1532
1533
1534
1511
1504
1506
1435
1432
1439
1460
1463
1465
1468
1446
1451
1455
1542
1543
1557
1556
1763
1762
1785
1788
1729
1735
1740
1746
1750
1699
1698
1696
1709
1708
1726
1692
1694
1690
1907
1902
1903
1884
1875
1876
1866
1864
1865
1871
1857
1863
1852
1838
1825
1821
1816
1811
1810
1809
1807
1795
2033
2034
2037
2043
2045
2023
2029
2001
2006
2010
1985
1969
1979
1963
1936
1945
1927
1925
1934
2204
2186
2178
2183
2235
2236
2224
2218
2223
2221
2220
2215
2214
2266
2267
2260
2257
2250
2244
2303
2297
2291
2287
2284
2282
2277
2075
2078
2052
2057
2061
2107
2105
2083
2080
2084
2112
2113
2114
2173
2169
2146
2147
2144
2154
2152
2803
2806
2795
2792
2785
2763
2754
2615
2611
2608
2621
2616
2682
2686
2685
2657
2660
2666
2668
2654
2630
2986
3006
3000
2997
2998
2995
2951
2946
3050
3041
3042
3045
3047
3046
3061
3023
3008
3013
3038
3026
3027
3024
2853
2850
2858
2878
2872
2830
2831
2835
2844
2840
2917
2922
2923
2925
2926
2935
2939
2938
2884
2885
2891
2889
2895
3282
3283
3316
3317
3327
3324
3320
3321
3301
3310
3305
3526
3520
3534
3532
3536
3537
3457
3466
3464
3470
3474
3479
3491
3497
3508
3511
3517
3519
3403
3421
3411
3436
3434
3429
3430
3453
3452
3454
3450
3444
3446
3441
3442
3342
3340
3330
3331
3335
3350
3370
3372
3373
3363
3365
3385
3391
