956
958
953
954
955
948
950
951
945
946
943
942
937
936
939
938
933
932
934
929
928
931
930
927
924
925
922
920
918
916
917
915
912
911
910
909
907
905
904
903
902
901
900
898
1016
1017
1019
1020
1021
1023
1008
1009
1011
1013
1014
1015
1001
1002
1005
1004
1007
1006
993
992
994
996
999
998
986
987
984
985
990
991
988
989
979
976
980
981
970
975
973
972
963
962
960
967
966
965
964
1100
1101
1102
1103
1096
1097
1098
1092
1093
1094
1095
1088
1089
1090
1091
1117
1116
1119
1118
1112
1114
1109
1108
1111
1110
1105
1104
1107
1106
1134
1135
1132
1131
1128
1127
1124
1122
1123
1120
1121
1151
1150
1149
1146
1145
1143
1141
1140
1139
1138
1137
1136
1032
1033
1034
1035
1036
1037
1039
1024
1025
1026
1027
1028
1030
1031
1051
1050
1053
1052
1054
1041
1040
1045
1047
1046
1066
1067
1064
1071
1069
1058
1056
1057
1063
1060
1061
1083
1082
1080
1087
1086
1085
1075
1074
1073
1078
1077
1076
1220
1223
1222
1217
1216
1219
1218
1229
1228
1231
1225
1224
1227
1226
1236
1237
1238
1239
1232
1234
1235
1245
1246
1247
1240
1241
1242
1250
1249
1248
1270
1271
1278
1276
1277
1274
1275
1272
1153
1152
1155
1154
1157
1156
1158
1161
1162
1165
1167
1166
1168
1169
1170
1171
1172
1173
1175
1176
1177
1178
1179
1181
1187
1186
1185
1184
1191
1190
1188
1195
1193
1199
1197
1196
1202
1203
1207
1205
1208
1209
1215
1212
1213
1405
1406
1400
1403
1402
1399
1306
1305
1310
1309
1308
1299
1297
1300
1290
1291
1288
1295
1292
1282
1281
1287
1285
1320
1321
1322
1316
1319
1492
1493
1490
1491
1488
1489
1502
1503
1500
1501
1498
1499
1497
1478
1477
1476
1474
1472
1487
1485
1484
1483
1480
1524
1525
1526
1527
1520
1532
1533
1534
1535
1528
1529
1530
1531
1508
1511
1510
1504
1507
1506
1516
1519
1518
1427
1424
1425
1431
1428
1429
1434
1432
1438
1439
1436
1437
1411
1410
1409
1408
1414
1413
1412
1419
1423
1421
1420
1459
1460
1462
1463
1465
1466
1467
1468
1470
1442
1445
1444
1447
1446
1448
1451
1450
1453
1452
1548
1549
1544
1545
1546
1541
1536
1537
1538
1556
1553
1552
1555
1763
1761
1760
1767
1766
1765
1764
1771
1770
1768
1775
1773
1772
1779
1776
1782
1783
1780
1781
1786
1787
1784
1785
1790
1788
1789
1729
1731
1730
1732
1735
1734
1736
1738
1741
1740
1743
1742
1747
1748
1749
1751
1752
1753
1757
1759
1701
1700
1697
1696
1711
1708
1707
1706
1705
1718
1719
1716
1717
1715
1712
1726
1727
1724
1722
1720
1721
1677
1676
1679
1678
1673
1672
1675
1674
1685
1686
1687
1680
1682
1683
1692
1693
1694
1688
1689
1690
1691
1913
1912
1915
1914
1917
1919
1918
1907
1906
1909
1911
1910
1902
1903
1883
1882
1880
1887
1886
1885
1884
1879
1878
1877
1876
1866
1864
1865
1870
1871
1869
1859
1856
1857
1862
1863
1860
1854
1848
1851
1850
1845
1847
1846
1841
1840
1836
1837
1838
1839
1833
1834
1830
1824
1825
1826
1827
1823
1822
1821
1820
1818
1817
1815
1812
1810
1809
1808
1806
1807
1804
1802
1803
1800
1801
1798
1799
1796
1797
1795
1793
2032
2033
2034
2035
2036
2038
2040
2043
2044
2045
2017
2018
2021
2020
2023
2022
2026
2029
2028
2031
2002
2003
2001
2006
2007
2010
2011
2008
2009
2014
2015
2012
1987
1986
1985
1984
1990
1989
1988
1992
1999
1998
1997
1996
1973
1975
1969
1970
1971
1980
1981
1982
1983
1976
1978
1979
1957
1956
1959
1955
1954
1965
1964
1966
1961
1963
1962
1942
1943
1940
1941
1939
1950
1951
1948
1949
1947
1944
1945
1926
1924
1923
1922
1921
1920
1935
1934
1933
1929
2200
2202
2203
2204
2205
2207
2192
2193
2194
2195
2196
2198
2199
2185
2187
2186
2189
2188
2191
2179
2178
2181
2180
2183
2182
2235
2233
2238
2239
2236
2237
2226
2227
2224
2225
2230
2231
2229
2218
2211
2209
2208
2215
2214
2213
2212
2268
2269
2270
2271
2266
2267
2260
2261
2262
2263
2257
2253
2252
2254
2249
2248
2250
2244
2247
2246
2241
2243
2302
2301
2299
2296
2297
2294
2295
2293
2290
2291
2288
2289
2286
2285
2284
2282
2281
2280
2279
2277
2276
2274
2272
2064
2067
2066
2068
2070
2072
2079
2078
2048
2049
2050
2051
2052
2053
2054
2055
2057
2058
2059
2060
2062
2063
2107
2106
2105
2104
2111
2110
2109
2080
2081
2084
2132
2134
2128
2131
2130
2141
2140
2143
2142
2136
2139
2117
2118
2119
2112
2114
2124
2125
2127
2121
2167
2166
2163
2161
2160
2170
2169
2168
2150
2151
2148
2149
2146
2147
2144
2145
2158
2159
2156
2157
2154
2152
2811
2808
2809
2815
2812
2813
2802
2803
2800
2801
2804
2805
2795
2794
2792
2799
2798
2796
2787
2785
2784
2791
2790
2789
2788
2776
2779
2780
2768
2770
2771
2772
2773
2774
2775
2761
2763
2762
2765
2764
2767
2766
2755
2754
2757
2756
2759
2615
2613
2612
2611
2610
2609
2608
2623
2622
2621
2620
2619
2616
2675
2673
2672
2679
2677
2676
2682
2681
2680
2687
2686
2685
2684
2659
2657
2660
2661
2664
2665
2670
2671
2668
2669
2641
2640
2644
2647
2646
2649
2648
2652
2655
2625
2626
2627
2628
2630
2631
2633
2634
2635
2636
2637
2639
2989
2991
2990
2987
2986
2980
2983
2976
2978
3007
3000
3001
3002
2996
2997
2999
2959
2958
2953
2952
2951
2950
2946
2945
2944
2974
2975
2972
2973
2970
2971
2969
2966
2967
2965
2962
2963
2960
2961
3049
3048
3051
3050
3053
3052
3055
3054
3041
3043
3042
3047
3046
3064
3065
3066
3056
3059
3060
3061
3062
3063
3018
3017
3022
3021
3011
3010
3009
3015
3014
3012
3034
3035
3032
3033
3038
3039
3036
3037
3026
3024
3025
3030
3031
3029
2852
2853
2854
2848
2849
2850
2860
2861
2862
2856
2857
2858
2859
2868
2871
2870
2864
2867
2866
2877
2876
2878
2873
2875
2874
2822
2820
2821
2817
2830
2828
2829
2826
2824
2825
2839
2837
2836
2835
2834
2833
2832
2847
2846
2845
2844
2843
2842
2841
2840
2912
2913
2915
2916
2917
2918
2920
2921
2922
2923
2924
2925
2926
2927
2929
2928
2931
2933
2932
2935
2937
2936
2939
2938
2941
2940
2943
2883
2880
2881
2887
2884
2890
2891
2889
2894
2895
2893
2899
2898
2897
2896
2903
2901
2907
2905
2904
2911
3284
3285
3286
3287
3282
3283
3292
3294
3295
3288
3290
3291
3316
3317
3315
3313
3324
3322
3323
3320
3321
3303
3302
3300
3299
3298
3297
3296
3310
3309
3306
3305
3304
3527
3526
3525
3523
3522
3521
3520
3535
3534
3533
3530
3529
3528
3536
3459
3458
3457
3456
3463
3462
3461
3460
3466
3465
3464
3471
3470
3468
3474
3475
3472
3473
3478
3479
3477
3482
3483
3480
3481
3486
3487
3484
3485
3488
3491
3493
3492
3495
3494
3499
3498
3501
3500
3503
3502
3504
3506
3508
3509
3510
3511
3513
3514
3515
3516
3518
3519
3407
3404
3402
3403
3400
3401
3398
3399
3396
3397
3394
3395
3393
3423
3422
3421
3419
3418
3417
3416
3415
3412
3411
3410
3408
3437
3438
3433
3434
3428
3429
3430
3427
3452
3455
3449
3448
3450
3444
3441
3440
3443
3442
3338
3339
3336
3342
3340
3330
3331
3329
3334
3335
3333
3352
3359
3358
3347
3346
3345
3344
3351
3349
3348
3368
3369
3370
3372
3373
3374
3360
3361
3362
3364
3365
3366
3367
3384
3387
3386
3389
3388
3391
3390
3377
3379
3378
3381
3380
