956
958
953
955
949
950
944
945
946
947
940
943
942
937
936
939
938
933
935
934
929
928
931
930
926
927
924
925
923
919
916
915
912
910
909
908
906
905
903
902
901
900
898
1016
1017
1019
1021
1022
1010
1011
1012
1013
1014
1015
1001
1000
1003
1005
1004
1007
1006
993
992
997
999
986
984
985
990
991
988
989
979
976
982
983
980
981
970
968
975
974
973
972
963
961
960
967
966
965
964
1101
1102
1103
1096
1097
1098
1099
1092
1093
1094
1095
1088
1089
1090
1091
1117
1116
1119
1113
1112
1115
1109
1108
1105
1104
1107
1106
1134
1132
1133
1130
1131
1129
1126
1127
1125
1122
1120
1150
1148
1147
1146
1145
1144
1141
1140
1139
1136
1032
1034
1036
1037
1038
1039
1024
1025
1027
1028
1029
1031
1049
1048
1051
1050
1052
1055
1040
1043
1042
1045
1044
1047
1046
1066
1067
1064
1065
1070
1071
1068
1059
1057
1063
1060
1061
1083
1081
1080
1086
1085
1084
1075
1074
1073
1079
1078
1077
1076
1221
1220
1223
1222
1217
1216
1219
1218
1229
1228
1231
1230
1225
1224
1227
1226
1236
1237
1238
1239
1232
1234
1235
1244
1245
1246
1247
1240
1241
1243
1250
1249
1248
1270
1271
1278
1279
1276
1277
1274
1275
1272
1273
1153
1152
1155
1154
1157
1156
1159
1158
1161
1162
1165
1164
1166
1168
1169
1173
1174
1176
1177
1178
1180
1182
1187
1186
1185
1184
1191
1190
1189
1188
1194
1193
1198
1197
1196
1202
1203
1201
1207
1204
1210
1211
1209
1214
1212
1213
1405
1404
1407
1406
1401
1400
1402
1399
1306
1311
1308
1299
1297
1296
1303
1301
1291
1292
1283
1280
1281
1286
1287
1285
1320
1321
1322
1323
1312
1313
1315
1316
1317
1318
1493
1490
1491
1488
1489
1502
1500
1501
1498
1499
1496
1497
1479
1478
1477
1476
1475
1474
1473
1472
1487
1486
1485
1484
1481
1480
1526
1527
1521
1523
1532
1533
1534
1535
1530
1531
1509
1508
1511
1505
1504
1507
1506
1517
1516
1519
1518
1512
1514
1426
1427
1424
1425
1430
1431
1429
1435
1432
1438
1439
1436
1437
1411
1410
1408
1413
1412
1418
1417
1416
1423
1422
1421
1420
1456
1458
1459
1461
1463
1464
1465
1467
1468
1469
1470
1471
1441
1440
1443
1442
1445
1444
1447
1446
1448
1450
1453
1452
1455
1454
1548
1549
1550
1551
1544
1545
1546
1547
1540
1541
1542
1543
1536
1537
1538
1539
1557
1553
1552
1554
1763
1761
1760
1767
1766
1765
1764
1771
1770
1769
1768
1775
1773
1772
1779
1776
1777
1782
1783
1780
1781
1786
1787
1784
1785
1790
1791
1788
1789
1729
1731
1730
1733
1732
1735
1734
1737
1736
1738
1741
1740
1743
1742
1744
1745
1746
1748
1749
1750
1751
1753
1757
1758
1703
1701
1700
1699
1697
1696
1711
1710
1709
1708
1706
1718
1719
1716
1717
1714
1715
1713
1726
1727
1724
1725
1722
1720
1721
1677
1676
1679
1678
1673
1672
1675
1684
1685
1687
1680
1681
1682
1692
1693
1694
1695
1688
1689
1690
1691
1913
1915
1919
1918
1904
1907
1906
1909
1908
1911
1910
1902
1903
1883
1882
1881
1880
1887
1886
1885
1884
1875
1874
1872
1879
1878
1877
1876
1866
1864
1865
1871
1868
1869
1858
1859
1856
1857
1863
1860
1852
1855
1854
1848
1850
1845
1847
1840
1837
1838
1833
1834
1835
1828
1829
1830
1831
1824
1825
1826
1827
1822
1821
1820
1818
1816
1815
1812
1811
1810
1809
1808
1807
1805
1802
1803
1800
1801
1798
1799
1796
1797
1794
1795
1792
1793
2032
2034
2035
2036
2037
2038
2039
2040
2042
2044
2045
2046
2047
2017
2019
2018
2023
2022
2025
2024
2026
2029
2031
2030
2002
2001
2006
2007
2010
2011
2008
2014
2015
2012
1986
1985
1984
1989
1988
1992
1999
1998
1997
1996
1972
1973
1975
1969
1971
1980
1981
1982
1983
1976
1978
1979
1957
1959
1958
1955
1954
1965
1964
1967
1966
1961
1963
1962
1942
1943
1940
1941
1939
1936
1937
1950
1951
1948
1949
1947
1945
1927
1925
1924
1923
1922
1920
1935
1934
1933
1932
1931
1930
1929
1928
2201
2203
2204
2205
2206
2207
2192
2194
2195
2196
2197
2185
2187
2189
2191
2190
2179
2181
2183
2182
2235
2232
2239
2237
2226
2227
2225
2230
2231
2228
2229
2219
2216
2223
2221
2210
2209
2215
2212
2268
2269
2270
2264
2265
2266
2261
2262
2263
2254
2249
2248
2251
2245
2244
2247
2246
2241
2240
2243
2303
2298
2296
2297
2295
2292
2293
2291
2286
2285
2284
2281
2279
2277
2275
2272
2064
2067
2066
2069
2068
2071
2070
2073
2072
2077
2078
2049
2050
2051
2052
2055
2057
2058
2059
2061
2062
2063
2107
2106
2105
2104
2111
2110
2109
2080
2081
2084
2133
2135
2134
2131
2141
2140
2143
2142
2137
2136
2118
2119
2115
2120
2121
2167
2166
2165
2164
2163
2160
2173
2172
2169
2168
2151
2148
2149
2146
2147
2144
2158
2159
2154
2155
2152
2153
2811
2808
2815
2812
2813
2802
2803
2800
2806
2804
2805
2795
2794
2793
2792
2799
2798
2797
2796
2787
2786
2785
2784
2791
2790
2789
2788
2776
2778
2779
2780
2783
2768
2770
2771
2772
2773
2774
2775
2761
2760
2763
2765
2764
2755
2756
2759
2758
2615
2612
2611
2610
2609
2608
2623
2621
2620
2619
2616
2673
2679
2678
2676
2683
2682
2681
2680
2685
2684
2659
2657
2662
2663
2660
2661
2665
2670
2668
2641
2643
2642
2645
2644
2647
2646
2649
2648
2653
2652
2654
2624
2626
2627
2628
2629
2630
2632
2633
2634
2635
2636
2639
2989
2991
2987
2981
2983
2982
2977
2976
2979
2978
3006
3000
3001
3002
2996
2997
2999
2992
2993
2994
2995
2959
2958
2957
2953
2951
2950
2947
2946
2945
2944
2974
2975
2973
2970
2971
2969
2966
2967
2965
2962
2963
2960
2961
3049
3048
3051
3053
3055
3054
3040
3043
3042
3045
3044
3046
3064
3065
3066
3058
3059
3060
3061
3062
3063
3019
3017
3023
3022
3021
3020
3011
3010
3008
3015
3014
3012
3034
3032
3033
3036
3037
3026
3027
3024
3025
3030
3031
3028
3029
2852
2853
2855
2848
2849
2850
2851
2862
2863
2857
2858
2859
2868
2871
2870
2865
2867
2866
2877
2879
2878
2873
2872
2875
2822
2823
2820
2821
2818
2819
2817
2830
2828
2829
2826
2824
2839
2838
2837
2836
2835
2834
2832
2847
2846
2845
2844
2843
2842
2841
2840
2913
2916
2917
2919
2921
2922
2923
2924
2925
2926
2927
2929
2931
2933
2932
2934
2937
2936
2939
2940
2883
2881
2887
2884
2885
2890
2891
2888
2889
2894
2895
2892
2893
2899
2897
2903
2901
2900
2907
2906
2905
2904
2911
2910
3285
3286
3287
3281
3282
3283
3292
3294
3295
3288
3289
3290
3291
3318
3317
3314
3315
3312
3313
3327
3325
3322
3323
3321
3302
3301
3300
3299
3298
3297
3296
3311
3310
3309
3307
3306
3305
3304
3526
3525
3524
3522
3521
3520
3535
3534
3533
3532
3531
3530
3528
3536
3537
3459
3458
3457
3456
3463
3460
3466
3465
3464
3471
3470
3468
3474
3475
3472
3473
3478
3479
3477
3482
3480
3486
3487
3484
3485
3488
3493
3497
3496
3499
3498
3500
3503
3504
3505
3506
3507
3508
3509
3510
3511
3513
3515
3516
3517
3518
3519
3406
3404
3405
3402
3403
3400
3401
3398
3399
3396
3397
3394
3395
3392
3393
3423
3422
3419
3417
3416
3415
3412
3411
3436
3437
3432
3433
3435
3428
3430
3431
3424
3425
3427
3453
3455
3449
3448
3451
3450
3445
3444
3447
3446
3441
3440
3338
3339
3336
3337
3343
3340
3341
3331
3329
3334
3335
3333
3354
3353
3352
3359
3358
3357
3345
3344
3350
3348
3368
3369
3370
3372
3374
3375
3360
3361
3362
3363
3364
3365
3366
3367
3385
3384
3387
3386
3389
3388
3390
3377
3376
3379
3378
3381
3380
3383
3382
