956
958
953
954
949
950
945
946
940
943
937
936
933
932
935
929
928
930
926
927
924
925
923
918
919
916
917
915
912
911
909
908
907
904
903
902
901
900
1016
1017
1019
1020
1021
1022
1013
1014
1015
1003
1002
1004
1006
993
992
995
994
996
999
998
986
987
984
985
990
991
989
978
979
976
982
983
980
971
970
975
973
963
962
961
960
967
964
1101
1103
1096
1097
1098
1092
1093
1088
1089
1091
1117
1116
1119
1113
1112
1115
1114
1108
1111
1110
1105
1104
1134
1135
1133
1130
1131
1129
1126
1127
1124
1125
1123
1120
1121
1151
1150
1149
1148
1147
1146
1145
1144
1143
1142
1141
1140
1139
1138
1137
1136
1032
1034
1035
1036
1037
1039
1027
1028
1030
1031
1049
1048
1051
1053
1052
1055
1054
1040
1042
1045
1044
1047
1046
1067
1064
1065
1071
1068
1069
1058
1059
1056
1057
1063
1060
1061
1082
1081
1080
1087
1086
1085
1084
1075
1074
1073
1072
1079
1078
1077
1220
1223
1222
1217
1219
1218
1229
1228
1231
1230
1224
1227
1226
1236
1237
1232
1233
1235
1244
1246
1241
1242
1243
1250
1248
1271
1279
1276
1277
1274
1275
1272
1273
1153
1152
1155
1154
1157
1156
1159
1158
1161
1160
1163
1162
1164
1167
1168
1169
1170
1174
1175
1176
1177
1178
1179
1180
1181
1182
1183
1187
1186
1185
1184
1190
1189
1188
1195
1194
1199
1197
1196
1202
1203
1200
1207
1204
1211
1209
1214
1215
1212
1213
1405
1404
1407
1406
1401
1400
1403
1402
1399
1306
1304
1311
1310
1308
1299
1298
1297
1296
1303
1301
1300
1290
1291
1288
1295
1292
1293
1282
1283
1281
1286
1284
1285
1321
1322
1323
1312
1315
1318
1319
1494
1495
1492
1493
1490
1491
1488
1489
1502
1503
1500
1501
1498
1499
1496
1479
1477
1476
1475
1474
1473
1472
1487
1486
1485
1484
1483
1482
1481
1524
1525
1527
1520
1521
1522
1523
1532
1533
1534
1535
1528
1529
1531
1509
1508
1511
1504
1507
1506
1517
1516
1519
1518
1513
1512
1514
1427
1424
1425
1430
1431
1428
1429
1434
1435
1433
1439
1436
1437
1411
1408
1413
1412
1419
1418
1417
1423
1422
1421
1458
1459
1460
1462
1464
1465
1466
1467
1469
1471
1440
1443
1442
1445
1444
1447
1446
1449
1451
1450
1453
1452
1454
1548
1549
1550
1544
1546
1542
1543
1536
1538
1557
1556
1555
1554
1763
1762
1761
1760
1765
1764
1770
1768
1775
1773
1772
1779
1777
1783
1781
1787
1784
1785
1790
1791
1789
1731
1730
1733
1732
1735
1734
1736
1739
1738
1740
1743
1742
1744
1746
1747
1751
1752
1756
1757
1758
1701
1699
1698
1697
1696
1708
1707
1705
1704
1718
1719
1717
1714
1715
1726
1725
1722
1720
1721
1677
1676
1679
1678
1672
1675
1674
1684
1686
1687
1680
1681
1682
1692
1693
1694
1695
1689
1690
1691
1913
1912
1915
1919
1918
1904
1907
1906
1908
1910
1902
1903
1883
1882
1881
1880
1887
1886
1884
1875
1874
1872
1879
1877
1870
1871
1868
1858
1859
1856
1857
1862
1863
1860
1855
1854
1847
1841
1840
1836
1837
1838
1839
1833
1834
1835
1829
1830
1824
1826
1821
1820
1818
1817
1816
1815
1813
1812
1811
1810
1809
1808
1806
1807
1804
1805
1802
1803
1800
1801
1798
1796
1794
1792
1793
2032
2034
2035
2037
2039
2042
2045
2046
2047
2017
2018
2021
2023
2022
2025
2024
2027
2026
2029
2028
2031
2002
2003
2001
2006
2007
2011
2008
2009
2012
2013
1987
1984
1990
1989
1988
1995
1992
1999
1998
1997
1996
1972
1973
1975
1969
1970
1980
1982
1983
1976
1978
1979
1956
1959
1958
1954
1964
1967
1966
1961
1963
1962
1942
1943
1940
1941
1938
1939
1936
1937
1950
1951
1948
1949
1947
1944
1945
1927
1926
1925
1923
1922
1921
1933
1932
1931
1930
1929
2201
2203
2204
2205
2207
2192
2193
2195
2198
2199
2185
2184
2187
2186
2189
2188
2191
2190
2179
2178
2181
2183
2182
2232
2238
2239
2236
2237
2226
2227
2225
2230
2228
2229
2219
2216
2221
2220
2211
2210
2209
2208
2214
2212
2268
2269
2270
2271
2264
2265
2266
2260
2262
2263
2256
2257
2258
2259
2253
2252
2255
2254
2248
2251
2250
2245
2244
2247
2246
2240
2243
2242
2302
2303
2300
2298
2299
2295
2292
2290
2291
2287
2286
2285
2284
2283
2282
2281
2279
2277
2276
2275
2274
2272
2064
2067
2066
2068
2071
2070
2073
2075
2079
2078
2049
2050
2051
2052
2053
2055
2057
2058
2059
2060
2061
2062
2107
2106
2111
2110
2109
2082
2083
2080
2081
2133
2132
2135
2130
2141
2140
2143
2142
2137
2136
2139
2116
2117
2118
2119
2112
2113
2114
2115
2124
2125
2127
2120
2121
2122
2123
2166
2165
2164
2163
2162
2161
2160
2175
2173
2171
2170
2169
2168
2150
2151
2148
2146
2147
2145
2158
2159
2157
2154
2155
2152
2810
2811
2808
2815
2812
2813
2803
2800
2801
2806
2807
2804
2795
2794
2793
2792
2799
2798
2797
2787
2786
2785
2791
2790
2789
2776
2777
2778
2779
2780
2781
2783
2768
2770
2771
2772
2773
2775
2761
2760
2763
2762
2765
2764
2766
2755
2757
2756
2759
2758
2615
2613
2612
2611
2610
2609
2608
2623
2621
2620
2619
2675
2673
2679
2678
2677
2683
2682
2680
2687
2686
2685
2684
2658
2659
2657
2662
2666
2667
2664
2665
2670
2668
2669
2641
2643
2642
2645
2644
2647
2646
2648
2653
2652
2655
2654
2625
2626
2628
2629
2630
2631
2632
2635
2636
2639
2989
2991
2990
2985
2984
2987
2986
2981
2980
2983
2977
2976
2979
3006
3007
3000
3001
3002
2998
2992
2993
2994
2995
2959
2958
2957
2953
2952
2951
2947
2945
2975
2972
2973
2970
2969
2966
2967
2962
2963
2960
2961
3048
3050
3053
3052
3055
3041
3040
3043
3042
3044
3047
3046
3065
3066
3056
3058
3060
3061
3062
3063
3019
3018
3017
3016
3023
3022
3021
3020
3010
3009
3014
3013
3012
3034
3032
3033
3038
3039
3026
3024
3030
3031
3028
2852
2854
2855
2849
2850
2851
2861
2862
2858
2859
2869
2868
2871
2865
2864
2867
2866
2877
2876
2879
2872
2875
2874
2822
2823
2820
2817
2830
2828
2829
2826
2827
2824
2839
2838
2836
2835
2834
2833
2832
2846
2843
2842
2841
2912
2913
2915
2916
2918
2920
2921
2922
2923
2924
2926
2927
2929
2928
2931
2932
2937
2936
2939
2938
2941
2880
2881
2886
2887
2885
2890
2888
2894
2895
2892
2893
2898
2897
2896
2903
2902
2907
2906
2905
2904
2910
3284
3285
3286
3287
3281
3282
3292
3293
3295
3289
3318
3316
3317
3315
3312
3313
3324
3323
3320
3302
3301
3300
3299
3298
3297
3311
3310
3309
3307
3305
3304
3527
3525
3522
3521
3520
3535
3534
3533
3532
3530
3529
3528
3536
3537
3457
3456
3463
3462
3461
3471
3470
3468
3475
3472
3478
3479
3477
3482
3483
3480
3481
3486
3487
3484
3485
3489
3488
3491
3490
3493
3492
3495
3497
3496
3499
3498
3501
3500
3503
3504
3506
3509
3511
3512
3513
3515
3516
3517
3518
3519
3406
3403
3400
3398
3396
3394
3392
3423
3422
3419
3418
3416
3415
3411
3410
3409
3436
3432
3433
3435
3428
3429
3430
3431
3424
3425
3454
3449
3448
3451
3447
3441
3440
3442
3338
3336
3342
3343
3341
3330
3328
3329
3334
3335
3354
3353
3352
3357
3347
3346
3345
3344
3351
3350
3349
3348
3368
3369
3370
3372
3373
3374
3375
3360
3361
3362
3363
3364
3385
3384
3386
3389
3388
3391
3390
3377
3379
3378
3381
3382
