943
937
928
923
918
1017
1023
1003
1002
1007
1006
985
978
979
981
971
968
975
962
966
964
1097
1092
1108
1105
1133
1128
1129
1150
1143
1141
1137
1025
1027
1040
1058
1056
1057
1083
1075
1073
1076
1229
1230
1225
1226
1237
1238
1239
1246
1242
1250
1270
1276
1275
1153
1155
1158
1163
1169
1178
1181
1182
1184
1201
1215
1212
1400
1403
1399
1299
1302
1301
1288
1293
1280
1284
1313
1318
1493
1491
1489
1500
1501
1496
1474
1486
1526
1522
1523
1505
1504
1427
1428
1439
1413
1420
1460
1443
1453
1555
1763
1771
1769
1772
1776
1787
1784
1791
1730
1732
1746
1748
1697
1696
1709
1718
1716
1713
1726
1721
1676
1672
1684
1913
1914
1919
1904
1907
1908
1910
1883
1882
1879
1871
1859
1856
1860
1850
1846
1837
1833
1831
1820
1817
1809
1800
1797
2046
2019
2018
2020
2022
1986
1985
1990
1973
1980
1983
1979
1956
1949
1921
1931
1929
2203
2188
2178
2180
2182
2233
2211
2215
2270
2271
2254
2245
2297
2289
2283
2279
2064
2077
2078
2053
2106
2133
2134
2128
2136
2113
2120
2166
2165
2163
2162
2161
2172
2171
2168
2150
2149
2159
2152
2809
2800
2805
2799
2797
2776
2777
2778
2780
2782
2765
2757
2612
2608
2620
2673
2676
2683
2686
2662
2665
2647
2649
2652
2629
2635
2637
2984
2976
3000
2999
2959
2957
2972
2970
2968
2969
2963
3049
3048
3052
3043
3060
3061
3062
3019
3021
3008
3036
3024
3031
3028
2852
2853
2867
2866
2877
2879
2872
2874
2823
2829
2826
2838
2836
2834
2847
2844
2927
2929
2933
2932
2941
2885
2895
3286
3281
3289
3318
3325
3321
3302
3298
3296
3309
3305
3526
3524
3521
3530
3536
3459
3463
3464
3473
3483
3480
3481
3489
3488
3492
3499
3498
3507
3508
3406
3404
3402
3403
3398
3394
3392
3415
3434
3425
3445
3446
3339
3331
3328
3334
3352
3359
3374
3362
3364
3365
3386
3389
3388
