956
958
952
954
955
948
949
950
944
945
946
943
942
936
939
932
934
928
930
926
927
922
920
918
917
915
912
911
910
909
908
907
906
905
903
902
900
899
898
1016
1017
1019
1020
1021
1023
1008
1009
1011
1012
1013
1014
1015
1001
1002
1005
1007
1006
993
992
995
994
997
996
999
986
987
984
990
991
978
979
976
982
980
971
970
968
975
974
973
972
963
962
961
966
965
964
1100
1101
1096
1097
1098
1093
1094
1088
1089
1090
1091
1117
1118
1113
1112
1115
1114
1109
1108
1111
1110
1105
1104
1107
1106
1134
1135
1132
1131
1128
1129
1126
1127
1124
1125
1122
1121
1151
1150
1148
1147
1146
1145
1144
1143
1142
1141
1140
1139
1138
1137
1033
1035
1036
1037
1038
1039
1024
1025
1026
1027
1028
1029
1031
1049
1048
1051
1050
1053
1052
1055
1054
1041
1040
1043
1042
1045
1044
1047
1046
1066
1067
1065
1071
1068
1069
1059
1057
1063
1060
1061
1083
1082
1081
1080
1087
1086
1085
1084
1075
1072
1079
1078
1077
1221
1220
1223
1217
1216
1219
1218
1229
1231
1230
1225
1224
1227
1226
1236
1237
1238
1239
1233
1234
1235
1244
1245
1246
1247
1240
1241
1242
1243
1250
1249
1271
1278
1277
1152
1155
1154
1157
1156
1159
1158
1161
1160
1163
1162
1165
1164
1167
1166
1168
1170
1171
1174
1176
1177
1181
1183
1186
1185
1184
1191
1189
1188
1195
1194
1193
1199
1198
1197
1202
1203
1200
1201
1206
1207
1204
1205
1210
1211
1208
1209
1214
1215
1212
1213
1404
1407
1406
1401
1400
1402
1399
1306
1305
1304
1310
1309
1308
1299
1297
1296
1303
1302
1300
1291
1288
1294
1295
1292
1280
1281
1286
1320
1321
1322
1312
1313
1314
1315
1318
1319
1493
1490
1491
1489
1503
1500
1501
1498
1499
1496
1497
1479
1478
1477
1476
1475
1473
1487
1486
1484
1483
1482
1481
1480
1524
1525
1526
1527
1520
1521
1522
1523
1532
1534
1535
1529
1530
1531
1509
1508
1511
1510
1505
1504
1507
1519
1518
1513
1512
1427
1425
1430
1431
1428
1429
1434
1435
1432
1433
1438
1439
1436
1437
1411
1410
1409
1408
1415
1414
1412
1419
1418
1417
1423
1422
1456
1457
1458
1461
1462
1465
1466
1468
1469
1470
1471
1441
1440
1443
1442
1445
1444
1446
1449
1448
1451
1453
1452
1455
1454
1548
1549
1550
1544
1546
1547
1541
1542
1536
1537
1557
1553
1552
1555
1554
1763
1760
1767
1766
1765
1764
1771
1770
1773
1772
1779
1777
1782
1783
1781
1786
1787
1784
1790
1791
1788
1789
1733
1732
1735
1734
1739
1738
1741
1740
1742
1744
1745
1746
1747
1748
1749
1750
1751
1752
1753
1756
1758
1759
1703
1701
1699
1698
1697
1696
1711
1710
1709
1708
1706
1705
1704
1718
1719
1716
1714
1715
1726
1724
1725
1722
1720
1677
1676
1679
1678
1673
1672
1675
1674
1685
1686
1687
1681
1683
1693
1694
1695
1688
1689
1690
1913
1912
1915
1914
1917
1919
1918
1904
1907
1906
1909
1911
1902
1903
1883
1882
1881
1887
1886
1885
1884
1875
1874
1872
1878
1877
1876
1866
1865
1870
1871
1869
1858
1856
1857
1862
1863
1860
1855
1848
1851
1850
1845
1847
1846
1841
1840
1836
1837
1838
1839
1834
1835
1828
1829
1831
1824
1825
1826
1827
1823
1818
1817
1816
1813
1812
1811
1810
1809
1806
1807
1804
1802
1803
1800
1801
1798
1799
1796
1797
1794
1795
1792
1793
2032
2033
2034
2035
2036
2037
2038
2042
2046
2047
2017
2018
2021
2020
2023
2025
2024
2027
2028
2031
2030
2002
2003
2001
2007
2010
2009
2015
2012
2013
1987
1985
1984
1989
1988
1995
1992
1999
1997
1972
1973
1975
1969
1970
1971
1981
1982
1983
1978
1979
1957
1959
1958
1953
1954
1965
1964
1967
1963
1962
1942
1943
1941
1938
1939
1937
1950
1948
1947
1944
1927
1926
1925
1924
1923
1922
1920
1935
1934
1933
1932
1931
2201
2202
2203
2206
2207
2192
2193
2194
2195
2196
2197
2198
2199
2187
2186
2189
2179
2178
2180
2182
2234
2235
2233
2236
2237
2226
2224
2228
2229
2218
2223
2210
2209
2215
2214
2213
2212
2268
2269
2271
2265
2266
2260
2261
2262
2263
2256
2257
2259
2253
2252
2255
2249
2248
2251
2245
2244
2241
2240
2242
2302
2303
2300
2301
2298
2299
2296
2297
2294
2295
2293
2290
2288
2289
2287
2285
2284
2283
2282
2281
2280
2279
2276
2275
2272
2064
2067
2069
2068
2071
2070
2073
2072
2079
2078
2048
2049
2050
2051
2053
2054
2055
2057
2058
2059
2060
2061
2062
2063
2107
2105
2111
2110
2109
2083
2133
2132
2128
2131
2130
2140
2143
2142
2137
2136
2139
2116
2117
2118
2112
2113
2114
2115
2124
2125
2127
2120
2122
2123
2167
2166
2165
2164
2163
2161
2160
2175
2173
2172
2171
2169
2168
2150
2151
2148
2146
2147
2144
2145
2159
2156
2157
2154
2155
2152
2153
2810
2811
2808
2809
2815
2812
2813
2802
2803
2800
2806
2807
2804
2805
2795
2794
2793
2792
2799
2798
2797
2796
2785
2784
2791
2790
2776
2777
2780
2781
2782
2783
2768
2770
2771
2772
2774
2775
2761
2760
2763
2762
2767
2766
2755
2754
2757
2756
2759
2615
2613
2612
2611
2610
2609
2608
2623
2622
2619
2616
2675
2673
2672
2678
2677
2682
2681
2680
2687
2686
2685
2684
2658
2657
2662
2663
2660
2667
2664
2670
2671
2668
2669
2641
2640
2643
2645
2644
2647
2646
2649
2653
2654
2625
2627
2628
2629
2630
2632
2634
2637
2639
2989
2985
2984
2987
2986
2981
2980
2982
2977
2976
2978
3007
3000
3001
3002
2996
2998
2992
2993
2995
2959
2958
2953
2952
2951
2950
2947
2946
2944
2972
2971
2968
2969
2966
2967
2965
2962
2963
2961
3049
3048
3051
3053
3052
3055
3054
3041
3040
3043
3045
3044
3047
3046
3066
3056
3059
3060
3061
3062
3019
3018
3017
3016
3021
3011
3010
3008
3015
3014
3013
3032
3033
3036
3037
3027
3024
3025
3030
3031
3029
2852
2853
2854
2855
2850
2851
2860
2861
2856
2857
2859
2869
2868
2871
2870
2865
2864
2867
2866
2877
2876
2878
2873
2872
2875
2874
2822
2820
2821
2818
2819
2817
2830
2831
2828
2829
2826
2827
2824
2825
2839
2837
2835
2834
2833
2832
2847
2846
2845
2844
2843
2841
2840
2912
2915
2919
2920
2921
2923
2924
2925
2926
2927
2929
2928
2931
2933
2932
2935
2937
2936
2939
2943
2882
2883
2881
2886
2887
2884
2885
2890
2891
2889
2894
2895
2892
2893
2899
2898
2897
2896
2903
2902
2901
2900
2907
2906
2905
2904
2910
3284
3285
3286
3287
3281
3282
3283
3292
3288
3289
3290
3291
3316
3317
3314
3312
3327
3324
3325
3322
3323
3320
3303
3301
3300
3299
3297
3296
3310
3309
3307
3306
3305
3304
3527
3525
3524
3523
3522
3521
3520
3534
3533
3532
3531
3530
3529
3528
3536
3537
3459
3458
3457
3463
3462
3461
3460
3466
3465
3464
3471
3470
3468
3474
3473
3478
3479
3477
3482
3483
3480
3481
3486
3487
3484
3485
3489
3488
3490
3493
3492
3494
3497
3496
3499
3498
3501
3500
3503
3502
3504
3506
3507
3508
3509
3511
3512
3513
3514
3515
3516
3517
3519
3406
3407
3404
3405
3402
3403
3400
3399
3396
3394
3395
3392
3393
3423
3422
3421
3419
3418
3417
3416
3415
3411
3410
3409
3408
3436
3438
3432
3434
3435
3428
3429
3430
3431
3424
3427
3452
3455
3454
3448
3451
3450
3445
3444
3447
3440
3338
3339
3337
3342
3343
3330
3331
3328
3329
3334
3335
3333
3354
3353
3352
3359
3358
3357
3347
3346
3344
3351
3350
3349
3348
3368
3369
3370
3372
3373
3374
3375
3360
3361
3362
3364
3367
3385
3384
3387
3386
3389
3390
3377
3376
3379
3381
3382
