958
949
951
944
936
932
926
927
900
1018
1010
1013
1014
1000
995
988
974
972
962
964
1101
1102
1097
1088
1089
1111
1105
1132
1128
1129
1127
1121
1150
1145
1141
1139
1036
1029
1052
1065
1087
1073
1072
1079
1222
1229
1239
1232
1244
1248
1279
1152
1154
1160
1165
1164
1168
1169
1175
1177
1179
1183
1186
1189
1199
1197
1208
1209
1401
1306
1304
1309
1296
1301
1293
1314
1493
1488
1500
1525
1529
1531
1504
1507
1513
1424
1425
1409
1417
1456
1457
1469
1441
1446
1451
1450
1452
1455
1541
1543
1539
1556
1555
1770
1768
1791
1734
1737
1744
1749
1756
1758
1700
1707
1704
1718
1678
1691
1913
1884
1879
1868
1869
1860
1854
1839
1826
1827
1823
1819
1817
1815
1802
1798
2038
2039
2017
2029
2030
2006
2014
2012
1987
1990
1957
1963
1962
1941
1947
1930
2203
2195
2197
2185
2188
2191
2179
2183
2225
2229
2218
2216
2223
2221
2220
2211
2212
2265
2249
2248
2245
2302
2298
2296
2291
2282
2275
2272
2067
2066
2050
2052
2054
2109
2082
2134
2130
2141
2118
2127
2120
2122
2171
2169
2146
2155
2812
2800
2805
2796
2789
2782
2767
2766
2677
2680
2685
2684
2648
2654
2630
2991
2980
2979
2999
2992
2993
2952
2950
2972
2969
2962
2960
3055
3043
3064
3066
3056
3063
3023
3022
3014
3031
2855
2849
2850
2851
2862
2858
2869
2864
2878
2820
2821
2818
2827
2846
2920
2923
2928
2882
2880
2881
2894
2892
2903
3282
3292
3295
3318
3313
3327
3320
3302
3299
3307
3522
3456
3463
3464
3471
3470
3484
3490
3492
3495
3497
3498
3406
3393
3423
3408
3437
3427
3455
3446
3443
3337
3341
3330
3328
3334
3335
3359
3350
3369
3370
3375
3360
3364
3366
3386
