949
950
926
923
918
916
917
915
911
909
1017
1003
1002
1006
993
996
999
986
985
983
971
961
1103
1097
1111
1104
1134
1135
1132
1133
1126
1151
1142
1036
1025
1030
1051
1050
1053
1054
1040
1045
1071
1059
1060
1083
1084
1223
1219
1218
1231
1232
1245
1278
1275
1153
1165
1167
1170
1173
1174
1183
1191
1188
1195
1207
1210
1403
1399
1305
1308
1303
1292
1293
1282
1283
1280
1285
1322
1313
1502
1497
1475
1480
1527
1521
1531
1508
1504
1514
1426
1424
1429
1437
1410
1408
1418
1417
1421
1459
1461
1466
1468
1441
1451
1453
1455
1548
1542
1543
1537
1556
1762
1770
1768
1779
1783
1781
1786
1787
1788
1729
1751
1753
1703
1702
1697
1710
1708
1716
1717
1714
1712
1713
1724
1725
1676
1915
1918
1904
1910
1903
1880
1875
1878
1877
1876
1856
1860
1851
1835
1824
1825
1826
1817
1815
1807
1800
1794
1793
2034
2039
2043
2021
2028
2030
2000
2006
2010
2009
1986
1985
1999
1982
1957
1943
1925
1923
1921
1934
1933
1931
2203
2206
2207
2198
2187
2188
2191
2183
2234
2239
2236
2227
2230
2216
2220
2257
2258
2253
2245
2246
2243
2303
2298
2295
2293
2289
2287
2284
2279
2068
2072
2050
2059
2063
2111
2081
2137
2136
2112
2124
2167
2165
2160
2171
2147
2144
2145
2152
2153
2800
2804
2794
2793
2799
2798
2796
2789
2778
2771
2772
2761
2754
2756
2613
2666
2671
2624
2626
2628
2633
2637
2639
2985
2998
2999
2993
2958
2952
2951
2947
2974
3049
3055
3044
3058
3060
3061
3062
3017
3016
3023
3010
3014
3034
3039
3026
3024
3028
3029
2850
2851
2857
2865
2879
2873
2820
2821
2824
2825
2918
2889
2902
2901
2900
2905
2911
3295
3290
3314
3327
3325
3321
3298
3296
3524
3521
3535
3529
3458
3456
3465
3471
3480
3489
3502
3506
3507
3513
3514
3401
3399
3421
3410
3453
3454
3450
3442
3338
3341
3331
3347
3369
3370
3361
3387
3386
3388
3382
