952
949
947
940
935
926
923
919
908
906
899
1018
1010
1012
1000
1003
995
997
978
982
983
971
968
974
961
1099
1113
1133
1125
1148
1147
1144
1142
1038
1029
1049
1048
1055
1043
1042
1065
1070
1068
1081
1072
1079
1221
1230
1233
1244
1243
1279
1273
1159
1160
1163
1164
1174
1180
1183
1194
1198
1200
1201
1206
1204
1211
1214
1404
1401
1304
1311
1298
1302
1301
1289
1294
1293
1280
1286
1284
1313
1314
1315
1317
1318
1496
1479
1473
1486
1523
1509
1505
1512
1433
1415
1418
1417
1456
1469
1471
1440
1449
1547
1540
1542
1543
1554
1762
1769
1791
1733
1737
1739
1744
1745
1746
1750
1756
1758
1703
1702
1699
1710
1709
1704
1714
1713
1725
1684
1681
1695
1904
1908
1881
1875
1874
1872
1868
1858
1852
1855
1835
1828
1829
1831
1819
1816
1813
1811
1794
1792
2037
2039
2042
2046
2047
2019
2025
2024
2027
2030
2000
2013
1995
1972
1958
1953
1937
1925
1931
1930
1928
2201
2206
2197
2184
2190
2234
2217
2216
2222
2221
2220
2210
2265
2256
2258
2259
2255
2245
2240
2242
2303
2300
2298
2292
2287
2283
2275
2069
2071
2073
2075
2077
2083
2133
2137
2116
2113
2115
2120
2122
2123
2162
2175
2173
2172
2171
2155
2153
2810
2806
2807
2793
2797
2786
2777
2778
2781
2782
2783
2760
2758
2678
2683
2658
2662
2663
2666
2667
2643
2642
2645
2653
2654
2624
2629
2632
2985
2984
2981
2982
2977
2979
3006
2998
2992
2993
2994
2995
2957
2947
2968
3045
3044
3058
3019
3023
3020
3008
3013
3027
3028
2855
2851
2863
2869
2865
2879
2872
2823
2818
2819
2831
2827
2838
2919
2934
2882
2886
2885
2888
2892
2902
2900
2906
2910
3281
3293
3289
3312
3327
3325
3301
3311
3307
3524
3532
3531
3537
3489
3490
3497
3496
3505
3507
3512
3517
3406
3392
3409
3436
3432
3435
3431
3424
3425
3453
3454
3451
3445
3447
3446
3337
3343
3341
3328
3354
3353
3357
3350
3375
3363
3385
3376
3383
3382
