956
954
948
949
945
940
936
928
920
915
908
904
898
1017
1019
1010
1011
1012
1015
992
998
988
979
980
968
975
974
963
966
1103
1094
1088
1116
1106
1132
1130
1124
1122
1150
1147
1140
1136
1032
1035
1038
1025
1029
1050
1043
1042
1044
1066
1068
1056
1084
1072
1079
1221
1226
1271
1279
1275
1152
1155
1154
1159
1165
1174
1184
1188
1199
1198
1197
1203
1200
1211
1405
1402
1304
1311
1303
1292
1286
1287
1313
1315
1318
1490
1489
1475
1473
1472
1482
1527
1520
1521
1532
1506
1519
1518
1514
1425
1435
1432
1438
1419
1418
1417
1423
1422
1456
1460
1466
1442
1445
1450
1452
1550
1553
1761
1775
1773
1772
1776
1780
1745
1749
1752
1697
1696
1718
1712
1713
1726
1727
1724
1679
1673
1686
1682
1683
1692
1915
1919
1908
1911
1883
1881
1880
1875
1877
1871
1852
1845
1835
1828
1829
1817
1809
1802
2032
2034
2036
2000
2013
1985
1981
1976
1979
1955
1966
1943
1938
1939
1937
1947
1921
1930
2206
2207
2194
2185
2184
2186
2181
2233
2231
2229
2218
2216
2266
2262
2256
2252
2250
2241
2303
2297
2295
2290
2285
2284
2283
2274
2050
2051
2052
2111
2080
2139
2120
2165
2148
2156
2801
2792
2785
2780
2761
2765
2767
2758
2610
2679
2678
2683
2686
2657
2666
2667
2670
2671
2640
2648
2652
2625
2632
2635
2636
3000
2996
2998
2995
2971
2968
2969
2961
3048
3045
3058
3019
3023
3020
3015
3035
3032
2848
2849
2862
2863
2866
2873
2875
2825
2923
2926
2928
2939
2940
2883
2887
2885
2891
2888
2894
2893
2903
2902
2900
2906
2905
3293
3313
3327
3302
3298
3526
3529
3459
3463
3462
3474
3477
3488
3490
3494
3497
3500
3502
3515
3518
3402
3397
3431
3425
3453
3452
3450
3440
3442
3339
3330
3351
3374
3361
3363
3366
3367
3387
3389
3390
3379
