958
952
953
955
950
951
944
946
943
942
937
939
938
933
932
935
934
929
931
930
926
927
924
925
922
923
918
919
916
917
912
911
910
909
907
906
905
903
902
901
900
899
1016
1018
1020
1021
1022
1023
1008
1009
1013
1000
1007
1006
993
995
994
997
996
999
986
987
984
985
990
991
989
978
976
982
983
981
971
970
973
972
962
961
960
967
965
964
1100
1096
1097
1098
1099
1092
1093
1095
1090
1117
1119
1118
1113
1112
1115
1114
1109
1108
1111
1110
1105
1104
1107
1134
1135
1133
1131
1128
1129
1126
1127
1123
1120
1121
1151
1149
1148
1146
1145
1144
1143
1142
1141
1139
1138
1137
1033
1034
1036
1039
1024
1026
1027
1028
1030
1031
1049
1048
1051
1053
1055
1054
1041
1040
1045
1047
1067
1065
1069
1058
1059
1057
1063
1060
1061
1083
1082
1081
1080
1087
1086
1085
1075
1073
1078
1077
1076
1220
1223
1222
1217
1216
1219
1229
1228
1231
1230
1225
1227
1236
1237
1238
1239
1232
1233
1234
1235
1244
1245
1246
1247
1240
1241
1242
1243
1250
1249
1248
1270
1278
1276
1277
1274
1272
1273
1153
1157
1156
1158
1161
1160
1163
1162
1164
1167
1166
1168
1169
1170
1171
1172
1173
1175
1176
1177
1178
1179
1180
1181
1182
1183
1186
1185
1191
1190
1189
1195
1194
1193
1196
1202
1201
1206
1207
1204
1205
1210
1208
1209
1214
1215
1212
1213
1404
1407
1406
1401
1400
1403
1399
1306
1305
1310
1309
1308
1299
1298
1297
1296
1302
1301
1300
1290
1291
1288
1289
1294
1295
1293
1282
1283
1280
1281
1284
1320
1321
1322
1323
1312
1314
1316
1317
1319
1494
1495
1492
1493
1491
1488
1502
1503
1500
1501
1498
1499
1496
1497
1479
1478
1477
1476
1474
1487
1485
1484
1483
1481
1480
1524
1525
1526
1522
1523
1533
1534
1535
1528
1529
1530
1531
1509
1508
1511
1510
1505
1504
1507
1517
1516
1513
1512
1426
1427
1424
1430
1431
1428
1429
1434
1433
1439
1436
1437
1411
1410
1409
1408
1415
1414
1413
1412
1416
1421
1420
1457
1458
1459
1461
1462
1463
1464
1465
1467
1468
1469
1470
1471
1441
1440
1443
1444
1447
1446
1449
1451
1453
1455
1454
1548
1549
1551
1544
1545
1546
1547
1540
1541
1542
1543
1536
1537
1538
1539
1557
1556
1552
1555
1554
1763
1762
1760
1767
1766
1765
1764
1771
1770
1769
1768
1779
1777
1782
1783
1781
1786
1787
1784
1785
1790
1791
1788
1789
1729
1731
1730
1733
1732
1735
1734
1737
1736
1739
1738
1741
1740
1743
1742
1744
1746
1747
1748
1750
1751
1753
1756
1757
1758
1759
1702
1701
1700
1699
1698
1711
1710
1709
1708
1707
1706
1705
1704
1719
1716
1717
1714
1715
1725
1722
1720
1721
1677
1676
1678
1672
1675
1684
1685
1687
1680
1681
1693
1694
1695
1688
1689
1690
1691
1913
1912
1914
1917
1918
1904
1907
1906
1909
1910
1902
1903
1882
1887
1886
1885
1884
1874
1872
1879
1878
1876
1866
1864
1865
1870
1868
1869
1858
1859
1856
1857
1862
1863
1860
1855
1854
1848
1851
1850
1847
1846
1841
1840
1836
1837
1838
1839
1833
1834
1830
1831
1824
1825
1826
1827
1823
1822
1821
1820
1819
1818
1816
1815
1813
1812
1811
1810
1808
1806
1807
1804
1805
1803
1800
1801
1798
1799
1796
1797
1794
1795
1792
1793
2033
2035
2038
2039
2040
2042
2043
2044
2045
2046
2047
2017
2019
2018
2021
2020
2023
2022
2025
2024
2027
2026
2028
2031
2030
2002
2003
2001
2006
2007
2010
2011
2008
2009
2015
2012
1987
1986
1984
1990
1988
1995
1992
1999
1998
1997
1996
1972
1973
1975
1969
1970
1971
1980
1982
1983
1978
1957
1956
1959
1958
1953
1965
1964
1967
1961
1963
1962
1942
1940
1941
1936
1950
1951
1948
1949
1944
1927
1926
1925
1924
1923
1922
1920
1935
1934
1933
1932
1931
1929
1928
2200
2201
2202
2203
2204
2205
2192
2193
2195
2196
2197
2198
2199
2187
2188
2191
2190
2179
2178
2180
2182
2234
2235
2232
2238
2239
2236
2237
2226
2227
2224
2225
2230
2228
2219
2217
2223
2221
2220
2211
2210
2209
2208
2215
2214
2213
2212
2268
2269
2264
2265
2267
2260
2261
2263
2257
2258
2259
2253
2255
2254
2249
2251
2244
2240
2243
2242
2302
2300
2301
2298
2299
2296
2294
2292
2293
2291
2288
2289
2286
2281
2280
2279
2277
2276
2275
2272
2067
2066
2069
2068
2071
2070
2073
2072
2075
2077
2079
2078
2048
2049
2053
2054
2055
2057
2058
2059
2060
2061
2062
2063
2107
2106
2105
2104
2110
2082
2083
2081
2084
2133
2132
2135
2134
2128
2131
2141
2140
2142
2137
2136
2116
2117
2118
2119
2112
2113
2114
2115
2124
2125
2127
2121
2122
2123
2166
2164
2162
2161
2160
2175
2173
2172
2171
2170
2150
2151
2146
2147
2144
2145
2158
2159
2157
2155
2152
2153
2810
2811
2808
2809
2812
2813
2802
2803
2800
2806
2807
2804
2795
2794
2793
2798
2787
2786
2784
2791
2790
2789
2776
2777
2778
2781
2782
2783
2768
2770
2771
2772
2773
2774
2775
2760
2763
2762
2764
2766
2755
2754
2756
2759
2615
2613
2612
2611
2609
2608
2623
2622
2621
2620
2619
2616
2675
2673
2672
2677
2676
2682
2681
2680
2687
2685
2684
2658
2659
2662
2660
2661
2664
2665
2668
2669
2641
2643
2642
2645
2644
2647
2646
2649
2653
2655
2654
2624
2626
2627
2628
2629
2630
2631
2633
2634
2637
2639
2989
2991
2990
2985
2984
2987
2986
2981
2980
2983
2982
2977
2976
2979
2978
3006
3007
3001
3002
2997
2999
2992
2993
2994
2959
2958
2957
2953
2952
2951
2950
2947
2946
2945
2944
2974
2975
2972
2973
2970
2966
2967
2965
2962
2963
2960
3049
3051
3050
3053
3052
3055
3054
3041
3040
3043
3042
3044
3047
3046
3064
3065
3066
3056
3059
3060
3061
3062
3063
3018
3017
3016
3022
3021
3011
3010
3009
3008
3014
3013
3012
3034
3033
3038
3039
3036
3037
3026
3027
3024
3025
3030
3031
3028
3029
2852
2853
2854
2855
2850
2851
2860
2861
2856
2857
2858
2859
2869
2868
2871
2870
2865
2864
2867
2877
2876
2879
2878
2872
2874
2822
2823
2820
2818
2819
2830
2831
2828
2829
2827
2824
2839
2836
2835
2834
2833
2832
2847
2846
2845
2844
2843
2842
2841
2840
2912
2913
2915
2916
2917
2918
2919
2920
2921
2922
2924
2925
2927
2929
2931
2933
2932
2935
2934
2937
2936
2938
2941
2943
2882
2880
2881
2886
2884
2890
2889
2895
2892
2899
2898
2897
2896
2901
2907
2904
2911
2910
3284
3285
3286
3287
3281
3282
3283
3292
3294
3295
3288
3289
3290
3291
3318
3316
3317
3314
3315
3312
3324
3325
3322
3323
3320
3321
3303
3301
3300
3299
3297
3296
3311
3310
3309
3307
3306
3305
3304
3527
3525
3524
3523
3522
3521
3520
3535
3534
3533
3532
3531
3530
3528
3536
3537
3458
3457
3456
3461
3460
3466
3465
3464
3471
3470
3468
3475
3472
3473
3478
3479
3482
3483
3480
3481
3486
3487
3484
3485
3489
3491
3493
3492
3495
3496
3499
3498
3501
3503
3504
3505
3506
3507
3508
3509
3510
3511
3512
3513
3514
3516
3517
3519
3406
3407
3404
3405
3403
3400
3401
3398
3399
3396
3394
3395
3392
3393
3423
3422
3421
3419
3418
3417
3416
3415
3412
3411
3410
3409
3408
3436
3437
3438
3432
3433
3434
3435
3428
3429
3430
3424
3427
3455
3454
3449
3448
3451
3445
3444
3447
3446
3441
3443
3338
3336
3337
3342
3343
3340
3341
3331
3328
3329
3334
3335
3333
3354
3353
3352
3359
3358
3357
3347
3346
3345
3344
3350
3349
3348
3368
3369
3370
3372
3373
3375
3360
3362
3364
3365
3385
3384
3386
3388
3391
3377
3376
3378
3381
3383
3382
