956
958
952
954
955
948
949
950
944
945
946
947
942
937
936
939
938
933
935
929
928
931
930
926
927
924
925
922
920
918
919
916
915
911
909
908
907
905
904
903
902
901
900
898
1016
1017
1018
1019
1022
1023
1008
1009
1010
1012
1013
1015
1002
1004
1007
993
992
995
994
996
999
998
986
984
985
978
976
982
983
981
971
970
968
975
974
973
972
963
962
960
966
965
1100
1101
1102
1103
1096
1097
1098
1099
1092
1094
1095
1088
1089
1090
1091
1116
1119
1118
1113
1112
1115
1114
1109
1108
1110
1105
1104
1107
1106
1134
1135
1132
1133
1130
1128
1129
1126
1124
1125
1122
1123
1120
1151
1150
1149
1145
1144
1143
1142
1141
1140
1138
1137
1032
1034
1035
1036
1038
1039
1024
1025
1026
1027
1028
1029
1030
1031
1048
1051
1050
1053
1052
1054
1040
1045
1047
1046
1066
1067
1064
1070
1071
1068
1069
1058
1059
1056
1057
1063
1061
1083
1082
1080
1086
1085
1075
1074
1073
1072
1079
1078
1077
1221
1220
1223
1222
1217
1216
1218
1229
1228
1231
1230
1225
1224
1227
1236
1237
1238
1232
1234
1235
1244
1245
1247
1240
1241
1242
1243
1250
1248
1270
1271
1278
1279
1277
1274
1275
1273
1153
1152
1155
1159
1158
1160
1162
1165
1164
1169
1170
1171
1172
1173
1174
1175
1176
1177
1178
1179
1180
1181
1182
1186
1184
1189
1188
1195
1199
1198
1197
1202
1200
1201
1206
1207
1204
1210
1211
1208
1215
1213
1405
1404
1407
1401
1400
1403
1402
1306
1305
1310
1309
1308
1299
1298
1297
1302
1301
1300
1291
1288
1289
1294
1295
1292
1293
1282
1283
1280
1281
1286
1287
1284
1285
1320
1321
1322
1312
1313
1314
1315
1316
1317
1494
1495
1492
1493
1490
1491
1488
1489
1502
1501
1499
1496
1497
1479
1477
1476
1474
1473
1472
1486
1485
1484
1482
1481
1524
1525
1526
1527
1520
1521
1522
1523
1533
1534
1529
1530
1531
1509
1508
1510
1504
1507
1506
1517
1516
1519
1518
1512
1514
1426
1427
1424
1425
1430
1431
1428
1434
1435
1432
1433
1438
1439
1437
1411
1410
1409
1408
1415
1414
1412
1419
1418
1417
1416
1423
1421
1420
1456
1457
1458
1459
1461
1462
1463
1464
1465
1467
1469
1470
1471
1441
1440
1443
1445
1444
1447
1446
1449
1450
1453
1452
1455
1454
1548
1549
1550
1551
1544
1546
1540
1541
1543
1536
1537
1538
1539
1557
1556
1553
1552
1555
1554
1763
1762
1760
1767
1766
1765
1771
1769
1768
1775
1773
1772
1776
1777
1782
1783
1780
1781
1786
1787
1784
1790
1791
1788
1789
1730
1733
1732
1735
1734
1737
1736
1739
1738
1740
1744
1747
1748
1749
1750
1751
1752
1753
1757
1758
1759
1703
1702
1701
1699
1698
1697
1696
1711
1710
1709
1708
1707
1706
1705
1704
1719
1716
1717
1714
1715
1712
1713
1726
1724
1725
1722
1677
1676
1678
1673
1672
1675
1674
1684
1685
1686
1687
1680
1682
1683
1693
1694
1695
1688
1689
1690
1691
1914
1919
1918
1904
1906
1909
1908
1911
1910
1902
1903
1883
1882
1880
1886
1885
1884
1875
1874
1872
1879
1877
1876
1864
1871
1868
1869
1858
1859
1856
1857
1863
1860
1852
1855
1848
1851
1850
1845
1847
1841
1836
1837
1838
1839
1833
1834
1835
1828
1829
1830
1831
1824
1826
1827
1823
1821
1818
1817
1816
1813
1812
1811
1810
1809
1808
1806
1807
1804
1802
1803
1800
1801
1798
1799
1797
1794
1795
1792
1793
2033
2034
2035
2036
2037
2038
2039
2040
2042
2043
2044
2045
2046
2047
2019
2018
2021
2020
2023
2025
2024
2027
2030
2002
2003
2000
2001
2006
2010
2011
2008
2009
2014
2015
2012
2013
1987
1986
1985
1984
1990
1989
1995
1992
1998
1973
1975
1971
1980
1981
1982
1983
1978
1979
1957
1959
1958
1953
1955
1954
1965
1964
1967
1961
1963
1962
1943
1940
1941
1938
1939
1936
1937
1950
1948
1949
1947
1944
1927
1926
1925
1924
1923
1922
1920
1935
1934
1931
1930
1929
1928
2200
2201
2202
2204
2205
2207
2192
2193
2194
2195
2196
2197
2185
2184
2187
2186
2189
2191
2179
2178
2181
2180
2183
2182
2234
2232
2233
2238
2239
2236
2237
2226
2224
2225
2230
2231
2228
2229
2219
2218
2217
2216
2223
2222
2221
2220
2210
2215
2214
2213
2212
2268
2269
2270
2271
2264
2265
2266
2260
2261
2262
2263
2256
2257
2258
2259
2253
2252
2255
2254
2251
2250
2245
2244
2247
2246
2241
2240
2243
2242
2302
2300
2301
2298
2299
2296
2297
2295
2293
2290
2291
2288
2289
2287
2286
2285
2283
2282
2281
2280
2279
2277
2276
2275
2274
2272
2064
2067
2066
2069
2068
2071
2070
2073
2072
2079
2048
2049
2050
2053
2057
2058
2059
2060
2061
2062
2063
2107
2105
2104
2111
2110
2109
2080
2084
2133
2132
2135
2134
2128
2131
2130
2141
2140
2143
2142
2137
2116
2117
2118
2119
2112
2113
2115
2124
2125
2127
2120
2121
2122
2123
2167
2166
2165
2164
2163
2162
2161
2160
2175
2170
2169
2150
2151
2148
2149
2146
2144
2158
2159
2156
2157
2154
2155
2152
2153
2810
2808
2815
2813
2802
2803
2801
2806
2805
2795
2794
2793
2792
2799
2798
2797
2796
2787
2785
2784
2791
2790
2788
2777
2778
2781
2783
2768
2771
2772
2773
2774
2761
2760
2763
2762
2765
2764
2767
2766
2755
2756
2759
2758
2612
2609
2608
2623
2622
2621
2620
2619
2616
2673
2672
2679
2677
2676
2683
2682
2681
2680
2687
2686
2685
2684
2658
2659
2662
2663
2660
2666
2664
2665
2671
2668
2643
2642
2645
2644
2647
2646
2649
2653
2652
2654
2624
2627
2632
2634
2636
2637
2639
2989
2991
2990
2985
2984
2987
2986
2981
2980
2983
2982
2977
2976
2978
3007
3002
2997
2998
2999
2992
2993
2994
2959
2958
2957
2953
2951
2950
2947
2946
2945
2974
2975
2972
2973
2970
2971
2968
2969
2966
2967
2965
2962
2963
2960
2961
3049
3051
3053
3052
3055
3054
3041
3040
3043
3042
3044
3047
3046
3064
3065
3066
3056
3060
3061
3063
3019
3017
3023
3022
3021
3020
3011
3010
3009
3008
3015
3014
3013
3012
3034
3035
3032
3033
3038
3036
3037
3027
3024
3025
3030
3031
3028
3029
2853
2848
2850
2851
2860
2863
2856
2857
2858
2859
2868
2871
2870
2865
2864
2867
2866
2877
2876
2879
2878
2873
2872
2875
2874
2822
2823
2820
2821
2818
2819
2817
2830
2831
2828
2829
2826
2827
2824
2825
2839
2838
2837
2836
2835
2833
2832
2847
2846
2845
2844
2842
2841
2840
2912
2913
2915
2916
2917
2918
2919
2920
2922
2924
2926
2927
2929
2931
2933
2935
2934
2937
2936
2939
2938
2941
2940
2943
2882
2883
2886
2887
2884
2885
2890
2891
2888
2889
2894
2892
2893
2899
2898
2897
2896
2902
2901
2900
2907
2906
2905
2911
3285
3286
3287
3281
3282
3283
3292
3293
3288
3289
3291
3318
3316
3315
3312
3327
3324
3323
3321
3303
3302
3300
3299
3298
3297
3296
3310
3307
3306
3305
3527
3526
3525
3524
3523
3522
3521
3520
3535
3532
3530
3529
3528
3537
3459
3457
3456
3462
3461
3460
3466
3465
3464
3471
3470
3468
3474
3475
3473
3478
3479
3477
3483
3480
3481
3484
3489
3491
3493
3492
3495
3497
3499
3498
3501
3503
3502
3507
3508
3509
3510
3511
3512
3513
3514
3515
3516
3406
3407
3405
3402
3403
3396
3394
3395
3392
3393
3423
3419
3418
3412
3411
3410
3436
3437
3432
3433
3428
3429
3430
3431
3424
3425
3427
3453
3452
3455
3454
3450
3444
3446
3441
3443
3442
3339
3336
3337
3342
3343
3341
3330
3331
3328
3329
3334
3335
3333
3354
3353
3352
3359
3347
3346
3345
3344
3351
3350
3349
3369
3370
3372
3375
3362
3363
3364
3365
3384
3387
3386
3377
3376
3379
3378
3380
3383
3382
