958
954
955
948
949
950
951
944
945
946
947
942
937
938
933
932
935
934
928
930
926
927
925
922
920
918
919
916
917
915
912
911
910
909
907
906
905
903
901
900
899
898
1016
1018
1021
1022
1010
1011
1013
1015
1003
1002
1005
1004
1006
995
994
990
988
989
978
979
982
983
980
981
971
970
975
974
973
972
963
961
960
966
965
964
1100
1101
1102
1096
1098
1092
1094
1088
1089
1090
1091
1116
1119
1118
1113
1112
1115
1114
1108
1111
1110
1105
1104
1107
1106
1134
1135
1133
1130
1131
1128
1129
1126
1127
1124
1125
1122
1123
1120
1121
1151
1150
1149
1148
1146
1145
1144
1143
1142
1141
1139
1138
1136
1032
1034
1036
1037
1038
1039
1024
1025
1026
1027
1049
1048
1052
1055
1041
1040
1042
1045
1044
1047
1046
1066
1064
1065
1071
1059
1056
1063
1061
1083
1082
1081
1087
1086
1085
1084
1075
1074
1073
1072
1079
1077
1076
1221
1220
1219
1218
1228
1230
1225
1224
1227
1236
1237
1238
1239
1233
1234
1235
1244
1245
1246
1240
1241
1242
1250
1249
1248
1270
1271
1278
1279
1277
1274
1275
1272
1153
1152
1157
1156
1159
1158
1161
1160
1163
1165
1167
1166
1169
1174
1176
1177
1178
1180
1181
1183
1187
1186
1184
1191
1190
1189
1195
1194
1193
1199
1198
1197
1196
1202
1203
1200
1201
1206
1204
1205
1210
1209
1214
1215
1213
1407
1406
1401
1402
1399
1306
1305
1304
1311
1310
1309
1298
1297
1296
1303
1302
1301
1300
1290
1291
1288
1294
1295
1293
1282
1283
1280
1281
1287
1284
1285
1320
1312
1313
1314
1316
1317
1319
1494
1495
1493
1490
1491
1488
1502
1503
1500
1498
1499
1496
1479
1477
1476
1474
1472
1487
1486
1485
1482
1524
1525
1526
1520
1521
1522
1532
1533
1534
1535
1528
1529
1530
1531
1509
1508
1510
1504
1507
1506
1517
1516
1519
1518
1512
1514
1426
1427
1425
1430
1431
1428
1429
1434
1435
1432
1438
1439
1436
1437
1410
1409
1408
1415
1414
1413
1418
1417
1416
1423
1422
1421
1420
1456
1457
1458
1459
1460
1461
1462
1463
1464
1465
1466
1467
1469
1471
1441
1440
1443
1442
1445
1444
1449
1448
1453
1454
1548
1549
1550
1551
1545
1547
1540
1541
1536
1537
1538
1539
1557
1556
1552
1555
1763
1760
1767
1766
1765
1764
1770
1769
1768
1775
1772
1779
1776
1777
1782
1783
1780
1781
1786
1787
1785
1788
1789
1729
1731
1730
1733
1732
1735
1734
1737
1736
1739
1738
1741
1740
1743
1742
1744
1746
1747
1749
1750
1751
1752
1753
1756
1757
1759
1703
1702
1701
1700
1699
1696
1711
1710
1709
1708
1707
1706
1705
1704
1718
1719
1717
1715
1712
1713
1724
1725
1722
1677
1676
1679
1678
1673
1672
1675
1674
1684
1685
1686
1687
1680
1681
1682
1683
1692
1694
1688
1689
1690
1691
1913
1912
1917
1919
1918
1907
1906
1909
1908
1911
1910
1902
1883
1882
1881
1880
1887
1886
1885
1884
1875
1874
1879
1878
1876
1866
1865
1870
1871
1868
1869
1858
1859
1857
1863
1860
1852
1855
1854
1848
1851
1845
1847
1846
1841
1840
1836
1838
1839
1833
1835
1828
1829
1830
1831
1824
1825
1826
1827
1823
1821
1818
1817
1816
1815
1813
1812
1810
1809
1808
1806
1807
1804
1805
1802
1803
1800
1801
1798
1796
1797
1794
1795
1793
2032
2033
2034
2035
2037
2038
2039
2043
2044
2045
2017
2019
2018
2021
2020
2023
2022
2027
2029
2028
2031
2030
2002
2003
2000
2001
2006
2007
2010
2011
2008
2009
2014
2015
2013
1987
1986
1985
1990
1989
1988
1995
1998
1997
1996
1972
1973
1975
1970
1971
1980
1981
1982
1983
1976
1978
1979
1957
1956
1958
1953
1955
1954
1967
1966
1961
1963
1962
1942
1943
1940
1941
1939
1936
1937
1950
1951
1948
1949
1947
1944
1927
1926
1925
1924
1923
1922
1921
1920
1934
1933
1932
1931
1930
1929
1928
2200
2201
2202
2203
2204
2205
2206
2192
2193
2194
2195
2196
2197
2198
2199
2185
2187
2186
2189
2191
2190
2179
2178
2181
2180
2183
2182
2234
2232
2233
2238
2239
2236
2226
2227
2224
2225
2230
2231
2229
2219
2218
2217
2223
2222
2211
2210
2209
2208
2215
2214
2212
2268
2269
2271
2264
2265
2266
2267
2260
2261
2262
2263
2256
2257
2258
2259
2252
2255
2254
2249
2248
2251
2250
2245
2244
2246
2241
2240
2243
2242
2302
2303
2301
2298
2299
2294
2295
2292
2290
2291
2288
2289
2287
2286
2283
2281
2280
2276
2275
2274
2272
2064
2067
2066
2069
2068
2071
2073
2072
2075
2077
2079
2078
2048
2049
2050
2051
2052
2053
2054
2058
2059
2060
2061
2062
2063
2107
2106
2105
2104
2111
2082
2083
2080
2081
2084
2133
2132
2135
2134
2131
2130
2140
2143
2142
2136
2139
2117
2118
2119
2112
2114
2115
2124
2125
2127
2120
2121
2122
2123
2167
2166
2165
2164
2163
2162
2161
2160
2175
2173
2172
2171
2170
2168
2150
2151
2148
2149
2146
2147
2144
2145
2158
2159
2156
2154
2155
2152
2153
2811
2808
2815
2812
2813
2802
2800
2801
2806
2807
2804
2805
2795
2794
2793
2792
2799
2797
2796
2787
2786
2785
2784
2791
2790
2788
2776
2777
2778
2779
2780
2781
2782
2768
2770
2771
2772
2774
2775
2761
2760
2763
2762
2767
2755
2754
2757
2756
2759
2758
2613
2610
2608
2623
2622
2621
2620
2619
2616
2675
2673
2672
2679
2677
2676
2682
2681
2680
2687
2686
2685
2684
2658
2659
2662
2663
2661
2666
2667
2664
2665
2670
2671
2668
2669
2641
2640
2642
2645
2644
2647
2646
2648
2653
2652
2655
2654
2624
2625
2627
2628
2630
2631
2632
2633
2634
2635
2636
2637
2989
2991
2990
2984
2986
2980
2983
2982
2977
3006
3007
3000
3001
3002
2996
2997
2998
2999
2994
2995
2959
2952
2950
2947
2946
2945
2944
2974
2975
2968
2969
2965
2962
2961
3048
3051
3053
3052
3055
3054
3041
3046
3064
3065
3066
3056
3059
3060
3063
3019
3018
3016
3023
3022
3020
3011
3010
3008
3014
3013
3012
3034
3035
3033
3039
3026
3027
3024
3031
3029
2852
2853
2854
2855
2848
2849
2850
2851
2860
2861
2862
2863
2856
2857
2858
2859
2869
2871
2870
2865
2867
2866
2877
2879
2873
2875
2820
2821
2818
2819
2817
2830
2831
2828
2829
2827
2824
2839
2838
2835
2833
2832
2847
2845
2844
2843
2842
2841
2912
2913
2919
2920
2921
2922
2924
2925
2929
2928
2933
2932
2934
2937
2936
2938
2940
2882
2883
2880
2881
2887
2890
2891
2888
2894
2892
2893
2899
2898
2897
2896
2903
2902
2901
2900
2906
2905
2904
2911
2910
3284
3285
3287
3281
3282
3283
3292
3293
3294
3295
3288
3289
3290
3291
3318
3316
3317
3314
3312
3327
3324
3325
3322
3323
3320
3321
3303
3300
3299
3298
3297
3296
3311
3310
3309
3307
3306
3305
3304
3527
3526
3525
3523
3522
3521
3520
3533
3531
3528
3537
3459
3456
3463
3462
3461
3460
3466
3465
3464
3471
3470
3468
3472
3473
3478
3479
3477
3482
3480
3481
3486
3487
3484
3485
3489
3488
3491
3490
3493
3492
3495
3497
3496
3501
3502
3505
3506
3507
3509
3511
3513
3515
3517
3518
3406
3407
3404
3405
3403
3400
3401
3398
3399
3396
3394
3395
3392
3393
3423
3421
3419
3417
3416
3415
3412
3411
3410
3409
3408
3436
3437
3438
3432
3434
3435
3428
3429
3430
3431
3424
3425
3427
3453
3452
3455
3454
3449
3448
3451
3450
3445
3444
3447
3446
3441
3440
3443
3442
3339
3336
3337
3342
3340
3341
3330
3331
3328
3334
3333
3354
3352
3358
3357
3346
3345
3344
3351
3350
3349
3348
3368
3369
3370
3372
3373
3375
3360
3361
3362
3363
3365
3366
3367
3386
3389
3388
3391
3390
3377
3376
3378
3381
3380
3383
