956
958
952
953
955
948
950
944
945
940
943
942
933
932
934
929
928
931
927
924
925
922
923
920
918
919
915
912
910
908
906
905
904
901
900
899
898
1018
1019
1020
1021
1022
1023
1008
1009
1011
1012
1014
1015
1001
1000
1003
1002
1004
993
992
995
994
996
986
987
984
985
990
991
988
979
976
982
983
980
981
971
970
968
974
973
972
963
962
961
960
967
965
964
1102
1103
1096
1098
1099
1092
1093
1095
1088
1089
1090
1091
1117
1116
1119
1118
1113
1112
1115
1108
1111
1105
1104
1106
1134
1135
1132
1130
1131
1128
1127
1125
1122
1120
1121
1151
1150
1149
1147
1146
1145
1143
1142
1139
1138
1137
1136
1032
1033
1034
1035
1036
1037
1038
1039
1024
1025
1027
1028
1029
1031
1048
1051
1050
1053
1052
1055
1054
1041
1040
1043
1042
1045
1044
1047
1046
1066
1067
1065
1071
1068
1069
1058
1057
1063
1060
1061
1083
1082
1081
1080
1087
1086
1084
1075
1074
1072
1078
1077
1076
1220
1223
1217
1218
1229
1225
1227
1238
1239
1232
1235
1245
1247
1240
1243
1270
1271
1279
1276
1274
1272
1153
1152
1155
1154
1157
1156
1159
1158
1160
1162
1165
1164
1167
1166
1168
1169
1170
1171
1172
1173
1174
1175
1176
1178
1179
1180
1181
1182
1183
1187
1186
1185
1184
1191
1189
1188
1195
1194
1193
1199
1198
1196
1203
1200
1206
1207
1204
1211
1208
1209
1214
1212
1213
1405
1407
1406
1403
1402
1399
1306
1305
1304
1311
1308
1299
1298
1303
1302
1301
1300
1290
1288
1294
1295
1292
1293
1282
1280
1281
1286
1287
1284
1285
1320
1322
1323
1312
1313
1314
1315
1316
1317
1318
1319
1494
1492
1493
1490
1491
1488
1489
1502
1503
1501
1498
1499
1496
1497
1479
1478
1477
1476
1475
1474
1472
1487
1484
1483
1480
1525
1526
1527
1520
1521
1522
1523
1532
1534
1528
1529
1531
1509
1508
1511
1505
1507
1506
1517
1518
1513
1512
1514
1426
1424
1425
1430
1431
1428
1434
1435
1432
1433
1438
1439
1436
1437
1411
1410
1415
1413
1412
1418
1416
1423
1422
1421
1420
1456
1457
1459
1460
1461
1463
1464
1465
1466
1467
1468
1470
1471
1441
1443
1442
1445
1446
1449
1448
1451
1450
1453
1452
1454
1548
1549
1551
1544
1546
1547
1541
1542
1543
1536
1537
1538
1539
1557
1556
1553
1552
1762
1761
1767
1766
1765
1764
1771
1769
1768
1775
1772
1777
1780
1781
1787
1791
1788
1789
1730
1735
1737
1736
1739
1738
1740
1742
1744
1748
1749
1751
1752
1753
1756
1758
1759
1701
1700
1699
1698
1697
1696
1711
1710
1708
1707
1706
1705
1704
1716
1717
1715
1712
1726
1724
1722
1676
1679
1673
1672
1675
1674
1687
1680
1681
1682
1683
1692
1693
1694
1695
1688
1689
1690
1913
1912
1915
1914
1917
1919
1918
1904
1907
1906
1909
1908
1911
1910
1903
1883
1882
1881
1880
1887
1886
1885
1884
1875
1879
1878
1877
1876
1866
1864
1865
1870
1868
1869
1856
1857
1862
1852
1848
1851
1850
1845
1847
1846
1841
1840
1836
1837
1838
1839
1833
1835
1828
1829
1830
1831
1824
1826
1827
1823
1822
1821
1820
1816
1815
1813
1812
1811
1810
1809
1808
1807
1802
1803
1801
1798
1799
1796
1797
1794
1795
1792
2032
2033
2035
2036
2037
2038
2040
2042
2044
2045
2046
2017
2019
2018
2021
2020
2025
2024
2027
2026
2029
2028
2031
2030
2002
2003
2000
2001
2006
2007
2010
2011
2008
2009
2015
2012
2013
1987
1984
1990
1989
1988
1999
1998
1997
1996
1969
1970
1971
1981
1983
1976
1978
1979
1957
1959
1958
1953
1955
1954
1965
1964
1967
1966
1961
1963
1962
1943
1940
1938
1936
1937
1951
1948
1949
1944
1945
1927
1925
1924
1922
1921
1920
1935
1933
1932
1931
1930
1929
1928
2200
2201
2202
2203
2204
2205
2206
2192
2194
2195
2196
2197
2198
2199
2185
2184
2187
2189
2188
2191
2190
2179
2178
2181
2180
2182
2234
2233
2238
2239
2236
2226
2224
2225
2230
2231
2228
2219
2218
2216
2223
2221
2220
2210
2209
2208
2215
2213
2212
2268
2270
2271
2264
2266
2267
2260
2261
2262
2263
2256
2257
2258
2259
2253
2252
2254
2249
2248
2251
2250
2245
2244
2247
2246
2241
2240
2243
2242
2303
2300
2301
2298
2296
2297
2294
2292
2290
2291
2289
2287
2285
2284
2283
2281
2280
2279
2276
2275
2272
2067
2068
2071
2073
2072
2075
2077
2079
2078
2049
2050
2051
2053
2054
2055
2057
2061
2062
2063
2107
2106
2105
2104
2111
2110
2109
2082
2083
2080
2081
2084
2132
2135
2134
2128
2131
2130
2141
2140
2143
2142
2137
2136
2139
2116
2117
2118
2119
2113
2114
2115
2127
2120
2121
2122
2123
2167
2165
2162
2160
2173
2172
2170
2169
2168
2150
2151
2148
2149
2146
2147
2144
2145
2158
2159
2156
2157
2154
2155
2152
2153
2810
2811
2808
2809
2813
2802
2803
2800
2801
2806
2807
2804
2805
2795
2794
2793
2792
2799
2798
2787
2785
2784
2791
2790
2789
2788
2776
2778
2780
2781
2783
2768
2770
2771
2772
2774
2775
2761
2763
2765
2764
2766
2755
2754
2757
2756
2759
2758
2615
2612
2611
2610
2609
2622
2621
2619
2616
2675
2673
2672
2679
2678
2677
2676
2683
2682
2681
2680
2687
2686
2685
2684
2658
2659
2657
2662
2661
2664
2665
2671
2668
2669
2640
2643
2642
2645
2647
2648
2653
2652
2655
2654
2624
2625
2626
2630
2631
2632
2633
2635
2637
2639
2990
2985
2984
2987
2986
2981
2983
2982
2977
2976
2978
3006
3007
3000
3001
3002
2996
2997
2998
2999
2992
2993
2994
2959
2958
2957
2952
2951
2950
2945
2944
2975
2972
2973
2971
2968
2969
2967
2962
2963
2961
3048
3051
3053
3052
3055
3054
3041
3040
3043
3042
3045
3044
3047
3046
3064
3056
3058
3059
3062
3019
3016
3023
3022
3021
3020
3010
3009
3008
3015
3014
3013
3012
3034
3035
3032
3033
3038
3039
3037
3026
3024
3025
3030
3031
3028
3029
2852
2853
2854
2855
2848
2849
2851
2860
2861
2862
2863
2856
2857
2858
2859
2868
2871
2870
2865
2864
2867
2866
2876
2879
2878
2873
2872
2875
2874
2822
2820
2818
2819
2817
2830
2831
2828
2829
2827
2824
2825
2839
2838
2837
2836
2835
2834
2833
2846
2845
2844
2843
2842
2841
2840
2912
2913
2915
2916
2917
2918
2919
2921
2922
2923
2926
2927
2929
2931
2933
2935
2934
2939
2938
2941
2940
2943
2882
2883
2880
2886
2887
2884
2885
2891
2889
2894
2892
2893
2899
2898
2897
2896
2903
2902
2900
2907
2906
2911
2910
3284
3285
3286
3287
3281
3282
3283
3292
3293
3288
3290
3318
3316
3317
3314
3315
3312
3313
3327
3324
3325
3322
3320
3321
3303
3302
3301
3298
3297
3296
3311
3310
3309
3307
3306
3527
3525
3522
3521
3520
3535
3534
3532
3531
3530
3528
3537
3463
3462
3461
3460
3466
3465
3464
3470
3468
3474
3472
3477
3482
3481
3486
3487
3485
3489
3488
3491
3490
3493
3492
3494
3496
3499
3498
3501
3500
3503
3502
3504
3505
3506
3508
3509
3511
3512
3514
3517
3406
3404
3405
3402
3403
3400
3401
3398
3397
3394
3395
3392
3393
3423
3422
3421
3417
3416
3415
3412
3411
3409
3408
3437
3438
3432
3433
3434
3435
3428
3429
3430
3424
3425
3453
3452
3454
3451
3450
3444
3447
3446
3440
3443
3338
3339
3342
3340
3341
3330
3331
3328
3329
3334
3335
3333
3354
3353
3352
3359
3358
3347
3345
3344
3349
3348
3368
3369
3370
3372
3373
3374
3360
3361
3362
3363
3364
3365
3366
3367
3385
3387
3386
3389
3391
3390
3377
3378
3380
3383
3382
