945
947
936
929
928
926
911
909
905
1008
1013
1015
1001
1002
992
996
999
998
984
988
983
980
968
973
962
964
1118
1115
1105
1135
1128
1127
1122
1123
1121
1150
1149
1143
1138
1038
1039
1029
1050
1040
1043
1060
1083
1081
1087
1075
1077
1232
1244
1245
1240
1270
1275
1272
1273
1159
1158
1163
1165
1183
1196
1208
1209
1213
1403
1399
1290
1293
1283
1285
1320
1313
1319
1488
1489
1479
1475
1473
1486
1481
1525
1527
1529
1510
1504
1513
1512
1514
1427
1431
1435
1439
1437
1415
1412
1417
1416
1422
1461
1440
1445
1444
1446
1455
1537
1555
1771
1776
1777
1742
1747
1751
1759
1703
1710
1709
1706
1718
1727
1687
1917
1904
1909
1908
1911
1880
1886
1885
1877
1876
1870
1863
1851
1837
1835
1828
1831
1823
1817
1813
1809
1802
1800
1798
1796
2036
2042
2044
2019
2021
2023
2024
2027
2026
2028
2031
2013
1986
1990
1995
1998
1997
1996
1973
1971
1980
1957
1956
1953
1964
1939
1950
1951
1944
1924
1921
1934
2201
2207
2195
2196
2199
2236
2208
2269
2263
2255
2241
2291
2288
2281
2276
2275
2272
2067
2069
2072
2075
2077
2055
2061
2107
2105
2104
2110
2082
2083
2080
2135
2139
2116
2127
2167
2168
2155
2815
2813
2795
2786
2776
2777
2782
2615
2623
2619
2679
2686
2685
2659
2663
2666
2670
2669
2640
2642
2655
2637
2991
2979
3000
2957
2951
2973
2971
2968
2969
2967
2963
2961
3050
3052
3041
3040
3043
3046
3064
3065
3059
3017
3021
3020
3011
3009
3008
3038
3031
3028
2855
2848
2850
2861
2858
2866
2877
2872
2874
2820
2830
2827
2833
2844
2913
2916
2928
2937
2936
2939
2885
2893
2897
2896
2900
3287
3289
3315
3322
3321
3301
3298
3307
3534
3532
3529
3459
3470
3468
3478
3479
3489
3490
3493
3492
3500
3504
3417
3416
3415
3429
3430
3450
3446
3330
3329
3352
3344
3385
3384
3386
3391
3378
3380
