952
954
948
951
932
922
920
918
917
911
907
899
1018
1020
1023
1008
1009
1002
995
994
996
998
987
978
971
962
1100
1118
1114
1111
1110
1135
1128
1124
1123
1121
1151
1149
1143
1142
1138
1137
1033
1035
1026
1030
1053
1054
1041
1069
1056
1082
1087
1072
1233
1160
1163
1167
1170
1171
1172
1175
1179
1181
1183
1195
1199
1200
1215
1403
1305
1304
1310
1309
1298
1302
1300
1290
1289
1294
1295
1293
1282
1319
1494
1495
1492
1503
1483
1482
1524
1520
1522
1528
1529
1510
1513
1428
1434
1433
1415
1414
1419
1457
1460
1462
1466
1449
1762
1739
1747
1752
1756
1759
1702
1698
1707
1705
1704
1712
1674
1686
1683
1912
1914
1917
1870
1851
1846
1841
1836
1839
1819
1817
1813
1806
1804
2033
2021
2020
2027
2028
2000
2013
1987
1990
1995
1970
1956
1938
1926
1921
2202
2184
2180
2233
2238
2236
2222
2220
2211
2214
2271
2267
2253
2250
2242
2302
2300
2290
2288
2287
2282
2274
2075
2054
2082
2130
2125
2127
2122
2162
2175
2150
2157
2810
2809
2801
2807
2777
2781
2782
2762
2767
2766
2754
2757
2613
2622
2675
2672
2677
2687
2686
2666
2667
2664
2671
2669
2640
2655
2625
2631
2637
2990
2985
2984
2986
2980
3007
2998
2952
2972
2968
3050
3052
3041
3047
3056
3018
3016
3009
3013
3035
3038
3039
2854
2860
2861
2856
2869
2864
2876
2874
2831
2827
2825
2833
2912
2915
2918
2920
2928
2935
2938
2941
2943
2882
2880
2886
2898
2896
2902
3284
3293
3316
3324
3320
3303
3527
3523
3529
3462
3461
3483
3481
3489
3491
3490
3492
3495
3494
3501
3502
3512
3514
3407
3421
3418
3410
3409
3408
3438
3434
3429
3452
3454
3443
3442
3342
3330
3328
3347
3346
3351
3349
3373
3391
