956
952
953
954
955
948
950
951
944
945
946
947
940
943
937
939
938
933
934
929
928
930
926
927
924
925
922
923
920
918
919
916
917
915
912
910
909
908
907
906
905
903
902
900
899
898
1016
1018
1020
1022
1009
1011
1012
1013
1014
1000
1002
1005
1004
1007
1006
993
992
995
997
999
998
986
987
984
985
991
988
989
978
979
976
983
980
981
971
970
968
975
974
973
972
963
962
961
960
967
966
964
1100
1101
1103
1096
1097
1098
1094
1095
1088
1089
1090
1091
1117
1119
1113
1112
1108
1104
1107
1134
1135
1133
1130
1131
1129
1126
1127
1124
1122
1120
1145
1140
1139
1138
1137
1032
1035
1036
1038
1039
1025
1029
1030
1031
1049
1048
1050
1053
1052
1055
1041
1043
1044
1046
1066
1064
1065
1071
1068
1069
1058
1057
1063
1060
1083
1080
1087
1084
1074
1073
1072
1078
1076
1220
1223
1222
1217
1216
1219
1218
1229
1228
1231
1230
1224
1227
1226
1236
1237
1238
1239
1232
1233
1234
1244
1245
1242
1243
1250
1249
1248
1270
1279
1276
1277
1274
1275
1272
1273
1152
1156
1159
1158
1160
1162
1164
1166
1168
1169
1170
1171
1172
1173
1174
1178
1179
1180
1182
1183
1187
1186
1184
1191
1190
1189
1188
1195
1194
1193
1199
1198
1196
1202
1203
1201
1206
1204
1205
1208
1209
1214
1215
1212
1213
1404
1406
1401
1400
1403
1399
1306
1304
1310
1309
1308
1299
1298
1297
1303
1302
1290
1291
1288
1289
1294
1295
1292
1293
1282
1283
1280
1281
1287
1285
1320
1321
1322
1312
1313
1314
1317
1319
1495
1492
1490
1488
1489
1503
1500
1501
1499
1497
1479
1478
1476
1475
1474
1473
1472
1486
1484
1483
1482
1481
1480
1524
1525
1526
1527
1520
1521
1522
1532
1533
1535
1528
1529
1530
1531
1508
1510
1504
1507
1506
1517
1516
1519
1518
1513
1514
1426
1427
1424
1425
1430
1431
1428
1429
1434
1435
1432
1433
1438
1439
1436
1437
1411
1410
1409
1408
1415
1414
1413
1418
1417
1416
1422
1421
1420
1456
1457
1458
1459
1461
1462
1463
1464
1465
1466
1467
1468
1469
1471
1443
1442
1445
1444
1447
1446
1449
1451
1450
1453
1455
1454
1548
1549
1550
1544
1545
1546
1547
1540
1541
1543
1536
1537
1538
1539
1553
1552
1554
1763
1762
1761
1760
1767
1766
1765
1764
1771
1770
1768
1773
1772
1776
1777
1783
1780
1781
1786
1787
1784
1785
1790
1791
1731
1730
1733
1735
1734
1737
1736
1741
1740
1743
1744
1745
1747
1749
1750
1751
1752
1753
1756
1757
1758
1759
1703
1702
1701
1700
1698
1697
1711
1710
1709
1708
1707
1706
1705
1718
1719
1716
1715
1712
1713
1726
1727
1725
1722
1720
1721
1677
1679
1678
1673
1672
1675
1674
1685
1686
1681
1682
1683
1693
1694
1695
1688
1690
1691
1913
1912
1915
1914
1919
1904
1907
1909
1908
1911
1910
1902
1903
1883
1882
1881
1880
1886
1885
1874
1872
1878
1877
1876
1864
1865
1870
1871
1869
1858
1856
1857
1862
1863
1860
1852
1855
1854
1851
1846
1840
1836
1838
1839
1833
1835
1828
1829
1830
1831
1824
1827
1823
1822
1821
1815
1812
1811
1810
1809
1808
1807
1804
1805
1802
1803
1798
1799
1796
1797
1795
1792
1793
2032
2033
2034
2035
2036
2037
2038
2039
2042
2043
2044
2045
2046
2047
2019
2018
2023
2025
2024
2027
2026
2029
2028
2031
2030
2002
2003
2000
2007
2010
2011
2009
2014
2015
2012
1985
1984
1988
1995
1999
1998
1997
1996
1972
1969
1970
1980
1982
1983
1978
1979
1957
1956
1958
1953
1964
1967
1966
1963
1962
1942
1940
1941
1938
1939
1936
1937
1950
1951
1948
1949
1944
1945
1927
1926
1925
1924
1923
1922
1921
1920
1935
1934
1932
1931
1930
1929
2200
2201
2202
2203
2204
2205
2207
2192
2193
2195
2196
2197
2198
2199
2187
2189
2191
2190
2178
2181
2180
2183
2182
2234
2235
2233
2238
2239
2236
2226
2227
2224
2225
2230
2231
2228
2229
2219
2218
2217
2216
2223
2222
2221
2220
2211
2208
2215
2214
2213
2212
2268
2269
2270
2264
2265
2266
2267
2260
2261
2263
2256
2258
2259
2252
2255
2254
2249
2248
2251
2250
2247
2246
2240
2302
2303
2300
2301
2298
2299
2296
2297
2294
2292
2293
2290
2291
2288
2289
2287
2286
2285
2283
2282
2281
2279
2277
2276
2275
2274
2064
2067
2066
2069
2068
2071
2070
2073
2072
2075
2077
2079
2078
2048
2049
2050
2052
2054
2055
2057
2059
2060
2062
2063
2107
2106
2105
2104
2111
2110
2109
2082
2083
2080
2081
2084
2133
2132
2135
2134
2131
2130
2141
2143
2142
2137
2136
2139
2116
2117
2118
2112
2113
2114
2115
2124
2125
2120
2121
2122
2123
2167
2165
2162
2161
2160
2175
2172
2171
2170
2169
2168
2150
2151
2148
2149
2146
2147
2144
2158
2159
2156
2157
2154
2155
2152
2153
2811
2808
2809
2815
2812
2813
2803
2800
2801
2807
2804
2805
2794
2793
2792
2799
2798
2797
2796
2787
2786
2785
2784
2790
2789
2788
2777
2780
2782
2783
2768
2770
2771
2772
2773
2774
2775
2760
2763
2755
2754
2757
2756
2758
2615
2613
2612
2611
2610
2609
2608
2623
2622
2621
2620
2619
2673
2672
2679
2676
2683
2681
2680
2687
2686
2684
2658
2659
2662
2663
2660
2661
2667
2664
2665
2670
2671
2668
2669
2641
2643
2642
2646
2648
2653
2652
2655
2654
2624
2625
2627
2629
2632
2633
2634
2635
2636
2637
2639
2989
2985
2987
2986
2981
2983
2982
2977
2976
2979
2978
3006
3007
3000
3001
3002
2996
2997
2998
2992
2993
2994
2995
2958
2953
2952
2951
2950
2946
2944
2974
2975
2972
2971
2968
2969
2967
2965
2962
2963
3049
3048
3050
3053
3052
3055
3054
3040
3043
3042
3045
3047
3046
3064
3066
3056
3059
3061
3062
3063
3019
3018
3017
3023
3022
3021
3020
3011
3010
3009
3008
3015
3012
3034
3035
3032
3033
3036
3037
3026
3027
3024
3025
2853
2854
2855
2848
2850
2851
2861
2863
2857
2858
2859
2869
2868
2870
2865
2866
2877
2876
2878
2873
2872
2875
2874
2822
2823
2820
2821
2819
2817
2830
2831
2828
2829
2826
2827
2824
2838
2837
2836
2835
2834
2833
2832
2846
2845
2844
2842
2841
2840
2913
2915
2916
2918
2919
2920
2921
2922
2924
2925
2927
2929
2928
2931
2933
2932
2934
2937
2936
2939
2940
2943
2882
2883
2880
2881
2886
2887
2884
2885
2890
2891
2889
2895
2893
2899
2898
2897
2896
2902
2901
2900
2907
2906
2905
2904
2910
3284
3285
3286
3281
3282
3292
3293
3294
3295
3288
3289
3290
3291
3318
3317
3314
3312
3327
3325
3322
3323
3320
3321
3303
3302
3301
3300
3299
3298
3297
3296
3310
3309
3307
3304
3527
3526
3525
3524
3523
3522
3521
3534
3533
3532
3531
3530
3529
3528
3536
3537
3459
3458
3457
3456
3463
3461
3466
3464
3471
3470
3468
3474
3475
3472
3473
3478
3477
3482
3483
3486
3487
3485
3489
3488
3491
3490
3492
3495
3494
3497
3496
3499
3498
3500
3503
3502
3504
3506
3507
3508
3509
3510
3511
3512
3514
3516
3517
3518
3519
3406
3404
3405
3402
3403
3400
3401
3398
3399
3396
3394
3392
3393
3423
3421
3419
3418
3416
3415
3412
3411
3410
3409
3408
3436
3437
3438
3432
3433
3434
3435
3428
3429
3431
3453
3452
3449
3448
3451
3450
3445
3444
3447
3441
3440
3339
3336
3337
3342
3343
3340
3341
3330
3331
3328
3329
3334
3333
3354
3359
3358
3347
3345
3344
3351
3350
3349
3348
3368
3369
3372
3373
3374
3375
3360
3361
3362
3364
3365
3366
3367
3384
3387
3386
3389
3388
3391
3390
3376
3378
3381
3383
