956
951
945
943
932
934
929
928
930
923
920
909
907
902
1017
1008
1010
1001
983
980
968
973
966
965
1098
1099
1090
1113
1114
1109
1106
1125
1122
1141
1138
1136
1032
1034
1026
1030
1052
1045
1066
1067
1065
1071
1080
1086
1075
1079
1220
1228
1231
1227
1249
1270
1276
1272
1152
1163
1165
1168
1173
1176
1177
1178
1188
1195
1204
1215
1401
1308
1297
1300
1287
1323
1315
1317
1495
1491
1488
1498
1485
1483
1481
1529
1531
1508
1510
1507
1506
1517
1519
1513
1427
1434
1432
1409
1414
1418
1456
1459
1464
1446
1548
1536
1538
1539
1556
1762
1765
1771
1773
1783
1780
1786
1790
1788
1730
1734
1739
1746
1748
1752
1698
1718
1719
1716
1721
1676
1685
1682
1912
1917
1918
1907
1906
1882
1885
1884
1874
1866
1865
1868
1848
1838
1833
1834
1828
1815
1806
1807
1803
1801
1796
1797
2032
2034
2039
2040
2042
2043
2025
2024
2010
2014
1984
1973
1981
1982
1976
1959
1961
1943
1939
1949
1947
1929
2200
2198
2184
2187
2186
2189
2181
2180
2231
2228
2216
2211
2215
2214
2270
2271
2267
2260
2257
2252
2254
2249
2250
2245
2242
2303
2296
2297
2289
2286
2282
2279
2274
2064
2072
2104
2111
2109
2133
2134
2142
2118
2115
2124
2122
2162
2175
2173
2172
2171
2170
2169
2168
2148
2154
2809
2801
2777
2760
2759
2613
2612
2621
2672
2680
2686
2662
2667
2670
2643
2630
2631
2991
2977
2976
3007
3000
2998
2994
2995
2957
2951
2945
2975
2973
2968
2966
3047
3062
3019
3017
3023
3021
3008
3015
3035
3026
2853
2849
2863
2857
2859
2871
2866
2873
2829
2827
2837
2833
2832
2846
2915
2934
2936
2939
2938
2940
2894
2892
2893
2902
2907
2911
3284
3281
3293
3294
3288
3316
3314
3313
3325
3301
3304
3530
3456
3480
3484
3497
3503
3505
3510
3512
3406
3400
3395
3447
3441
3443
3336
3337
3343
3329
3353
3351
3368
3374
3365
3366
3389
3379
