954
946
942
938
934
929
931
912
898
1016
1023
1012
1014
1006
999
986
987
991
978
971
1103
1096
1099
1091
1107
1127
1122
1149
1146
1137
1039
1027
1048
1050
1055
1054
1040
1047
1086
1076
1231
1230
1232
1241
1250
1272
1154
1176
1179
1186
1191
1194
1197
1206
1213
1401
1305
1298
1296
1302
1295
1282
1321
1312
1313
1318
1500
1501
1474
1534
1529
1530
1531
1511
1506
1427
1429
1432
1433
1414
1423
1421
1456
1457
1460
1466
1470
1445
1449
1451
1450
1452
1550
1543
1539
1557
1556
1553
1554
1763
1764
1771
1775
1772
1779
1780
1787
1788
1732
1745
1747
1752
1703
1698
1696
1705
1677
1679
1678
1672
1684
1693
1694
1914
1917
1907
1909
1908
1910
1882
1887
1886
1884
1876
1860
1852
1855
1851
1836
1835
1822
1821
1808
1807
1798
1796
1795
2035
2036
2044
2020
2003
2014
1986
1990
1996
1972
1970
1971
1982
1983
1979
1955
1965
1964
1963
1936
1923
1921
1920
1929
2204
2198
2234
2232
2227
2225
2218
2216
2211
2214
2213
2262
2256
2259
2254
2241
2297
2295
2288
2289
2279
2072
2078
2105
2082
2133
2130
2140
2136
2114
2165
2161
2173
2151
2146
2159
2153
2808
2804
2795
2773
2775
2763
2762
2609
2676
2683
2681
2687
2659
2669
2645
2644
2655
2630
2634
2985
2987
2983
2979
3000
2996
2958
2957
2953
2970
2967
2963
3052
3055
3054
3041
3042
3046
3018
3021
3020
3035
3032
3039
3024
2854
2855
2851
2856
2870
2879
2874
2828
2826
2824
2833
2845
2840
2913
2918
2936
2886
2887
2890
2911
3281
3295
3288
3289
3322
3299
3525
3457
3463
3462
3461
3466
3471
3474
3478
3479
3480
3486
3484
3485
3493
3495
3494
3498
3507
3511
3514
3404
3401
3397
3392
3415
3409
3433
3434
3431
3455
3451
3450
3444
3443
3442
3338
3339
3340
3328
3345
3351
3349
3348
3368
3370
3372
3385
3386
3378
3381
