948
944
936
933
928
926
924
918
916
917
915
903
902
898
1008
1011
1002
1004
1007
1006
992
994
998
986
985
978
981
972
1096
1090
1109
1108
1104
1107
1106
1133
1130
1122
1121
1149
1147
1145
1143
1032
1035
1037
1029
1049
1041
1047
1066
1064
1059
1086
1072
1077
1231
1225
1227
1238
1245
1242
1249
1248
1276
1275
1272
1273
1153
1158
1186
1190
1193
1198
1200
1210
1211
1208
1399
1311
1310
1299
1298
1296
1290
1291
1289
1286
1321
1312
1319
1494
1490
1478
1476
1474
1485
1484
1524
1521
1530
1510
1518
1429
1419
1417
1420
1461
1453
1547
1541
1552
1761
1760
1765
1771
1772
1780
1729
1731
1733
1737
1752
1757
1703
1698
1711
1718
1673
1913
1915
1904
1885
1875
1866
1865
1871
1856
1863
1850
1845
1836
1839
1829
1831
1827
1823
1817
1816
1813
1811
1803
1798
1797
1793
2036
2045
2046
2019
2023
2022
2024
2000
2006
2015
1985
1988
1995
1997
1970
1981
1962
1942
1940
1950
1923
1932
1930
2205
2199
2184
2179
2235
2232
2227
2223
2208
2260
2253
2252
2251
2244
2247
2246
2302
2301
2297
2293
2283
2274
2272
2064
2066
2073
2077
2078
2055
2063
2104
2083
2141
2124
2120
2121
2167
2165
2162
2170
2168
2156
2155
2811
2815
2807
2787
2786
2776
2760
2767
2755
2613
2609
2679
2676
2687
2686
2664
2665
2641
2640
2645
2648
3007
3000
3002
2996
2995
2959
2958
2944
2962
2961
3049
3042
3046
3064
3058
3059
3011
3010
3034
3033
3039
3029
2852
2854
2848
2860
2859
2868
2871
2865
2875
2823
2821
2818
2826
2837
2834
2847
2840
2912
2918
2924
2931
2936
2895
2892
2893
2906
2904
3282
3288
3315
3327
3322
3301
3523
3531
3458
3463
3468
3475
3477
3484
3489
3490
3498
3501
3505
3519
3404
3394
3419
3415
3412
3411
3408
3436
3431
3445
3447
3446
3330
3334
3359
3358
3347
3345
3348
3366
3367
3387
3391
3390
3377
3379
