956
953
947
929
930
910
1017
1019
1023
1010
1001
1006
993
995
985
990
978
979
976
1100
1102
1088
1119
1113
1108
1110
1105
1107
1106
1134
1130
1128
1121
1146
1145
1140
1033
1034
1035
1049
1052
1041
1047
1067
1057
1061
1086
1217
1218
1238
1233
1234
1242
1270
1158
1161
1160
1167
1166
1168
1177
1180
1183
1184
1188
1209
1213
1401
1403
1308
1299
1300
1290
1280
1285
1321
1493
1490
1488
1489
1501
1498
1499
1479
1473
1481
1480
1526
1527
1532
1528
1434
1432
1433
1411
1409
1408
1416
1420
1461
1465
1441
1444
1551
1544
1546
1543
1557
1761
1771
1769
1733
1732
1737
1736
1743
1742
1753
1702
1701
1697
1710
1708
1706
1705
1716
1717
1712
1724
1677
1679
1678
1672
1681
1682
1693
1689
1919
1904
1902
1880
1887
1866
1870
1871
1869
1851
1846
1837
1839
1834
1828
1831
1824
1817
1813
1810
2032
2043
2020
2031
2000
1987
1985
1998
1996
1975
1970
1980
1959
1953
1967
1940
1951
1945
1927
1925
1924
1921
1935
1934
2202
2198
2188
2180
2182
2232
2236
2227
2231
2229
2216
2223
2221
2209
2214
2268
2269
2270
2262
2253
2252
2254
2250
2246
2243
2300
2298
2286
2284
2283
2280
2277
2077
2049
2059
2060
2104
2134
2142
2118
2166
2164
2171
2151
2148
2147
2810
2795
2799
2798
2778
2783
2774
2775
2762
2765
2767
2755
2757
2758
2672
2682
2664
2671
2641
2643
2645
2629
2990
2980
2999
2994
2958
2968
2965
2962
2960
3049
3055
3065
3017
3016
3022
3021
3015
3033
3038
3037
3027
3024
3030
3031
3028
3029
2852
2862
2871
2876
2879
2817
2827
2824
2844
2916
2932
2943
2881
2887
2884
2890
2893
2899
2903
2907
3295
3318
3317
3300
3298
3296
3310
3309
3525
3523
3522
3531
3530
3456
3463
3460
3466
3464
3468
3479
3482
3488
3493
3497
3509
3514
3518
3403
3393
3438
3432
3454
3450
3440
3442
3337
3358
3370
3373
3362
3379
