956
958
952
953
954
955
948
949
950
951
944
945
946
940
943
937
936
939
938
933
932
935
934
929
931
930
927
925
922
923
920
918
916
912
911
909
908
906
905
904
903
900
899
898
1016
1018
1020
1021
1022
1023
1008
1009
1011
1012
1014
1015
1001
1000
1003
1002
1004
1007
1006
995
994
997
996
998
986
987
984
985
990
991
988
989
979
976
982
983
980
981
971
975
974
973
972
962
961
960
967
966
965
1100
1102
1103
1096
1097
1098
1099
1092
1093
1094
1090
1091
1117
1116
1119
1118
1113
1112
1115
1109
1111
1110
1104
1107
1106
1134
1132
1133
1130
1131
1128
1126
1127
1125
1123
1120
1121
1151
1150
1148
1147
1146
1145
1143
1142
1140
1138
1137
1032
1033
1035
1036
1037
1038
1024
1025
1026
1027
1028
1029
1030
1031
1049
1051
1050
1053
1052
1055
1054
1041
1040
1043
1042
1045
1044
1047
1065
1070
1071
1059
1056
1057
1063
1060
1082
1081
1080
1087
1086
1085
1084
1075
1074
1073
1072
1078
1077
1076
1221
1220
1223
1222
1216
1219
1218
1229
1228
1231
1230
1224
1227
1226
1236
1238
1239
1232
1233
1235
1244
1245
1246
1240
1241
1242
1243
1250
1249
1248
1278
1276
1277
1274
1272
1152
1155
1154
1157
1156
1159
1158
1161
1160
1163
1162
1165
1168
1169
1170
1171
1172
1173
1176
1177
1179
1181
1182
1183
1187
1186
1184
1191
1190
1189
1188
1194
1193
1199
1198
1197
1196
1202
1203
1200
1201
1206
1204
1205
1211
1208
1209
1215
1212
1213
1404
1407
1406
1401
1400
1403
1402
1399
1306
1305
1304
1311
1309
1308
1299
1298
1297
1296
1303
1301
1300
1290
1291
1288
1289
1294
1295
1292
1293
1282
1283
1280
1281
1286
1284
1285
1320
1321
1312
1313
1314
1315
1317
1319
1494
1495
1492
1493
1491
1488
1489
1502
1500
1501
1499
1496
1497
1479
1478
1477
1473
1472
1487
1486
1484
1483
1482
1481
1480
1524
1525
1526
1527
1521
1522
1523
1532
1534
1535
1528
1529
1530
1509
1511
1510
1505
1504
1507
1506
1517
1516
1518
1513
1512
1514
1426
1427
1424
1425
1430
1431
1434
1435
1432
1438
1439
1436
1437
1411
1409
1415
1414
1413
1412
1419
1418
1417
1416
1423
1422
1421
1420
1456
1457
1458
1459
1460
1461
1463
1465
1466
1468
1469
1470
1471
1441
1440
1443
1442
1445
1447
1446
1448
1451
1450
1453
1455
1548
1549
1550
1551
1544
1545
1546
1547
1540
1541
1543
1536
1537
1538
1539
1557
1556
1553
1552
1555
1554
1763
1762
1761
1760
1767
1765
1771
1770
1769
1768
1775
1773
1776
1777
1782
1783
1780
1781
1784
1785
1790
1788
1789
1731
1730
1732
1735
1734
1736
1738
1741
1743
1742
1744
1745
1746
1747
1748
1749
1751
1753
1756
1757
1759
1702
1701
1699
1698
1697
1696
1711
1710
1709
1708
1706
1705
1719
1716
1717
1714
1715
1712
1713
1726
1727
1724
1722
1720
1676
1679
1673
1672
1675
1674
1684
1685
1687
1680
1681
1682
1683
1692
1693
1694
1695
1688
1689
1691
1913
1912
1915
1914
1917
1919
1918
1904
1907
1906
1909
1911
1902
1903
1883
1882
1881
1880
1887
1886
1885
1884
1875
1874
1872
1879
1878
1877
1865
1868
1858
1859
1856
1857
1862
1863
1860
1852
1855
1848
1851
1845
1847
1846
1841
1840
1836
1837
1839
1833
1835
1828
1829
1831
1824
1826
1827
1823
1822
1821
1820
1817
1816
1815
1813
1812
1811
1809
1808
1806
1807
1804
1805
1802
1800
1801
1799
1796
1794
1795
1792
1793
2032
2033
2034
2035
2036
2037
2038
2039
2042
2043
2044
2046
2047
2017
2019
2018
2021
2020
2023
2022
2025
2024
2027
2026
2029
2028
2031
2002
2000
2007
2010
2011
2008
2009
2014
2015
2013
1987
1986
1985
1984
1990
1989
1988
1992
1999
1998
1996
1972
1973
1975
1969
1970
1971
1980
1981
1982
1983
1976
1978
1957
1959
1958
1953
1955
1954
1964
1967
1966
1961
1963
1962
1942
1943
1940
1938
1939
1936
1937
1951
1948
1949
1947
1945
1925
1924
1923
1922
1921
1920
1935
1934
1933
1932
1931
1930
1929
1928
2200
2201
2202
2203
2204
2205
2206
2207
2192
2195
2196
2198
2199
2185
2184
2187
2186
2189
2188
2191
2190
2179
2181
2180
2183
2234
2232
2233
2237
2224
2225
2230
2231
2228
2229
2219
2217
2216
2223
2222
2221
2220
2211
2210
2208
2215
2214
2268
2269
2270
2271
2264
2265
2266
2267
2260
2261
2263
2256
2257
2258
2259
2253
2252
2255
2254
2249
2251
2250
2245
2244
2247
2241
2240
2242
2303
2301
2298
2297
2294
2295
2292
2293
2290
2288
2289
2286
2285
2284
2283
2282
2281
2280
2279
2276
2275
2274
2272
2064
2067
2066
2069
2068
2071
2070
2073
2072
2075
2077
2048
2049
2050
2052
2053
2054
2055
2057
2059
2062
2063
2107
2106
2105
2104
2111
2110
2082
2083
2080
2081
2084
2132
2135
2134
2128
2130
2141
2140
2143
2142
2137
2136
2139
2116
2117
2113
2114
2115
2124
2125
2127
2120
2121
2122
2123
2167
2166
2165
2164
2163
2162
2161
2160
2175
2173
2170
2169
2150
2151
2148
2149
2146
2147
2144
2145
2158
2156
2157
2155
2152
2153
2811
2815
2802
2803
2800
2806
2804
2805
2794
2793
2799
2798
2797
2796
2787
2786
2785
2784
2791
2790
2776
2778
2780
2783
2768
2770
2772
2773
2760
2763
2755
2754
2757
2756
2758
2615
2612
2610
2609
2608
2623
2622
2621
2620
2619
2616
2675
2672
2679
2678
2677
2676
2681
2680
2687
2686
2684
2659
2657
2662
2663
2660
2661
2666
2667
2665
2668
2669
2641
2643
2642
2645
2644
2647
2649
2648
2653
2655
2654
2624
2625
2626
2627
2628
2630
2631
2633
2634
2635
2637
2639
2989
2991
2990
2985
2984
2987
2986
2981
2983
2982
2977
2978
3007
3000
3001
3002
2996
2997
2998
2992
2993
2994
2995
2959
2957
2953
2951
2950
2947
2946
2945
2975
2972
2970
2968
2969
2966
2967
2965
2962
3049
3048
3051
3050
3052
3055
3054
3040
3043
3044
3046
3064
3066
3056
3058
3059
3060
3061
3062
3063
3019
3018
3017
3016
3023
3022
3021
3020
3011
3010
3008
3015
3014
3013
3012
3034
3035
3032
3033
3038
3039
3036
3037
3026
3027
3030
3028
3029
2854
2855
2848
2849
2850
2861
2863
2856
2857
2858
2859
2868
2871
2865
2864
2867
2866
2877
2876
2879
2878
2872
2875
2874
2822
2823
2820
2821
2818
2817
2830
2831
2828
2827
2824
2825
2839
2838
2836
2835
2834
2847
2846
2845
2844
2843
2842
2841
2912
2913
2915
2916
2918
2919
2920
2921
2922
2923
2925
2926
2927
2928
2931
2933
2932
2935
2934
2937
2936
2939
2938
2941
2943
2882
2883
2880
2881
2886
2887
2884
2885
2891
2888
2889
2894
2892
2899
2898
2897
2896
2903
2902
2901
2907
2906
2905
2904
3284
3285
3286
3287
3281
3282
3283
3292
3293
3294
3295
3289
3290
3291
3317
3315
3313
3327
3324
3325
3322
3321
3303
3302
3301
3300
3298
3297
3296
3311
3310
3307
3306
3305
3304
3527
3526
3525
3524
3523
3521
3535
3534
3533
3532
3531
3529
3536
3537
3458
3457
3456
3463
3462
3461
3465
3470
3468
3474
3475
3472
3473
3478
3479
3482
3486
3487
3488
3491
3490
3493
3492
3495
3497
3496
3499
3498
3505
3506
3507
3509
3510
3511
3512
3514
3515
3516
3517
3518
3519
3406
3407
3404
3405
3402
3403
3400
3401
3398
3399
3397
3394
3395
3392
3393
3421
3419
3418
3417
3416
3415
3412
3411
3410
3409
3436
3437
3438
3432
3433
3434
3428
3429
3430
3424
3425
3427
3453
3455
3454
3449
3451
3450
3444
3447
3446
3440
3443
3337
3342
3340
3341
3331
3334
3335
3333
3354
3353
3352
3359
3357
3346
3344
3351
3349
3369
3370
3372
3361
3362
3363
3364
3365
3366
3385
3386
3388
3391
3390
3377
3379
3381
3380
3382
