956
958
952
953
954
948
949
950
951
944
945
946
947
940
943
937
936
939
938
933
932
935
934
929
931
930
926
927
924
925
922
923
919
916
917
915
912
910
909
908
907
906
905
904
902
901
900
899
898
1016
1017
1019
1020
1021
1022
1010
1011
1012
1013
1014
1015
1001
1000
1003
1002
1005
1004
1007
1006
993
992
995
994
997
996
998
986
987
984
990
991
988
989
978
976
982
983
980
981
970
968
975
974
973
972
963
962
961
960
967
966
964
1101
1102
1096
1099
1092
1093
1094
1088
1090
1091
1119
1118
1113
1109
1108
1111
1104
1107
1135
1132
1133
1131
1128
1129
1126
1127
1124
1123
1121
1151
1150
1149
1148
1147
1145
1144
1143
1142
1141
1140
1139
1138
1137
1136
1032
1033
1034
1035
1036
1037
1038
1039
1024
1025
1026
1027
1029
1030
1049
1048
1050
1053
1052
1054
1041
1040
1042
1045
1046
1066
1067
1064
1065
1070
1068
1058
1059
1056
1057
1063
1061
1083
1081
1080
1087
1086
1075
1074
1073
1072
1079
1078
1077
1076
1221
1220
1223
1222
1219
1229
1228
1231
1230
1224
1227
1226
1236
1238
1232
1233
1234
1235
1244
1245
1246
1247
1240
1241
1242
1243
1250
1249
1248
1270
1271
1278
1279
1276
1277
1272
1273
1153
1152
1155
1154
1157
1156
1159
1158
1161
1163
1162
1165
1164
1167
1166
1168
1170
1171
1172
1173
1174
1175
1176
1178
1180
1181
1183
1187
1185
1184
1191
1190
1189
1188
1195
1194
1193
1198
1197
1196
1202
1203
1200
1201
1207
1204
1205
1210
1211
1208
1209
1214
1215
1212
1213
1404
1407
1406
1401
1400
1402
1399
1306
1305
1311
1310
1309
1308
1299
1298
1296
1303
1301
1300
1290
1291
1288
1289
1294
1295
1292
1293
1282
1283
1281
1286
1287
1321
1322
1323
1313
1314
1315
1316
1318
1319
1494
1495
1492
1493
1490
1491
1488
1489
1502
1503
1500
1501
1498
1499
1496
1479
1477
1476
1475
1473
1472
1486
1485
1483
1482
1481
1480
1524
1525
1526
1527
1520
1521
1522
1523
1532
1533
1534
1535
1528
1530
1531
1509
1508
1511
1510
1504
1507
1517
1516
1519
1518
1513
1512
1426
1427
1424
1425
1430
1431
1428
1429
1434
1435
1432
1433
1438
1439
1411
1410
1409
1415
1414
1413
1412
1419
1416
1422
1421
1456
1457
1458
1460
1461
1462
1464
1465
1466
1467
1468
1469
1441
1440
1443
1442
1445
1447
1446
1449
1448
1451
1450
1453
1452
1455
1454
1548
1549
1550
1551
1544
1545
1547
1541
1542
1543
1536
1538
1557
1556
1553
1552
1555
1554
1763
1762
1761
1767
1766
1765
1764
1771
1770
1769
1768
1775
1779
1776
1777
1782
1783
1781
1786
1787
1784
1785
1790
1788
1789
1729
1731
1730
1733
1732
1735
1734
1737
1736
1739
1738
1741
1743
1742
1744
1745
1747
1749
1750
1751
1752
1753
1756
1758
1759
1703
1702
1701
1700
1699
1698
1697
1696
1711
1710
1709
1708
1707
1706
1704
1718
1719
1716
1714
1715
1712
1713
1726
1727
1724
1722
1720
1721
1677
1676
1679
1678
1673
1672
1674
1684
1685
1686
1687
1680
1682
1683
1692
1694
1695
1688
1690
1912
1915
1914
1919
1918
1904
1906
1909
1908
1911
1910
1902
1903
1883
1881
1884
1874
1878
1876
1864
1865
1870
1871
1868
1869
1858
1856
1863
1860
1852
1855
1854
1848
1851
1850
1845
1847
1846
1841
1836
1837
1838
1839
1834
1835
1828
1829
1830
1831
1824
1827
1823
1822
1818
1817
1816
1815
1813
1812
1811
1810
1809
1808
1806
1807
1804
1805
1803
1800
1801
1798
1799
1796
1794
1795
1792
1793
2033
2035
2037
2038
2039
2042
2043
2044
2045
2046
2047
2017
2018
2021
2020
2025
2024
2027
2029
2028
2031
2030
2002
2003
2001
2006
2007
2010
2008
2009
2014
2015
2012
1987
1986
1985
1990
1989
1988
1992
1999
1998
1997
1996
1972
1973
1969
1970
1971
1980
1982
1983
1976
1978
1979
1957
1956
1959
1958
1953
1955
1954
1964
1967
1966
1961
1963
1962
1942
1943
1940
1941
1939
1936
1937
1950
1951
1948
1949
1947
1945
1927
1926
1925
1924
1923
1922
1935
1933
1932
1931
1930
1928
2200
2201
2202
2203
2205
2207
2192
2193
2194
2196
2199
2185
2184
2186
2189
2188
2191
2190
2179
2178
2180
2183
2182
2235
2232
2233
2239
2236
2237
2226
2227
2224
2225
2231
2228
2229
2219
2218
2217
2216
2223
2222
2220
2211
2210
2209
2215
2214
2213
2212
2268
2271
2264
2265
2267
2261
2256
2257
2259
2253
2255
2254
2249
2248
2251
2250
2245
2247
2246
2240
2243
2302
2303
2301
2298
2299
2296
2297
2294
2295
2292
2293
2290
2291
2288
2289
2287
2285
2284
2283
2282
2281
2279
2277
2276
2275
2274
2272
2064
2067
2066
2068
2070
2073
2072
2075
2079
2078
2048
2049
2050
2051
2052
2053
2054
2055
2058
2059
2060
2061
2062
2063
2106
2105
2111
2110
2109
2082
2080
2081
2084
2133
2132
2135
2134
2128
2140
2143
2137
2136
2139
2117
2118
2119
2112
2113
2114
2115
2124
2127
2120
2121
2123
2167
2166
2164
2163
2162
2161
2160
2173
2172
2170
2168
2148
2149
2146
2147
2144
2145
2158
2156
2157
2154
2155
2152
2153
2811
2808
2809
2812
2813
2802
2800
2801
2806
2807
2804
2805
2795
2794
2793
2792
2799
2796
2787
2786
2785
2784
2790
2789
2788
2776
2778
2781
2782
2768
2770
2771
2775
2761
2763
2762
2765
2764
2767
2766
2755
2754
2757
2759
2615
2613
2612
2611
2609
2608
2623
2622
2621
2620
2616
2673
2672
2678
2677
2676
2683
2682
2680
2687
2684
2658
2659
2657
2662
2660
2661
2666
2667
2664
2665
2669
2641
2643
2642
2644
2646
2649
2648
2653
2655
2654
2626
2627
2628
2629
2630
2631
2632
2633
2634
2635
2636
2637
2639
2989
2991
2990
2985
2984
2987
2981
2980
2983
2977
2979
3006
3007
3000
3001
3002
2996
2997
2998
2992
2994
2995
2959
2947
2946
2975
2972
2971
2968
2969
2967
2965
2962
2963
2960
3049
3050
3053
3052
3055
3054
3040
3043
3042
3045
3044
3047
3046
3066
3058
3060
3061
3062
3019
3018
3017
3016
3023
3022
3021
3020
3010
3009
3008
3015
3013
3012
3034
3035
3033
3039
3036
3037
3026
3025
3030
3029
2852
2853
2854
2848
2851
2860
2862
2863
2856
2857
2858
2859
2868
2870
2864
2867
2866
2877
2876
2879
2878
2873
2872
2875
2874
2823
2820
2821
2818
2819
2817
2830
2831
2829
2826
2827
2824
2825
2839
2838
2837
2836
2835
2834
2833
2832
2847
2846
2845
2844
2842
2840
2912
2913
2916
2917
2918
2919
2920
2921
2927
2928
2931
2933
2935
2937
2936
2938
2941
2943
2882
2883
2880
2887
2884
2885
2891
2888
2889
2894
2892
2899
2897
2896
2900
2907
2906
2905
2904
2910
3284
3286
3287
3281
3282
3283
3292
3293
3295
3288
3289
3290
3291
3318
3316
3312
3313
3327
3325
3322
3323
3320
3321
3303
3302
3301
3298
3311
3309
3307
3306
3305
3527
3526
3525
3524
3523
3522
3521
3520
3535
3533
3532
3531
3530
3529
3528
3536
3537
3459
3458
3457
3456
3463
3462
3461
3460
3466
3471
3470
3468
3474
3475
3472
3473
3478
3479
3482
3483
3480
3481
3486
3487
3484
3485
3489
3488
3491
3490
3493
3492
3495
3494
3496
3499
3498
3500
3503
3504
3505
3506
3507
3509
3511
3512
3513
3514
3515
3516
3517
3518
3519
3407
3404
3405
3402
3403
3400
3398
3396
3394
3395
3392
3393
3423
3422
3421
3419
3418
3416
3415
3410
3409
3408
3436
3437
3438
3432
3433
3434
3435
3428
3429
3431
3424
3425
3453
3452
3455
3449
3448
3451
3445
3444
3447
3446
3441
3443
3442
3338
3339
3336
3337
3342
3343
3340
3330
3331
3328
3329
3334
3333
3354
3353
3352
3359
3357
3347
3346
3345
3344
3351
3349
3348
3368
3369
3370
3372
3373
3374
3375
3360
3361
3362
3363
3364
3365
3366
3367
3385
3384
3386
3388
3391
3377
3376
3379
3378
3380
3382
