948
949
951
944
942
936
933
931
930
922
919
912
902
900
899
1017
1020
1021
1007
995
994
986
990
988
989
982
971
967
965
1098
1093
1091
1115
1110
1134
1133
1123
1120
1140
1035
1038
1026
1030
1049
1050
1052
1047
1064
1068
1069
1060
1081
1080
1086
1084
1077
1076
1220
1217
1226
1236
1238
1232
1234
1244
1247
1250
1271
1278
1279
1159
1160
1163
1164
1166
1170
1171
1191
1188
1193
1199
1202
1205
1406
1402
1306
1310
1298
1296
1291
1288
1293
1282
1285
1315
1318
1491
1488
1487
1485
1483
1531
1510
1516
1428
1435
1433
1439
1437
1412
1419
1418
1416
1465
1471
1443
1445
1451
1452
1455
1551
1538
1552
1555
1767
1766
1765
1770
1786
1784
1790
1789
1729
1732
1742
1748
1758
1702
1711
1707
1716
1717
1727
1724
1721
1679
1673
1674
1686
1682
1683
1692
1693
1914
1911
1902
1903
1884
1872
1878
1866
1870
1859
1856
1857
1852
1854
1850
1840
1837
1833
1826
1827
1818
1813
1811
1804
1800
2035
2042
2047
2019
2025
2006
2007
2010
2008
2009
2012
1989
1992
1975
1969
1980
1953
1965
1967
1940
1941
1937
1949
1944
1945
1927
1923
1920
1935
1930
1928
2205
2195
2196
2180
2226
2228
2210
2209
2263
2256
2253
2255
2250
2245
2300
2296
2292
2291
2284
2277
2275
2068
2073
2075
2048
2053
2104
2081
2134
2143
2112
2115
2122
2175
2150
2149
2158
2155
2810
2808
2793
2792
2797
2778
2783
2774
2775
2763
2754
2756
2759
2679
2676
2660
2665
2654
2625
2987
2980
3006
3007
2997
2993
2959
2958
2973
2970
2966
2963
3050
3052
3043
3056
3022
3011
3015
3012
3035
2853
2855
2857
2871
2879
2878
2821
2817
2838
2836
2835
2833
2832
2843
2918
2920
2927
2928
2935
2938
2943
2882
2881
2885
2893
2898
2901
2910
3284
3286
3287
3282
3315
3320
3303
3302
3311
3310
3307
3526
3523
3458
3462
3477
3484
3489
3495
3499
3504
3510
3406
3407
3396
3392
3419
3418
3437
3432
3435
3424
3452
3451
3444
3337
3340
3368
3370
3361
3379
3381
