958
955
951
945
939
933
923
918
910
901
900
1008
1010
1007
994
997
996
999
986
991
989
976
982
974
967
1100
1103
1092
1117
1115
1104
1135
1124
1120
1141
1138
1035
1038
1055
1040
1057
1063
1080
1075
1073
1228
1237
1238
1235
1244
1245
1241
1242
1270
1278
1279
1277
1273
1153
1162
1176
1182
1187
1198
1203
1200
1214
1215
1212
1405
1400
1297
1296
1302
1295
1283
1281
1319
1495
1493
1491
1489
1503
1498
1499
1477
1487
1531
1510
1513
1425
1409
1414
1413
1412
1420
1457
1468
1448
1453
1455
1454
1547
1765
1764
1771
1787
1731
1734
1741
1753
1758
1701
1700
1697
1710
1706
1705
1726
1722
1720
1721
1677
1673
1692
1918
1907
1883
1881
1887
1884
1875
1872
1877
1876
1862
1851
1841
1837
1838
1833
1829
1830
1821
1808
1807
1802
1798
1797
1792
2032
2035
2038
2039
2017
2018
2008
2014
2012
2013
1986
1985
1998
1997
1996
1973
1975
1969
1980
1983
1979
1966
1941
1938
1948
1944
1945
1926
1935
2204
2195
2196
2189
2190
2181
2182
2226
2227
2224
2228
2223
2221
2211
2209
2214
2271
2265
2263
2255
2254
2245
2247
2246
2297
2295
2291
2288
2277
2276
2275
2272
2069
2075
2077
2057
2058
2060
2061
2063
2107
2111
2110
2134
2131
2113
2166
2162
2161
2173
2170
2155
2152
2153
2794
2789
2776
2783
2768
2770
2775
2761
2760
2757
2759
2758
2615
2622
2620
2616
2675
2672
2678
2685
2659
2662
2663
2665
2640
2648
2652
2625
2635
2636
2985
2978
2959
2957
2952
2946
2975
2971
2967
3050
3066
3056
3061
3011
3015
3037
3025
3030
2855
2862
2856
2868
2871
2865
2873
2828
2824
2825
2837
2835
2847
2840
2917
2919
2921
2922
2925
2933
2932
2935
2941
2882
2890
2891
2898
3285
3318
3315
3313
3321
3303
3300
3310
3307
3305
3526
3525
3521
3534
3536
3457
3463
3483
3489
3488
3491
3493
3502
3505
3506
3513
3514
3516
3517
3404
3405
3402
3409
3430
3424
3455
3454
3449
3448
3444
3447
3440
3337
3334
3333
3353
3352
3357
3375
3366
3387
3389
3379
3381
