956
958
952
954
955
948
950
951
944
945
946
947
940
943
942
937
936
933
932
935
934
929
928
931
926
927
922
923
920
918
919
916
917
912
911
910
909
908
906
905
904
903
902
901
900
899
898
1016
1017
1018
1019
1020
1021
1022
1009
1010
1011
1012
1014
1015
1000
1003
1005
1006
992
995
994
997
996
999
998
986
985
990
991
988
989
978
979
976
982
983
980
971
970
968
973
972
962
961
960
966
965
1100
1101
1102
1096
1097
1098
1099
1092
1093
1094
1095
1088
1089
1091
1117
1116
1119
1118
1113
1112
1115
1114
1109
1108
1111
1110
1105
1104
1107
1106
1134
1132
1130
1131
1128
1129
1126
1127
1124
1122
1123
1120
1121
1151
1149
1148
1146
1145
1144
1143
1142
1141
1139
1032
1033
1034
1035
1036
1037
1038
1039
1024
1025
1026
1027
1028
1029
1030
1031
1049
1048
1051
1050
1053
1052
1055
1054
1040
1043
1042
1045
1044
1046
1066
1065
1070
1068
1069
1059
1056
1057
1063
1060
1061
1083
1082
1080
1087
1086
1085
1084
1075
1074
1073
1079
1078
1077
1220
1217
1216
1219
1218
1225
1224
1238
1233
1234
1244
1240
1241
1242
1250
1270
1271
1278
1279
1274
1275
1272
1273
1153
1152
1155
1154
1157
1156
1159
1158
1160
1163
1162
1165
1164
1167
1166
1168
1170
1172
1175
1176
1179
1181
1182
1183
1187
1186
1185
1184
1191
1190
1189
1188
1195
1194
1193
1199
1197
1202
1203
1200
1201
1206
1207
1204
1205
1210
1211
1208
1209
1214
1215
1212
1213
1405
1407
1406
1401
1403
1402
1399
1306
1305
1311
1310
1309
1308
1299
1298
1297
1303
1302
1301
1300
1290
1291
1289
1294
1295
1292
1282
1283
1281
1286
1287
1284
1285
1320
1321
1323
1312
1314
1315
1316
1317
1318
1494
1495
1490
1491
1488
1489
1502
1503
1500
1501
1498
1499
1497
1479
1478
1477
1476
1475
1473
1472
1487
1486
1485
1484
1482
1481
1480
1524
1525
1527
1520
1523
1532
1533
1534
1535
1528
1529
1530
1508
1511
1510
1505
1504
1507
1506
1517
1516
1518
1512
1514
1426
1427
1424
1425
1430
1431
1429
1434
1435
1432
1438
1439
1436
1411
1409
1408
1415
1413
1419
1418
1417
1423
1422
1421
1420
1456
1458
1460
1461
1462
1463
1464
1466
1467
1468
1469
1470
1471
1440
1442
1445
1444
1447
1446
1449
1448
1451
1450
1453
1454
1549
1550
1551
1544
1545
1547
1540
1542
1543
1536
1537
1538
1539
1557
1556
1553
1552
1555
1554
1763
1762
1760
1767
1766
1765
1764
1771
1770
1769
1768
1775
1773
1772
1779
1776
1783
1781
1786
1787
1784
1785
1790
1791
1788
1789
1729
1730
1732
1735
1734
1737
1736
1739
1738
1740
1743
1742
1745
1746
1747
1748
1749
1750
1751
1752
1753
1756
1758
1759
1703
1702
1701
1700
1699
1710
1709
1708
1707
1706
1705
1704
1718
1719
1716
1717
1714
1712
1726
1727
1721
1677
1676
1679
1678
1672
1674
1685
1686
1687
1681
1682
1683
1692
1693
1694
1695
1688
1691
1913
1915
1919
1918
1904
1906
1909
1908
1911
1910
1903
1883
1882
1880
1887
1886
1885
1884
1875
1874
1872
1879
1878
1876
1864
1865
1870
1871
1869
1858
1859
1856
1857
1862
1863
1860
1854
1848
1850
1845
1847
1841
1840
1836
1837
1838
1839
1833
1835
1828
1829
1830
1831
1824
1826
1827
1823
1821
1820
1819
1818
1817
1816
1815
1813
1811
1810
1809
1808
1806
1804
1805
1802
1803
1800
1801
1798
1799
1797
1795
1793
2032
2033
2035
2036
2037
2038
2039
2040
2042
2043
2044
2045
2046
2017
2019
2018
2021
2020
2023
2024
2027
2029
2028
2031
2000
2001
2006
2007
2011
2008
2009
2015
2012
2013
1987
1986
1985
1984
1990
1989
1988
1995
1999
1998
1996
1972
1973
1975
1969
1970
1971
1980
1982
1976
1978
1979
1957
1959
1958
1953
1955
1965
1967
1963
1942
1943
1940
1941
1938
1939
1936
1950
1948
1949
1947
1944
1945
1926
1925
1923
1922
1921
1920
1935
1934
1933
1932
1930
1929
1928
2201
2202
2203
2205
2206
2207
2193
2195
2196
2197
2198
2199
2184
2189
2188
2191
2179
2178
2181
2180
2183
2182
2234
2235
2232
2233
2239
2236
2237
2226
2227
2224
2225
2229
2218
2217
2216
2223
2221
2210
2208
2215
2214
2213
2212
2268
2269
2271
2264
2265
2266
2267
2260
2261
2262
2263
2256
2257
2258
2259
2252
2254
2249
2248
2251
2250
2245
2247
2241
2240
2243
2242
2302
2300
2301
2299
2296
2297
2294
2295
2292
2290
2288
2289
2287
2285
2282
2280
2279
2277
2276
2275
2274
2064
2066
2069
2068
2071
2070
2075
2077
2079
2078
2048
2049
2050
2051
2052
2053
2054
2055
2057
2058
2059
2060
2062
2063
2107
2106
2105
2104
2111
2110
2109
2083
2080
2081
2084
2132
2135
2134
2128
2131
2130
2141
2140
2143
2142
2137
2136
2139
2116
2118
2119
2112
2113
2114
2115
2125
2127
2120
2121
2123
2167
2166
2165
2164
2163
2160
2175
2173
2170
2169
2168
2150
2151
2146
2147
2145
2158
2159
2156
2157
2152
2810
2811
2808
2812
2813
2803
2800
2807
2804
2805
2795
2794
2792
2799
2798
2796
2787
2786
2785
2784
2791
2790
2788
2777
2779
2780
2781
2783
2768
2770
2771
2773
2774
2761
2760
2763
2762
2765
2764
2767
2766
2755
2757
2756
2759
2758
2615
2613
2612
2611
2608
2623
2621
2619
2616
2675
2673
2672
2678
2677
2683
2682
2681
2680
2687
2686
2685
2684
2658
2659
2662
2663
2660
2661
2666
2667
2664
2665
2670
2671
2669
2641
2640
2643
2642
2645
2647
2649
2648
2653
2652
2655
2654
2624
2625
2626
2630
2631
2632
2633
2634
2636
2637
2989
2990
2985
2984
2987
2981
2980
2982
2977
2976
2978
3006
3007
3001
3002
2996
2997
2998
2999
2992
2993
2994
2995
2959
2958
2957
2952
2950
2947
2945
2944
2975
2972
2973
2970
2971
2968
2966
2962
2963
2960
2961
3048
3051
3050
3053
3052
3054
3041
3040
3043
3042
3045
3047
3046
3064
3066
3056
3058
3059
3060
3061
3062
3063
3019
3018
3016
3023
3021
3020
3011
3010
3008
3014
3013
3012
3035
3032
3033
3038
3037
3026
3027
3025
3030
3031
3028
3029
2855
2848
2849
2851
2860
2861
2862
2863
2856
2857
2859
2868
2871
2870
2865
2864
2866
2877
2879
2873
2872
2875
2823
2820
2821
2818
2819
2817
2830
2831
2828
2826
2824
2825
2839
2838
2837
2834
2833
2832
2847
2846
2844
2842
2841
2912
2913
2915
2916
2917
2918
2919
2920
2921
2922
2923
2924
2925
2926
2929
2931
2933
2935
2934
2937
2936
2939
2938
2941
2940
2943
2882
2883
2880
2881
2886
2887
2885
2890
2888
2889
2894
2895
2892
2899
2898
2903
2902
2901
2900
2907
2906
2905
2904
2911
3284
3285
3286
3282
3294
3295
3289
3290
3291
3318
3316
3314
3312
3327
3322
3323
3320
3321
3301
3300
3299
3297
3296
3311
3310
3309
3305
3527
3526
3524
3523
3521
3535
3534
3533
3532
3531
3529
3528
3536
3459
3458
3457
3456
3462
3460
3466
3465
3464
3471
3470
3468
3474
3475
3472
3473
3478
3479
3477
3483
3480
3481
3486
3484
3485
3489
3488
3491
3490
3492
3495
3494
3497
3496
3499
3501
3500
3503
3504
3508
3509
3510
3511
3512
3513
3514
3515
3516
3517
3518
3519
3406
3404
3405
3402
3403
3400
3396
3397
3395
3392
3393
3423
3422
3418
3417
3416
3412
3411
3408
3437
3438
3432
3433
3434
3435
3428
3429
3430
3431
3424
3425
3455
3454
3449
3448
3450
3444
3447
3446
3441
3440
3443
3338
3336
3337
3343
3340
3341
3330
3331
3328
3329
3334
3335
3333
3354
3352
3359
3358
3357
3347
3346
3345
3344
3351
3350
3349
3348
3368
3369
3370
3372
3373
3374
3375
3360
3361
3362
3364
3365
3366
3367
3385
3384
3387
3389
3388
3390
3376
3378
3381
3380
3383
3382
