956
958
952
953
954
955
950
945
946
947
940
943
937
939
938
932
935
934
929
928
926
927
924
925
923
920
918
916
917
915
911
910
909
908
907
906
905
904
903
901
898
1016
1018
1019
1022
1023
1008
1009
1010
1011
1012
1013
1014
1015
1001
1000
1003
1002
1005
1004
1006
993
992
997
996
999
998
987
984
985
991
978
979
976
983
980
981
970
968
975
974
973
972
963
962
961
960
966
964
1100
1101
1102
1103
1096
1097
1099
1092
1094
1095
1088
1089
1090
1117
1116
1119
1118
1113
1112
1114
1109
1108
1111
1105
1104
1107
1106
1135
1132
1130
1131
1128
1129
1126
1127
1124
1125
1122
1121
1151
1150
1149
1148
1147
1146
1145
1144
1143
1142
1141
1139
1138
1137
1136
1032
1033
1034
1036
1037
1039
1024
1025
1027
1028
1029
1031
1048
1051
1053
1055
1054
1041
1040
1043
1042
1045
1044
1046
1066
1067
1065
1070
1071
1058
1059
1056
1057
1063
1061
1083
1082
1087
1085
1075
1074
1073
1072
1079
1078
1221
1223
1222
1216
1219
1218
1229
1228
1231
1230
1225
1224
1227
1237
1239
1233
1235
1245
1246
1240
1241
1242
1243
1249
1248
1270
1276
1277
1274
1275
1272
1273
1153
1152
1155
1154
1157
1156
1158
1161
1162
1165
1167
1168
1169
1172
1173
1174
1175
1176
1177
1178
1179
1180
1181
1182
1183
1187
1186
1185
1184
1190
1189
1195
1194
1198
1197
1196
1203
1200
1201
1206
1207
1204
1210
1211
1208
1209
1214
1215
1212
1213
1405
1404
1407
1401
1400
1403
1399
1305
1304
1311
1309
1308
1299
1297
1303
1302
1301
1300
1290
1289
1294
1295
1292
1283
1280
1281
1286
1287
1284
1320
1321
1322
1323
1312
1313
1314
1316
1317
1319
1494
1495
1492
1493
1490
1489
1502
1503
1500
1501
1498
1499
1496
1497
1479
1478
1477
1476
1475
1474
1473
1472
1486
1484
1482
1481
1480
1524
1527
1520
1521
1522
1523
1532
1533
1534
1535
1528
1529
1530
1509
1508
1505
1507
1506
1517
1519
1518
1513
1512
1514
1426
1427
1424
1425
1430
1431
1429
1434
1432
1438
1436
1411
1410
1409
1408
1415
1414
1413
1417
1423
1422
1421
1420
1456
1457
1458
1459
1460
1461
1462
1463
1464
1466
1467
1468
1469
1470
1441
1440
1442
1444
1447
1446
1449
1448
1450
1453
1454
1548
1549
1550
1544
1545
1546
1547
1540
1541
1543
1536
1537
1539
1557
1556
1553
1554
1763
1762
1761
1760
1764
1771
1769
1768
1775
1773
1772
1779
1776
1777
1782
1783
1780
1781
1787
1785
1791
1788
1731
1730
1733
1735
1734
1737
1736
1739
1738
1741
1740
1743
1744
1745
1746
1747
1749
1750
1751
1752
1753
1756
1757
1759
1703
1701
1700
1699
1698
1697
1696
1710
1709
1708
1706
1705
1704
1718
1719
1714
1715
1712
1713
1726
1725
1722
1720
1677
1676
1678
1672
1675
1684
1685
1687
1680
1681
1694
1695
1688
1689
1690
1691
1913
1912
1915
1917
1919
1918
1904
1907
1906
1909
1908
1910
1883
1882
1881
1880
1887
1886
1885
1875
1874
1879
1877
1876
1864
1865
1871
1868
1869
1858
1862
1863
1860
1855
1848
1851
1845
1847
1846
1841
1836
1838
1839
1834
1835
1828
1829
1830
1831
1824
1825
1823
1822
1821
1820
1819
1817
1816
1815
1812
1810
1809
1808
1806
1807
1805
1802
1803
1801
1798
1799
1796
1797
1794
1795
1792
1793
2032
2033
2034
2036
2037
2038
2039
2040
2043
2044
2045
2046
2017
2018
2021
2020
2023
2022
2024
2027
2026
2029
2028
2031
2030
2002
2003
2000
2001
2011
2014
2015
2013
1987
1986
1985
1984
1990
1988
1995
1999
1998
1997
1996
1972
1973
1970
1971
1981
1982
1983
1976
1978
1979
1957
1956
1959
1958
1955
1954
1964
1966
1961
1963
1962
1942
1943
1938
1939
1936
1950
1951
1948
1947
1926
1925
1924
1922
1921
1934
1933
1932
1931
1929
2200
2201
2202
2203
2204
2206
2207
2192
2193
2194
2197
2198
2199
2185
2184
2187
2186
2189
2188
2191
2190
2179
2178
2181
2183
2182
2234
2235
2232
2233
2238
2239
2236
2237
2227
2224
2225
2230
2231
2229
2219
2218
2217
2216
2223
2222
2221
2220
2211
2208
2215
2214
2213
2212
2268
2269
2270
2271
2264
2265
2266
2267
2260
2261
2262
2257
2258
2259
2252
2254
2249
2248
2251
2244
2247
2246
2241
2240
2243
2242
2302
2303
2301
2298
2299
2297
2294
2295
2293
2290
2288
2289
2287
2286
2285
2283
2282
2281
2280
2279
2276
2274
2272
2064
2067
2066
2069
2071
2070
2072
2077
2079
2078
2049
2050
2051
2052
2054
2055
2057
2058
2059
2060
2061
2062
2063
2107
2106
2105
2111
2110
2109
2082
2083
2080
2084
2133
2132
2135
2128
2131
2130
2141
2140
2142
2137
2136
2139
2116
2117
2118
2119
2113
2114
2124
2125
2127
2120
2121
2123
2167
2166
2165
2164
2163
2162
2161
2160
2173
2172
2171
2170
2169
2168
2151
2148
2146
2147
2144
2145
2159
2156
2157
2154
2152
2153
2811
2809
2815
2812
2813
2802
2803
2800
2801
2806
2807
2804
2805
2795
2794
2799
2798
2796
2787
2786
2785
2784
2791
2790
2789
2788
2776
2777
2779
2780
2781
2782
2768
2770
2771
2772
2773
2761
2760
2762
2765
2764
2767
2766
2755
2757
2758
2615
2613
2612
2611
2610
2609
2608
2623
2622
2621
2620
2619
2616
2675
2673
2672
2678
2683
2682
2681
2680
2687
2686
2685
2684
2658
2657
2662
2663
2666
2667
2664
2670
2671
2668
2669
2641
2640
2643
2642
2645
2644
2647
2646
2649
2648
2653
2652
2655
2624
2626
2627
2628
2629
2630
2631
2632
2633
2634
2635
2636
2637
2639
2989
2991
2990
2985
2984
2986
2981
2983
2982
2977
2976
2979
2978
3000
3001
3002
2996
2998
2999
2992
2994
2995
2957
2953
2952
2951
2950
2947
2946
2945
2944
2974
2975
2972
2971
2968
2969
2967
2965
2962
2960
2961
3049
3048
3051
3053
3055
3054
3041
3040
3042
3045
3044
3047
3046
3064
3065
3066
3058
3059
3060
3061
3062
3063
3019
3018
3017
3016
3023
3021
3020
3010
3009
3008
3014
3013
3034
3032
3033
3038
3039
3036
3037
3026
3027
3024
3025
3030
3031
3028
3029
2852
2854
2848
2849
2850
2851
2860
2861
2862
2863
2856
2858
2859
2869
2868
2870
2865
2864
2867
2866
2877
2876
2873
2872
2875
2874
2822
2823
2820
2818
2819
2830
2831
2828
2829
2826
2827
2824
2825
2839
2837
2834
2847
2846
2845
2844
2842
2841
2840
2912
2913
2915
2916
2917
2919
2921
2922
2923
2924
2925
2926
2929
2931
2933
2932
2934
2937
2936
2939
2941
2940
2883
2880
2886
2887
2884
2890
2891
2888
2889
2894
2895
2892
2899
2897
2896
2903
2902
2900
2907
2906
2905
2904
2911
3285
3281
3283
3292
3295
3288
3289
3290
3318
3316
3317
3314
3312
3313
3327
3324
3325
3322
3323
3321
3301
3299
3298
3297
3296
3309
3306
3305
3527
3525
3522
3521
3520
3535
3534
3533
3532
3531
3530
3529
3528
3537
3457
3456
3463
3461
3460
3466
3465
3464
3471
3470
3468
3474
3475
3472
3478
3479
3482
3483
3480
3481
3486
3487
3485
3488
3490
3493
3492
3494
3497
3496
3498
3501
3500
3503
3502
3505
3506
3507
3508
3511
3512
3404
3405
3402
3403
3400
3398
3399
3394
3395
3393
3423
3422
3421
3417
3416
3415
3412
3411
3409
3436
3438
3433
3428
3429
3430
3431
3425
3427
3453
3455
3454
3449
3448
3450
3445
3447
3446
3440
3443
3338
3339
3336
3342
3343
3341
3330
3331
3328
3335
3333
3354
3353
3352
3359
3357
3346
3345
3344
3351
3350
3349
3348
3372
3373
3374
3375
3360
3362
3363
3364
3365
3366
3367
3384
3387
3386
3389
3388
3391
3390
3377
3376
3378
3380
3383
3382
