953
950
946
938
934
928
918
916
915
911
906
902
1021
1011
1013
1005
1004
998
990
979
980
963
967
966
1101
1098
1093
1090
1113
1106
1134
1128
1126
1122
1149
1147
1138
1032
1035
1031
1049
1052
1054
1070
1059
1056
1060
1083
1074
1077
1076
1220
1218
1225
1227
1234
1235
1243
1248
1276
1160
1163
1162
1172
1175
1176
1183
1188
1195
1193
1198
1202
1200
1207
1205
1210
1212
1401
1399
1298
1297
1302
1281
1286
1321
1322
1323
1319
1495
1502
1501
1496
1480
1525
1520
1530
1509
1508
1511
1507
1434
1410
1408
1415
1417
1464
1469
1442
1447
1450
1557
1775
1772
1786
1784
1791
1789
1730
1742
1751
1758
1759
1703
1701
1711
1708
1707
1714
1715
1712
1721
1677
1678
1672
1674
1686
1680
1692
1695
1918
1907
1906
1887
1879
1876
1864
1859
1848
1851
1839
1833
1822
1820
1817
1815
1802
1800
2033
2044
2030
2008
2009
2012
1984
1990
1999
1997
1983
1976
1959
1958
1965
1967
1966
1962
1941
1951
1947
1931
1928
2202
2207
2192
2197
2190
2238
2227
2224
2231
2218
2217
2209
2268
2271
2264
2263
2251
2244
2247
2241
2303
2301
2299
2294
2293
2068
2078
2053
2057
2060
2106
2109
2083
2081
2084
2132
2134
2131
2142
2137
2118
2114
2122
2161
2147
2156
2152
2809
2785
2789
2780
2774
2763
2762
2757
2758
2673
2677
2676
2684
2659
2661
2670
2671
2644
2649
2653
2626
2630
2634
3000
3002
2998
2999
2992
2957
2944
2972
3048
3040
3045
3058
3059
3062
3023
3022
3021
3033
2865
2831
2829
2835
2834
2844
2840
2912
2913
2915
2926
2935
2939
2880
2889
2894
2893
2898
2904
3284
3289
3318
3314
3315
3325
3322
3299
3296
3311
3309
3306
3304
3522
3521
3532
3529
3537
3466
3465
3472
3483
3486
3488
3492
3499
3503
3407
3402
3399
3395
3393
3422
3421
3418
3415
3408
3437
3433
3434
3431
3455
3448
3339
3336
3337
3343
3340
3331
3329
3334
3333
3352
3357
3345
3373
3384
3386
3389
3388
3376
3381
3380
