958
952
953
954
955
948
949
950
951
944
947
943
942
937
936
939
938
933
934
930
924
923
920
918
919
917
915
912
911
908
905
903
901
900
899
898
1016
1018
1020
1021
1023
1010
1012
1013
1015
1001
1000
1003
1002
1005
1004
1007
1006
993
992
995
994
997
996
999
998
986
987
984
991
989
978
979
976
982
983
980
981
971
970
968
975
974
973
972
962
961
960
966
965
964
1101
1102
1096
1098
1099
1092
1093
1094
1095
1088
1089
1090
1091
1116
1119
1113
1112
1114
1109
1111
1105
1107
1106
1134
1135
1132
1133
1131
1129
1126
1127
1124
1122
1123
1121
1151
1150
1147
1146
1145
1144
1143
1142
1141
1140
1138
1137
1136
1033
1035
1036
1037
1038
1039
1026
1027
1028
1031
1048
1050
1066
1067
1064
1065
1071
1068
1069
1058
1059
1056
1060
1083
1082
1087
1086
1085
1074
1072
1079
1077
1076
1221
1220
1223
1222
1217
1216
1219
1218
1229
1228
1225
1227
1226
1237
1232
1233
1234
1235
1244
1245
1247
1240
1241
1242
1243
1250
1249
1248
1271
1278
1279
1276
1277
1274
1275
1272
1273
1152
1155
1157
1156
1161
1163
1162
1165
1167
1166
1168
1169
1170
1171
1172
1175
1176
1177
1178
1179
1181
1187
1186
1185
1184
1191
1189
1188
1195
1194
1193
1199
1198
1197
1196
1203
1200
1201
1206
1207
1204
1205
1210
1211
1209
1213
1405
1407
1406
1401
1400
1399
1306
1305
1304
1311
1310
1309
1308
1299
1297
1301
1290
1291
1288
1294
1295
1292
1293
1282
1283
1280
1281
1286
1287
1284
1320
1321
1322
1313
1314
1315
1316
1317
1318
1319
1494
1492
1493
1490
1491
1489
1502
1503
1500
1499
1496
1497
1477
1476
1475
1473
1472
1487
1485
1484
1483
1481
1480
1524
1525
1526
1527
1520
1522
1523
1532
1535
1529
1530
1531
1509
1508
1511
1510
1504
1507
1506
1517
1516
1519
1518
1513
1512
1514
1424
1430
1428
1429
1434
1435
1432
1433
1439
1436
1437
1411
1410
1409
1408
1415
1414
1413
1419
1417
1416
1422
1421
1420
1459
1461
1462
1463
1464
1465
1466
1467
1468
1469
1470
1471
1441
1440
1442
1445
1444
1447
1449
1448
1451
1450
1452
1455
1454
1548
1549
1550
1551
1544
1545
1546
1547
1540
1541
1542
1536
1538
1539
1556
1553
1552
1554
1763
1762
1761
1760
1767
1766
1765
1764
1771
1770
1769
1768
1775
1772
1779
1783
1780
1781
1787
1784
1790
1791
1788
1789
1729
1731
1735
1734
1737
1736
1739
1738
1741
1740
1743
1742
1744
1746
1747
1750
1751
1752
1753
1756
1758
1759
1703
1702
1701
1700
1698
1696
1711
1710
1709
1707
1706
1705
1704
1718
1719
1716
1717
1714
1715
1712
1713
1727
1724
1725
1722
1720
1721
1677
1676
1679
1675
1674
1685
1686
1681
1682
1683
1692
1693
1694
1688
1689
1690
1691
1913
1912
1914
1917
1919
1904
1907
1906
1909
1908
1910
1902
1903
1883
1882
1881
1880
1887
1886
1885
1884
1872
1879
1878
1877
1866
1864
1865
1871
1868
1869
1858
1859
1856
1857
1862
1863
1860
1852
1855
1854
1848
1845
1847
1846
1841
1836
1837
1838
1839
1833
1834
1835
1829
1830
1831
1824
1826
1827
1823
1822
1821
1820
1819
1817
1815
1813
1812
1811
1810
1809
1808
1807
1804
1805
1800
1801
1798
1799
1797
1794
1795
1792
2032
2033
2034
2035
2037
2039
2040
2042
2043
2044
2045
2047
2017
2019
2018
2021
2020
2023
2022
2025
2024
2027
2028
2030
2000
2006
2010
2011
2008
2009
2014
2015
2012
1987
1986
1985
1984
1989
1992
1999
1998
1997
1996
1972
1969
1980
1981
1982
1983
1976
1978
1979
1957
1956
1959
1953
1955
1954
1965
1967
1966
1961
1963
1962
1942
1943
1940
1941
1939
1936
1937
1950
1951
1948
1949
1947
1944
1945
1927
1925
1924
1923
1922
1921
1920
1935
1933
1932
1931
1930
1929
1928
2203
2204
2205
2206
2207
2192
2197
2198
2199
2185
2184
2187
2189
2191
2190
2179
2178
2181
2180
2183
2182
2233
2238
2239
2237
2226
2225
2230
2231
2228
2229
2219
2218
2217
2223
2222
2220
2211
2210
2208
2215
2214
2213
2270
2271
2265
2266
2267
2260
2261
2262
2256
2259
2253
2252
2255
2254
2249
2251
2245
2244
2247
2246
2241
2240
2243
2242
2302
2303
2300
2301
2298
2299
2296
2297
2294
2295
2293
2288
2289
2287
2286
2285
2283
2282
2281
2280
2279
2277
2276
2275
2274
2272
2067
2066
2069
2068
2070
2072
2077
2079
2078
2048
2049
2050
2052
2053
2055
2057
2061
2062
2063
2107
2106
2105
2104
2109
2083
2080
2084
2133
2132
2135
2134
2128
2131
2130
2141
2140
2143
2137
2136
2116
2117
2118
2113
2114
2115
2124
2125
2127
2121
2122
2123
2167
2166
2165
2164
2162
2161
2175
2173
2172
2171
2170
2169
2168
2151
2148
2149
2146
2147
2144
2145
2158
2159
2156
2157
2155
2152
2153
2811
2808
2809
2815
2812
2813
2802
2803
2801
2807
2804
2805
2794
2793
2792
2799
2798
2797
2787
2785
2790
2788
2776
2777
2778
2779
2780
2781
2782
2768
2770
2771
2772
2773
2774
2775
2761
2760
2763
2762
2765
2764
2767
2755
2613
2612
2610
2609
2608
2623
2622
2621
2620
2619
2616
2673
2672
2679
2678
2677
2683
2682
2681
2680
2687
2686
2685
2684
2659
2657
2662
2663
2660
2661
2666
2667
2664
2665
2670
2671
2641
2643
2642
2645
2646
2649
2648
2653
2655
2654
2624
2625
2626
2628
2630
2631
2632
2633
2634
2635
2636
2639
2991
2990
2985
2984
2987
2986
2981
2980
2983
2982
2976
2979
2978
3006
3007
3000
3001
3002
2996
2997
2999
2993
2994
2995
2958
2953
2952
2951
2950
2947
2946
2945
2944
2974
2972
2973
2970
2971
2968
2966
2967
2965
2962
2963
3048
3051
3053
3055
3040
3043
3042
3044
3047
3064
3066
3056
3059
3060
3061
3062
3019
3017
3016
3023
3021
3020
3011
3009
3008
3015
3014
3012
3034
3035
3032
3033
3038
3039
3036
3037
3026
3027
3024
3025
3030
3031
3028
2853
2854
2855
2849
2850
2851
2860
2862
2863
2856
2857
2858
2859
2868
2871
2864
2867
2877
2876
2879
2878
2873
2872
2875
2822
2823
2820
2821
2818
2817
2830
2831
2828
2829
2826
2827
2824
2839
2838
2834
2832
2847
2845
2844
2843
2842
2841
2840
2912
2913
2915
2916
2917
2918
2920
2921
2922
2925
2926
2927
2931
2933
2935
2934
2939
2938
2941
2940
2882
2880
2881
2886
2887
2884
2885
2891
2894
2895
2899
2896
2903
2901
2906
2905
2910
3284
3285
3287
3281
3282
3283
3292
3293
3294
3295
3288
3289
3290
3291
3318
3316
3317
3314
3315
3312
3313
3327
3324
3325
3322
3320
3321
3303
3302
3301
3299
3298
3296
3310
3309
3306
3305
3304
3527
3526
3524
3523
3522
3521
3520
3534
3533
3531
3529
3528
3536
3537
3459
3458
3457
3463
3462
3461
3460
3466
3464
3471
3470
3474
3475
3472
3473
3479
3477
3483
3480
3481
3486
3487
3484
3485
3489
3488
3490
3493
3495
3494
3497
3499
3498
3501
3500
3502
3504
3505
3507
3508
3509
3510
3511
3512
3513
3514
3515
3516
3518
3406
3407
3404
3405
3402
3403
3400
3401
3398
3399
3396
3394
3395
3392
3423
3422
3419
3417
3416
3411
3409
3408
3436
3437
3438
3432
3428
3429
3430
3425
3427
3453
3452
3455
3454
3449
3451
3450
3445
3444
3447
3446
3441
3443
3339
3337
3342
3343
3340
3341
3330
3328
3334
3333
3354
3353
3352
3359
3358
3347
3346
3345
3344
3351
3350
3349
3348
3368
3369
3372
3373
3375
3360
3361
3362
3363
3364
3365
3366
3367
3385
3384
3387
3389
3388
3391
3377
3376
3378
3380
3383
