952
953
954
955
948
949
951
944
945
946
947
943
942
937
936
939
938
928
931
927
925
922
923
920
918
919
916
917
915
911
910
907
906
902
901
900
899
898
1016
1019
1020
1022
1023
1008
1009
1010
1012
1013
1014
1001
1000
1002
1005
1004
1007
1006
993
995
994
997
996
999
998
986
987
984
991
989
979
976
982
983
980
981
970
968
975
974
972
963
962
961
967
966
964
1100
1101
1102
1103
1096
1097
1098
1099
1092
1094
1095
1088
1089
1091
1117
1116
1119
1118
1114
1108
1111
1110
1105
1104
1107
1106
1134
1135
1132
1133
1130
1131
1128
1129
1126
1127
1124
1125
1122
1123
1120
1148
1147
1146
1145
1144
1142
1140
1139
1138
1137
1136
1032
1034
1035
1036
1037
1027
1028
1029
1030
1031
1049
1048
1051
1052
1055
1054
1040
1042
1045
1044
1046
1066
1067
1064
1065
1070
1069
1059
1056
1063
1060
1061
1083
1081
1087
1085
1084
1074
1073
1072
1079
1078
1077
1076
1221
1220
1223
1222
1216
1219
1229
1231
1230
1225
1224
1226
1236
1239
1232
1233
1235
1244
1245
1246
1247
1240
1241
1242
1249
1248
1278
1279
1277
1275
1272
1273
1153
1152
1155
1154
1157
1159
1158
1161
1163
1162
1165
1164
1167
1166
1168
1169
1170
1171
1172
1173
1174
1175
1176
1177
1178
1179
1180
1181
1182
1183
1187
1186
1185
1184
1190
1189
1195
1194
1193
1199
1197
1202
1203
1200
1206
1207
1205
1210
1211
1209
1214
1215
1212
1213
1405
1404
1407
1406
1401
1400
1402
1306
1305
1304
1311
1310
1309
1308
1299
1298
1297
1296
1302
1290
1291
1294
1295
1293
1282
1283
1280
1281
1286
1287
1284
1285
1320
1321
1322
1323
1312
1314
1315
1316
1318
1319
1494
1492
1490
1491
1502
1503
1500
1498
1499
1496
1497
1478
1477
1474
1473
1472
1487
1486
1484
1483
1482
1481
1524
1525
1526
1527
1520
1521
1522
1523
1533
1534
1528
1529
1530
1531
1509
1508
1511
1510
1505
1504
1507
1506
1517
1513
1514
1426
1427
1424
1425
1430
1431
1428
1429
1435
1432
1438
1436
1437
1411
1410
1409
1408
1415
1413
1419
1417
1416
1423
1421
1456
1459
1461
1462
1463
1465
1466
1467
1468
1469
1471
1441
1440
1443
1447
1446
1449
1451
1453
1452
1455
1548
1549
1550
1551
1544
1545
1546
1547
1541
1542
1539
1557
1556
1552
1555
1554
1763
1762
1761
1760
1766
1765
1764
1771
1770
1769
1775
1773
1772
1779
1776
1777
1782
1783
1780
1781
1786
1787
1784
1785
1790
1791
1788
1789
1732
1735
1734
1737
1736
1739
1738
1741
1740
1743
1742
1744
1747
1748
1750
1751
1753
1756
1757
1759
1701
1700
1697
1711
1710
1709
1708
1706
1704
1718
1716
1717
1714
1715
1713
1727
1724
1725
1722
1720
1721
1677
1676
1678
1673
1672
1684
1686
1687
1680
1681
1682
1683
1692
1693
1694
1695
1688
1913
1912
1915
1914
1917
1919
1918
1904
1906
1908
1911
1910
1902
1886
1884
1875
1874
1879
1878
1877
1876
1866
1864
1865
1870
1869
1858
1859
1862
1863
1860
1852
1855
1851
1850
1847
1841
1837
1838
1839
1833
1834
1828
1829
1830
1831
1824
1826
1823
1822
1821
1819
1818
1816
1815
1811
1810
1809
1808
1806
1807
1804
1805
1802
1803
1801
1796
1797
1794
1795
1792
1793
2032
2033
2034
2039
2040
2045
2046
2047
2019
2018
2021
2020
2023
2022
2024
2027
2026
2029
2028
2002
2000
2001
2006
2007
2010
2011
2008
2014
2015
1987
1990
1989
1988
1992
1972
1975
1969
1970
1980
1981
1982
1983
1976
1979
1956
1958
1953
1955
1954
1965
1964
1966
1961
1963
1962
1940
1941
1938
1936
1950
1951
1948
1949
1947
1944
1945
1927
1925
1924
1923
1922
1920
1935
1934
1933
1932
1931
1930
1929
1928
2200
2202
2203
2205
2206
2207
2192
2193
2194
2195
2196
2198
2199
2185
2187
2186
2189
2188
2191
2190
2179
2178
2180
2183
2182
2234
2235
2232
2233
2238
2237
2227
2224
2225
2230
2231
2229
2219
2217
2216
2222
2221
2220
2211
2210
2209
2208
2214
2213
2268
2269
2271
2264
2267
2260
2261
2262
2263
2256
2257
2258
2259
2253
2252
2255
2254
2249
2248
2244
2243
2302
2303
2300
2301
2298
2299
2296
2294
2295
2292
2290
2288
2287
2286
2285
2284
2283
2282
2281
2279
2277
2276
2275
2274
2272
2067
2066
2069
2068
2071
2070
2073
2072
2075
2077
2078
2048
2049
2050
2052
2053
2054
2055
2057
2059
2061
2062
2063
2107
2106
2104
2110
2109
2133
2132
2135
2134
2128
2131
2141
2140
2143
2142
2137
2136
2139
2116
2113
2114
2124
2125
2127
2120
2121
2122
2165
2164
2163
2162
2161
2175
2173
2168
2150
2151
2148
2149
2146
2147
2144
2145
2158
2159
2156
2157
2154
2155
2152
2153
2810
2811
2808
2809
2815
2812
2813
2802
2800
2804
2795
2794
2793
2798
2796
2787
2786
2784
2788
2776
2777
2780
2781
2782
2783
2768
2770
2771
2772
2773
2774
2775
2761
2760
2763
2764
2767
2755
2754
2756
2759
2613
2612
2610
2609
2608
2623
2621
2619
2616
2675
2673
2672
2679
2678
2677
2676
2683
2682
2681
2686
2685
2684
2659
2662
2663
2666
2664
2665
2670
2671
2668
2641
2640
2642
2645
2644
2649
2648
2653
2655
2654
2624
2625
2626
2627
2629
2630
2631
2632
2633
2634
2635
2636
2637
2639
2991
2990
2985
2984
2987
2981
2983
2982
2977
2976
2979
3006
3007
3000
2996
2997
2998
2999
2992
2993
2994
2995
2959
2958
2957
2953
2951
2950
2946
2945
2974
2975
2969
2966
2967
3049
3048
3051
3050
3053
3052
3054
3041
3040
3043
3042
3045
3044
3047
3046
3065
3066
3056
3058
3059
3060
3061
3062
3063
3019
3018
3017
3016
3023
3022
3021
3011
3010
3009
3008
3015
3014
3013
3012
3034
3035
3032
3033
3038
3039
3036
3037
3026
3027
3024
3025
3028
3029
2852
2853
2854
2855
2848
2849
2850
2851
2861
2862
2863
2857
2858
2859
2869
2868
2871
2870
2865
2864
2867
2866
2877
2876
2879
2878
2873
2872
2874
2822
2821
2818
2819
2830
2831
2828
2829
2826
2827
2824
2825
2839
2838
2836
2834
2833
2832
2847
2846
2845
2843
2842
2841
2840
2912
2913
2915
2916
2917
2918
2919
2920
2922
2923
2924
2925
2929
2928
2931
2933
2932
2935
2934
2937
2936
2939
2938
2941
2940
2943
2882
2883
2880
2881
2887
2884
2890
2891
2888
2889
2894
2895
2892
2893
2899
2898
2896
2903
2902
2901
2907
2906
2905
2904
2911
2910
3284
3286
3287
3281
3282
3283
3292
3293
3294
3295
3288
3289
3291
3318
3316
3317
3314
3315
3312
3327
3325
3322
3323
3320
3321
3302
3301
3298
3297
3311
3309
3307
3305
3304
3525
3524
3523
3522
3535
3533
3532
3530
3529
3528
3536
3459
3457
3456
3463
3462
3461
3460
3466
3465
3464
3471
3470
3468
3474
3475
3472
3473
3478
3479
3477
3482
3483
3481
3486
3487
3484
3485
3488
3491
3490
3493
3492
3495
3494
3496
3499
3498
3501
3500
3502
3504
3506
3507
3508
3509
3512
3513
3514
3515
3516
3517
3518
3519
3407
3405
3402
3403
3400
3398
3399
3396
3397
3394
3395
3392
3393
3421
3419
3418
3417
3416
3412
3410
3409
3437
3432
3433
3434
3435
3430
3431
3424
3427
3453
3452
3455
3449
3451
3450
3444
3447
3446
3441
3440
3443
3442
3336
3337
3342
3341
3330
3328
3329
3334
3333
3354
3353
3352
3359
3358
3357
3347
3345
3344
3351
3350
3349
3348
3368
3369
3370
3372
3373
3374
3375
3362
3363
3364
3365
3367
3387
3386
3388
3391
3377
3376
3379
3378
3380
