956
952
938
929
924
925
916
911
906
903
901
900
1020
1021
1001
993
987
983
971
973
960
1092
1094
1088
1090
1115
1109
1111
1105
1130
1129
1125
1150
1140
1035
1031
1048
1051
1050
1052
1054
1040
1045
1047
1046
1068
1069
1079
1078
1077
1223
1219
1224
1227
1233
1234
1235
1245
1246
1241
1270
1153
1152
1154
1156
1163
1170
1177
1184
1188
1199
1204
1306
1311
1297
1303
1301
1290
1294
1293
1321
1315
1317
1494
1492
1502
1503
1501
1481
1525
1533
1507
1513
1514
1436
1415
1412
1423
1461
1463
1468
1455
1548
1537
1557
1555
1760
1771
1772
1779
1784
1785
1788
1789
1729
1735
1739
1742
1744
1746
1758
1759
1700
1698
1696
1711
1706
1717
1676
1692
1691
1910
1903
1882
1887
1886
1879
1878
1865
1858
1862
1848
1841
1839
1835
1828
1829
1830
1805
1801
1799
1794
1793
2032
2036
2040
2017
2024
2027
2002
2001
2010
1985
1989
1988
1997
1972
1980
1978
1953
1965
1939
1947
1925
1922
1928
2190
2180
2234
2226
2227
2224
2228
2223
2209
2260
2257
2255
2246
2301
2299
2291
2284
2067
2075
2049
2059
2061
2062
2063
2104
2134
2139
2114
2123
2172
2159
2813
2802
2794
2799
2787
2790
2778
2771
2775
2757
2613
2623
2672
2676
2682
2681
2657
2670
2668
2640
2642
2647
2652
2654
2631
2639
2991
2977
2979
2978
2996
2999
2951
2947
2946
2971
2966
2963
3055
3044
3065
3019
3016
3014
3038
3025
2854
2859
2877
2876
2819
2830
2838
2844
2917
2922
2925
2933
2943
2883
2881
2891
2895
2893
2902
2906
3286
3281
3292
3289
3316
3324
3321
3301
3298
3311
3306
3523
3534
3533
3461
3471
3473
3478
3483
3485
3488
3496
3499
3501
3505
3514
3517
3518
3397
3395
3421
3418
3416
3437
3438
3430
3450
3442
3339
3336
3341
3333
3359
3345
3368
3373
3387
3386
3389
3390
3383
