958
952
954
955
948
949
950
951
944
945
946
940
943
942
937
936
939
938
933
932
935
934
928
931
926
927
924
925
922
923
920
918
919
916
917
915
912
911
909
908
907
906
905
904
903
902
901
900
899
898
1016
1018
1020
1021
1022
1008
1009
1011
1012
1013
1014
1015
1000
1003
1002
1005
1004
1007
992
994
997
996
999
998
986
987
984
991
988
989
982
983
980
981
971
970
968
975
974
973
972
963
962
961
960
967
966
965
964
1101
1103
1096
1097
1098
1099
1092
1093
1094
1095
1089
1090
1091
1117
1116
1118
1112
1115
1114
1109
1111
1104
1135
1132
1133
1131
1129
1126
1127
1124
1125
1122
1123
1120
1151
1150
1149
1148
1147
1144
1143
1142
1141
1139
1138
1137
1136
1032
1036
1037
1038
1039
1024
1025
1026
1027
1028
1029
1030
1031
1048
1051
1050
1053
1055
1054
1040
1043
1042
1045
1044
1046
1066
1064
1065
1070
1071
1068
1069
1058
1059
1056
1063
1060
1083
1082
1081
1080
1087
1085
1084
1075
1074
1073
1072
1079
1078
1077
1076
1221
1220
1223
1222
1216
1219
1229
1228
1231
1230
1225
1224
1227
1226
1236
1237
1239
1232
1235
1244
1245
1246
1247
1240
1241
1243
1250
1249
1248
1271
1278
1279
1276
1277
1274
1275
1272
1273
1153
1152
1155
1154
1157
1156
1159
1163
1162
1165
1164
1169
1170
1171
1172
1173
1174
1175
1176
1178
1179
1181
1182
1187
1186
1185
1191
1190
1189
1195
1194
1193
1199
1198
1197
1196
1202
1203
1200
1201
1206
1207
1204
1205
1210
1211
1208
1214
1215
1212
1405
1404
1407
1406
1400
1402
1399
1306
1305
1304
1311
1310
1309
1298
1297
1296
1303
1302
1301
1291
1288
1289
1294
1295
1292
1293
1282
1283
1281
1286
1287
1284
1320
1322
1323
1312
1313
1314
1315
1316
1317
1318
1319
1494
1495
1492
1491
1502
1503
1500
1496
1497
1478
1477
1476
1475
1474
1472
1487
1486
1485
1484
1483
1482
1524
1525
1520
1521
1522
1523
1533
1534
1535
1529
1530
1531
1509
1508
1511
1510
1505
1504
1507
1506
1517
1516
1519
1518
1513
1512
1514
1426
1427
1424
1425
1430
1431
1428
1429
1435
1438
1439
1436
1437
1410
1415
1414
1413
1412
1419
1418
1417
1423
1422
1421
1456
1457
1458
1459
1460
1462
1463
1464
1466
1467
1468
1469
1470
1471
1440
1443
1442
1445
1447
1446
1449
1448
1451
1450
1453
1452
1455
1454
1548
1549
1550
1545
1547
1540
1541
1542
1536
1537
1538
1539
1556
1553
1552
1555
1554
1763
1762
1760
1767
1766
1765
1764
1770
1768
1775
1773
1772
1776
1777
1782
1783
1780
1781
1786
1787
1784
1785
1790
1791
1788
1789
1729
1731
1730
1735
1734
1739
1738
1741
1740
1744
1745
1746
1747
1748
1749
1750
1751
1752
1756
1757
1758
1759
1703
1700
1699
1698
1696
1711
1709
1707
1704
1718
1719
1714
1715
1713
1726
1727
1725
1722
1720
1721
1676
1673
1675
1674
1684
1685
1686
1687
1680
1683
1692
1694
1695
1688
1690
1691
1913
1912
1915
1914
1917
1918
1907
1906
1909
1908
1911
1910
1903
1883
1882
1881
1886
1885
1884
1875
1874
1872
1879
1878
1877
1876
1864
1865
1868
1858
1859
1856
1857
1862
1863
1860
1852
1855
1854
1848
1850
1845
1847
1841
1840
1836
1838
1833
1835
1829
1830
1825
1826
1827
1823
1822
1821
1820
1819
1818
1816
1815
1812
1811
1809
1808
1806
1807
1804
1805
1802
1803
1800
1801
1798
1799
1796
1797
1794
1795
1792
1793
2033
2034
2035
2036
2037
2038
2039
2040
2042
2044
2045
2046
2047
2017
2019
2018
2021
2023
2022
2025
2024
2027
2026
2029
2028
2030
2002
2003
2006
2007
2010
2011
2008
2009
2014
2015
2012
2013
1986
1984
1990
1989
1988
1995
1992
1999
1997
1972
1973
1971
1981
1982
1983
1976
1978
1979
1957
1956
1958
1955
1954
1965
1964
1966
1961
1963
1962
1942
1943
1941
1938
1939
1936
1937
1950
1948
1949
1947
1944
1926
1923
1922
1920
1933
1932
1931
1930
1929
1928
2200
2201
2203
2204
2205
2206
2207
2192
2193
2194
2195
2196
2199
2185
2184
2187
2186
2189
2191
2190
2179
2178
2181
2183
2234
2235
2233
2238
2239
2237
2226
2224
2225
2230
2228
2219
2218
2217
2222
2211
2210
2208
2215
2213
2212
2271
2264
2265
2266
2267
2260
2261
2263
2256
2257
2258
2259
2255
2249
2248
2251
2245
2244
2247
2241
2240
2242
2302
2303
2301
2299
2296
2297
2294
2295
2292
2293
2291
2288
2289
2287
2285
2282
2281
2279
2276
2275
2274
2272
2064
2067
2066
2069
2068
2071
2070
2073
2072
2075
2079
2078
2048
2050
2051
2052
2053
2054
2055
2057
2058
2061
2062
2063
2107
2106
2105
2111
2110
2109
2082
2083
2080
2081
2084
2133
2132
2135
2128
2131
2130
2141
2140
2143
2137
2136
2139
2116
2117
2119
2112
2113
2114
2115
2124
2125
2127
2120
2121
2122
2123
2167
2165
2163
2162
2161
2160
2175
2173
2172
2170
2169
2168
2150
2149
2146
2144
2145
2158
2159
2156
2157
2154
2155
2152
2153
2811
2808
2809
2815
2812
2813
2802
2803
2800
2801
2806
2807
2804
2805
2794
2793
2792
2797
2796
2787
2786
2785
2784
2791
2790
2789
2788
2776
2777
2779
2780
2781
2782
2768
2770
2771
2772
2773
2761
2760
2763
2764
2766
2754
2756
2759
2615
2613
2612
2611
2610
2609
2608
2623
2622
2619
2616
2675
2673
2679
2678
2677
2676
2681
2680
2687
2686
2685
2684
2658
2659
2657
2662
2663
2660
2661
2666
2667
2665
2670
2668
2669
2640
2642
2644
2647
2646
2649
2648
2653
2655
2654
2624
2625
2626
2627
2628
2630
2631
2632
2633
2634
2635
2636
2637
2639
2989
2991
2985
2984
2987
2986
2981
2983
2982
2977
2976
2979
2978
3006
3007
3000
3001
3002
2996
2997
2998
2992
2993
2995
2959
2957
2953
2952
2951
2950
2947
2946
2945
2944
2974
2975
2972
2973
2970
2971
2969
2966
2967
2963
2961
3048
3051
3050
3053
3052
3054
3041
3040
3043
3042
3045
3044
3047
3046
3064
3066
3056
3058
3059
3060
3061
3062
3063
3019
3018
3023
3020
3011
3010
3009
3008
3014
3013
3012
3034
3035
3032
3039
3036
3026
3025
2853
2849
2851
2860
2863
2857
2869
2868
2870
2865
2867
2866
2877
2878
2873
2872
2875
2874
2822
2823
2821
2818
2819
2830
2831
2828
2829
2826
2825
2839
2838
2837
2836
2835
2834
2833
2832
2847
2846
2845
2843
2842
2841
2840
2912
2913
2915
2917
2918
2919
2920
2921
2922
2923
2924
2925
2926
2927
2929
2928
2931
2933
2935
2934
2937
2936
2939
2938
2941
2940
2882
2883
2880
2886
2885
2891
2888
2889
2894
2895
2892
2898
2897
2896
2902
2901
2900
2906
2905
2904
2911
2910
3284
3285
3286
3287
3281
3282
3283
3293
3294
3288
3289
3290
3291
3316
3314
3315
3312
3313
3327
3324
3325
3323
3320
3321
3303
3302
3299
3297
3311
3307
3306
3304
3527
3526
3524
3521
3520
3535
3534
3533
3532
3529
3528
3536
3537
3459
3458
3462
3461
3465
3470
3474
3475
3472
3473
3478
3477
3483
3480
3481
3486
3487
3484
3485
3489
3491
3490
3492
3495
3494
3496
3499
3498
3501
3500
3503
3502
3504
3505
3506
3507
3508
3510
3511
3512
3513
3515
3516
3517
3519
3406
3407
3404
3405
3402
3400
3401
3398
3399
3396
3397
3394
3395
3392
3423
3422
3421
3418
3417
3416
3415
3412
3411
3410
3408
3437
3433
3434
3435
3428
3430
3431
3424
3425
3427
3453
3452
3449
3451
3445
3444
3447
3446
3441
3443
3338
3339
3342
3343
3331
3328
3329
3334
3335
3333
3354
3353
3352
3359
3357
3347
3345
3344
3350
3349
3348
3368
3369
3372
3374
3360
3361
3363
3364
3365
3366
3367
3385
3384
3387
3386
3389
3388
3391
3390
3377
3376
3378
3381
3380
3383
3382
