956
958
952
953
954
948
949
950
951
944
945
946
940
943
942
936
939
938
932
935
934
929
928
931
927
925
920
918
919
916
912
910
909
908
907
905
904
903
902
900
899
898
1016
1017
1018
1019
1020
1021
1022
1008
1009
1010
1012
1013
1014
1015
1001
1000
1005
1004
1007
1006
993
992
995
994
996
998
986
987
984
985
990
991
989
979
976
982
983
980
981
971
970
968
975
974
973
972
962
961
967
966
965
1100
1101
1103
1096
1097
1098
1093
1094
1095
1088
1089
1090
1091
1117
1116
1119
1112
1115
1114
1109
1108
1111
1110
1105
1107
1106
1134
1135
1133
1130
1128
1129
1126
1127
1124
1125
1122
1123
1120
1151
1150
1148
1147
1144
1143
1142
1141
1140
1139
1138
1137
1136
1033
1035
1036
1037
1039
1024
1025
1026
1027
1029
1030
1031
1049
1048
1050
1055
1054
1041
1040
1043
1045
1046
1066
1067
1064
1070
1071
1069
1058
1059
1056
1057
1060
1061
1083
1082
1080
1087
1086
1075
1074
1073
1079
1078
1076
1221
1220
1223
1222
1217
1219
1218
1228
1231
1225
1227
1226
1236
1237
1238
1239
1232
1234
1235
1244
1246
1247
1240
1241
1242
1243
1250
1249
1248
1270
1271
1278
1276
1277
1274
1272
1273
1153
1152
1155
1154
1157
1156
1159
1158
1161
1160
1163
1162
1164
1167
1166
1169
1170
1171
1173
1175
1176
1178
1179
1180
1181
1183
1187
1186
1185
1184
1191
1190
1189
1188
1194
1193
1199
1198
1197
1202
1203
1200
1201
1206
1207
1204
1205
1210
1211
1209
1214
1215
1212
1213
1404
1407
1406
1400
1403
1402
1399
1305
1304
1311
1310
1309
1308
1299
1298
1297
1303
1302
1301
1300
1288
1294
1295
1292
1293
1282
1283
1280
1281
1286
1287
1285
1320
1321
1322
1323
1312
1313
1315
1316
1317
1319
1494
1495
1492
1493
1490
1491
1488
1502
1503
1500
1501
1498
1499
1496
1497
1479
1478
1477
1475
1474
1473
1472
1487
1486
1485
1483
1482
1481
1480
1525
1526
1527
1520
1521
1522
1532
1534
1535
1528
1529
1530
1531
1509
1508
1511
1510
1505
1507
1506
1517
1516
1518
1514
1426
1424
1431
1428
1434
1432
1433
1438
1439
1436
1437
1411
1410
1409
1408
1415
1413
1412
1419
1418
1417
1422
1420
1456
1457
1460
1461
1462
1463
1466
1468
1469
1471
1441
1440
1442
1445
1447
1446
1449
1451
1453
1455
1549
1550
1551
1544
1545
1546
1547
1540
1541
1542
1543
1536
1537
1557
1556
1553
1555
1554
1762
1761
1760
1767
1766
1765
1764
1771
1770
1768
1773
1772
1776
1777
1781
1786
1787
1791
1788
1789
1729
1731
1730
1733
1732
1735
1734
1737
1736
1738
1741
1740
1742
1746
1747
1748
1749
1750
1751
1752
1756
1757
1758
1759
1703
1701
1700
1699
1698
1697
1696
1711
1709
1708
1707
1706
1705
1704
1718
1719
1716
1717
1714
1715
1712
1713
1726
1727
1724
1725
1722
1720
1721
1677
1679
1678
1672
1675
1674
1684
1687
1680
1681
1682
1683
1692
1695
1688
1689
1690
1691
1913
1915
1914
1917
1919
1904
1907
1906
1909
1908
1911
1910
1902
1903
1883
1882
1881
1880
1887
1885
1875
1874
1872
1877
1876
1864
1870
1871
1868
1869
1859
1856
1857
1862
1863
1860
1852
1855
1854
1848
1850
1845
1846
1841
1840
1836
1838
1839
1833
1834
1835
1828
1829
1830
1831
1824
1825
1826
1827
1823
1822
1821
1820
1819
1818
1817
1816
1815
1813
1812
1810
1809
1808
1806
1807
1804
1805
1802
1800
1798
1799
1796
1797
1795
1793
2032
2033
2034
2036
2037
2038
2039
2040
2042
2044
2045
2046
2047
2017
2019
2018
2021
2020
2023
2022
2025
2024
2027
2026
2028
2031
2030
2002
2000
2001
2006
2007
2010
2011
2008
2009
2014
2015
2012
2013
1985
1984
1990
1988
1992
1999
1998
1997
1996
1972
1973
1969
1970
1971
1980
1981
1982
1983
1976
1978
1979
1957
1956
1959
1953
1954
1965
1967
1966
1961
1963
1962
1942
1943
1940
1938
1939
1937
1950
1951
1948
1947
1944
1927
1926
1925
1924
1923
1921
1920
1934
1932
1931
1930
1929
1928
2201
2202
2203
2204
2205
2206
2192
2193
2195
2196
2197
2198
2199
2185
2189
2191
2190
2179
2178
2181
2183
2182
2234
2233
2238
2236
2237
2226
2227
2225
2230
2231
2228
2229
2219
2218
2217
2216
2222
2221
2220
2210
2209
2214
2212
2270
2264
2265
2260
2261
2263
2256
2257
2258
2259
2252
2255
2254
2249
2251
2245
2244
2246
2241
2240
2243
2303
2301
2299
2296
2297
2295
2290
2291
2288
2289
2286
2285
2282
2281
2280
2279
2277
2276
2275
2274
2272
2067
2066
2069
2068
2070
2073
2075
2077
2079
2078
2049
2050
2051
2052
2055
2058
2059
2060
2061
2062
2063
2107
2106
2105
2104
2110
2109
2082
2083
2080
2081
2084
2133
2135
2134
2128
2131
2130
2141
2140
2143
2137
2136
2139
2116
2117
2119
2112
2113
2115
2124
2125
2127
2120
2121
2122
2167
2166
2165
2164
2163
2162
2160
2175
2172
2171
2170
2169
2168
2150
2151
2148
2149
2146
2147
2144
2158
2159
2156
2157
2154
2155
2152
2810
2811
2808
2809
2812
2813
2802
2803
2800
2801
2806
2807
2805
2794
2793
2799
2798
2797
2796
2787
2786
2785
2784
2791
2790
2789
2788
2776
2777
2780
2781
2782
2783
2768
2770
2771
2772
2773
2774
2775
2761
2760
2763
2762
2765
2764
2767
2766
2755
2754
2757
2756
2759
2758
2615
2613
2612
2610
2609
2608
2623
2622
2621
2620
2619
2616
2675
2672
2679
2678
2677
2676
2683
2682
2681
2680
2687
2686
2685
2658
2659
2657
2662
2661
2666
2667
2664
2665
2670
2671
2668
2669
2641
2642
2645
2647
2646
2648
2653
2652
2655
2654
2625
2626
2627
2629
2630
2632
2633
2634
2635
2636
2637
2639
2989
2991
2990
2984
2987
2986
2983
2982
2977
2976
2979
3000
3001
3002
2997
2998
2999
2993
2994
2995
2959
2958
2957
2953
2952
2951
2950
2947
2946
2944
2974
2972
2973
2968
2969
2966
2965
2962
2960
3048
3053
3055
3041
3043
3042
3045
3046
3064
3065
3066
3056
3059
3060
3061
3062
3063
3019
3018
3017
3016
3023
3022
3011
3009
3008
3015
3012
3035
3032
3039
3036
3027
3024
3030
3031
2852
2853
2854
2848
2849
2850
2851
2860
2861
2862
2863
2856
2857
2858
2859
2869
2868
2871
2870
2865
2864
2867
2866
2879
2878
2872
2875
2822
2823
2820
2821
2818
2819
2817
2830
2831
2828
2829
2826
2827
2824
2825
2838
2837
2835
2834
2833
2847
2846
2845
2844
2843
2842
2841
2840
2915
2916
2917
2918
2919
2920
2922
2923
2924
2925
2927
2928
2933
2932
2935
2934
2937
2936
2938
2941
2940
2943
2882
2881
2887
2884
2894
2895
2893
2899
2898
2896
2901
2907
2905
2904
2911
2910
3285
3287
3281
3283
3292
3293
3294
3295
3288
3289
3290
3291
3318
3317
3315
3312
3313
3327
3324
3325
3322
3323
3320
3321
3303
3302
3301
3300
3299
3298
3297
3296
3310
3309
3307
3306
3305
3526
3525
3524
3522
3521
3520
3534
3533
3532
3530
3529
3528
3536
3537
3459
3458
3456
3463
3462
3461
3460
3466
3465
3464
3471
3470
3468
3472
3473
3478
3479
3480
3481
3487
3491
3490
3493
3492
3495
3494
3497
3498
3501
3500
3502
3505
3506
3507
3508
3509
3510
3511
3512
3513
3514
3515
3517
3518
3519
3406
3407
3404
3405
3402
3403
3400
3401
3398
3396
3397
3394
3395
3392
3421
3419
3418
3417
3416
3415
3412
3411
3410
3409
3408
3437
3438
3432
3433
3435
3428
3429
3430
3431
3425
3427
3452
3455
3454
3449
3448
3445
3444
3447
3446
3441
3440
3443
3442
3338
3339
3336
3337
3342
3343
3330
3328
3329
3335
3333
3353
3352
3359
3358
3357
3347
3346
3345
3344
3349
3348
3368
3369
3370
3372
3374
3361
3362
3363
3364
3365
3366
3367
3385
3386
3389
3388
3391
3390
3377
3376
3379
3381
3380
3383
3382
