952
953
954
949
940
943
937
932
911
905
1018
1009
1000
1002
1005
1007
1006
993
998
986
985
968
975
965
1100
1101
1119
1125
1151
1145
1144
1143
1033
1034
1025
1048
1051
1050
1054
1043
1067
1068
1058
1059
1057
1087
1216
1231
1225
1226
1239
1233
1240
1241
1242
1248
1270
1275
1162
1164
1168
1170
1171
1175
1179
1181
1183
1184
1191
1194
1203
1200
1204
1212
1405
1403
1306
1305
1304
1302
1289
1292
1293
1286
1285
1490
1502
1503
1499
1496
1475
1487
1482
1527
1533
1535
1530
1509
1517
1519
1513
1429
1437
1411
1416
1423
1456
1457
1459
1462
1466
1468
1441
1449
1546
1536
1555
1762
1766
1775
1773
1777
1782
1786
1787
1784
1785
1791
1730
1733
1744
1756
1757
1710
1704
1715
1727
1675
1687
1682
1904
1875
1877
1839
1831
1821
1815
1812
1807
1803
1800
1801
1796
2032
2035
2036
2043
2019
2030
2001
2010
1986
1985
1973
1975
1969
1970
1971
1957
1959
1967
1961
1963
1936
1948
1944
1922
1920
2202
2204
2206
2194
2196
2187
2179
2181
2232
2239
2237
2230
2221
2208
2255
2251
2292
2289
2285
2276
2066
2073
2051
2055
2060
2083
2131
2141
2136
2116
2119
2114
2115
2127
2162
2150
2149
2144
2158
2815
2812
2806
2804
2786
2785
2776
2777
2780
2783
2770
2772
2762
2764
2767
2757
2759
2609
2623
2675
2657
2666
2641
2642
2649
2626
2631
2637
2990
2982
2976
2979
3001
2992
2952
2951
2971
2969
2966
2960
3054
3040
3046
3066
3056
3058
3022
3021
3008
3025
2853
2855
2859
2874
2821
2819
2830
2828
2826
2827
2832
2912
2919
2922
2928
2931
2936
2940
2881
2884
2890
2896
2906
2911
3284
3285
3287
3281
3289
3291
3314
3301
3300
3304
3525
3528
3536
3457
3461
3471
3477
3491
3494
3498
3501
3502
3505
3508
3515
3519
3405
3401
3396
3393
3421
3418
3417
3411
3408
3434
3428
3424
3444
3342
3343
3330
3347
3346
3372
3375
3361
3364
3380
3382
