956
945
946
940
932
935
929
928
931
926
927
925
922
916
910
909
907
906
904
902
1017
1019
1008
1009
1014
985
990
988
963
967
1100
1103
1097
1118
1108
1130
1128
1120
1139
1034
1024
1053
1055
1054
1042
1047
1046
1070
1057
1063
1061
1080
1073
1231
1230
1224
1236
1238
1239
1246
1270
1154
1159
1164
1173
1183
1202
1208
1214
1215
1212
1404
1403
1402
1298
1296
1303
1302
1300
1289
1285
1323
1312
1488
1501
1498
1479
1478
1474
1486
1521
1533
1534
1528
1505
1427
1425
1431
1438
1412
1418
1423
1456
1457
1458
1460
1443
1446
1543
1537
1555
1773
1777
1782
1786
1785
1730
1733
1732
1745
1748
1749
1757
1699
1697
1708
1726
1678
1673
1672
1684
1687
1680
1915
1918
1911
1875
1874
1876
1870
1851
1850
1840
1828
1825
1818
1816
1806
1802
1803
1796
1793
2036
2038
2046
2026
2029
2031
2002
2003
2001
2007
2013
1990
1988
1995
1973
1975
1970
1971
1958
1964
1938
1926
1934
2200
2201
2202
2193
2194
2195
2196
2186
2188
2234
2235
2232
2236
2227
2224
2216
2221
2209
2212
2268
2269
2264
2263
2257
2258
2248
2250
2292
2290
2291
2284
2064
2071
2073
2075
2051
2054
2058
2059
2060
2111
2110
2082
2081
2142
2139
2119
2112
2120
2163
2160
2150
2154
2810
2800
2806
2795
2796
2786
2784
2791
2789
2783
2766
2754
2757
2756
2759
2758
2615
2611
2675
2676
2658
2668
2669
2640
2644
2647
2652
2627
2629
2637
2989
2977
2998
2992
2959
2957
2975
2969
2960
2961
3049
3050
3052
3054
3041
3045
3046
3065
3058
3063
3018
3022
3010
3013
3029
2852
2848
2861
2869
2870
2865
2866
2874
2819
2825
2837
2836
2835
2833
2846
2919
2923
2924
2929
2928
2932
2937
2936
2943
2883
2890
2888
2889
2892
2893
2898
2897
2902
2900
2907
2904
2911
3286
3323
3300
3297
3311
3307
3525
3535
3532
3530
3456
3465
3468
3478
3482
3491
3492
3496
3503
3506
3517
3519
3397
3393
3421
3418
3415
3412
3410
3433
3434
3435
3431
3424
3448
3440
3442
3338
3336
3331
3329
3335
3357
3370
3374
3386
3390
3379
3381
3382
