956
953
954
955
948
949
951
944
945
942
937
936
939
938
933
932
935
934
929
928
931
930
926
927
924
925
922
923
920
918
916
917
915
912
909
908
907
905
903
902
901
900
899
898
1016
1017
1018
1022
1023
1008
1009
1010
1011
1012
1013
1014
1015
1001
1003
1004
1007
993
992
995
994
997
996
999
998
987
990
988
989
978
979
976
982
983
980
981
971
970
968
973
972
963
962
961
967
966
965
964
1100
1101
1102
1103
1097
1099
1092
1093
1094
1095
1088
1089
1090
1091
1117
1116
1118
1113
1112
1114
1108
1111
1105
1104
1107
1106
1134
1135
1131
1128
1129
1126
1124
1122
1120
1121
1150
1149
1148
1147
1146
1145
1144
1141
1140
1139
1138
1137
1136
1032
1033
1034
1038
1039
1024
1026
1027
1028
1029
1030
1049
1048
1051
1053
1052
1055
1054
1041
1040
1043
1042
1045
1046
1066
1067
1064
1065
1071
1068
1069
1056
1057
1063
1060
1061
1083
1082
1080
1087
1086
1085
1084
1075
1074
1073
1072
1079
1078
1077
1076
1221
1220
1223
1222
1217
1216
1218
1229
1228
1231
1230
1224
1227
1226
1236
1237
1238
1239
1232
1233
1234
1235
1244
1245
1247
1240
1249
1248
1270
1271
1278
1276
1277
1274
1272
1273
1153
1152
1155
1154
1157
1159
1158
1161
1162
1164
1167
1166
1168
1170
1171
1172
1173
1174
1175
1176
1177
1178
1179
1180
1183
1187
1186
1184
1191
1190
1189
1188
1195
1193
1199
1198
1196
1202
1203
1200
1201
1206
1207
1205
1210
1208
1209
1214
1215
1212
1213
1407
1400
1403
1402
1399
1306
1311
1310
1309
1308
1299
1298
1296
1303
1302
1300
1290
1288
1295
1292
1293
1282
1283
1280
1281
1286
1287
1284
1285
1320
1323
1312
1313
1314
1315
1316
1318
1494
1495
1492
1493
1491
1489
1502
1503
1501
1498
1496
1497
1479
1478
1475
1473
1472
1487
1484
1483
1482
1481
1480
1525
1526
1527
1522
1523
1533
1531
1508
1511
1504
1507
1506
1517
1516
1519
1518
1513
1512
1514
1426
1424
1425
1431
1429
1434
1435
1438
1439
1436
1437
1411
1410
1409
1408
1415
1413
1412
1419
1417
1416
1423
1422
1421
1420
1456
1457
1458
1459
1460
1461
1463
1464
1465
1466
1467
1468
1471
1441
1440
1443
1442
1444
1447
1446
1449
1451
1453
1452
1455
1454
1548
1549
1550
1551
1544
1545
1547
1540
1541
1542
1543
1537
1539
1557
1556
1553
1552
1555
1554
1763
1762
1761
1760
1767
1766
1765
1764
1771
1770
1769
1768
1775
1773
1772
1779
1776
1782
1781
1786
1787
1785
1791
1788
1789
1733
1732
1734
1736
1739
1741
1740
1742
1745
1747
1748
1749
1750
1752
1759
1703
1701
1700
1699
1697
1696
1711
1709
1708
1707
1706
1704
1719
1716
1717
1714
1715
1712
1713
1726
1727
1724
1725
1722
1721
1677
1676
1679
1678
1673
1675
1674
1684
1685
1686
1687
1680
1682
1692
1693
1694
1695
1688
1690
1691
1913
1912
1914
1917
1919
1918
1904
1907
1906
1909
1911
1910
1903
1883
1882
1881
1880
1886
1885
1874
1872
1879
1878
1877
1876
1866
1864
1865
1870
1871
1868
1869
1858
1859
1856
1857
1862
1860
1852
1848
1847
1846
1841
1840
1836
1837
1838
1839
1834
1835
1828
1829
1830
1831
1824
1825
1827
1821
1820
1818
1817
1813
1812
1811
1810
1809
1806
1805
1802
1803
1801
1798
1799
1797
1795
1792
1793
2034
2035
2036
2037
2038
2040
2043
2044
2046
2047
2017
2018
2021
2023
2022
2025
2024
2027
2026
2029
2028
2031
2002
2003
2000
2001
2007
2010
2011
2008
2009
2015
1987
1986
1984
1990
1989
1995
1992
1998
1997
1996
1972
1973
1975
1969
1970
1971
1982
1983
1976
1979
1956
1959
1958
1965
1964
1967
1963
1962
1942
1940
1941
1938
1939
1936
1937
1950
1948
1949
1947
1944
1945
1926
1925
1923
1922
1921
1920
1934
1933
1932
1931
1929
1928
2200
2201
2202
2203
2206
2207
2192
2193
2195
2196
2197
2198
2199
2185
2187
2189
2188
2191
2190
2179
2178
2181
2180
2183
2182
2234
2235
2232
2233
2238
2239
2236
2237
2226
2227
2224
2225
2230
2231
2228
2219
2218
2217
2216
2223
2220
2210
2209
2208
2214
2213
2212
2269
2270
2271
2264
2265
2266
2267
2262
2257
2258
2259
2252
2255
2254
2248
2251
2245
2244
2247
2246
2241
2240
2243
2242
2302
2300
2298
2296
2297
2294
2292
2293
2290
2291
2288
2287
2286
2285
2284
2283
2281
2280
2279
2274
2272
2064
2067
2069
2068
2071
2070
2073
2072
2075
2077
2079
2078
2048
2050
2052
2053
2055
2057
2058
2059
2060
2061
2062
2063
2107
2106
2105
2104
2109
2082
2083
2080
2081
2084
2133
2132
2135
2134
2128
2130
2140
2142
2137
2139
2116
2118
2119
2112
2113
2115
2124
2125
2120
2121
2122
2167
2166
2165
2164
2163
2162
2161
2160
2175
2172
2171
2170
2169
2168
2148
2146
2144
2145
2158
2159
2156
2157
2154
2155
2152
2153
2810
2811
2808
2815
2812
2813
2802
2803
2800
2801
2806
2807
2804
2805
2795
2794
2793
2792
2799
2796
2787
2786
2785
2784
2790
2776
2777
2778
2779
2780
2781
2782
2783
2768
2770
2771
2772
2773
2774
2775
2760
2765
2764
2767
2766
2755
2757
2758
2615
2613
2611
2610
2608
2623
2621
2620
2619
2616
2673
2672
2679
2677
2676
2683
2682
2681
2680
2687
2686
2685
2684
2658
2659
2662
2663
2661
2666
2667
2664
2665
2670
2671
2641
2640
2643
2642
2645
2646
2649
2648
2652
2655
2654
2624
2625
2626
2628
2629
2630
2631
2632
2633
2634
2635
2636
2637
2639
2991
2990
2985
2987
2981
2980
2983
2977
2979
2978
3006
3007
3000
2996
2997
2998
2999
2992
2993
2994
2958
2957
2953
2952
2951
2950
2946
2945
2944
2975
2972
2970
2971
2968
2969
2966
2967
2965
2962
2961
3049
3048
3051
3050
3053
3052
3054
3041
3045
3044
3047
3046
3065
3066
3056
3058
3059
3060
3062
3019
3018
3017
3023
3022
3021
3020
3011
3010
3009
3008
3015
3014
3034
3035
3038
3039
3037
3026
3024
3025
3030
3031
3029
2853
2854
2855
2848
2851
2860
2863
2857
2858
2859
2868
2871
2870
2865
2866
2876
2878
2872
2875
2874
2822
2823
2820
2821
2818
2819
2830
2831
2828
2829
2826
2827
2824
2825
2839
2838
2836
2835
2833
2832
2847
2846
2845
2844
2843
2842
2840
2913
2915
2916
2917
2918
2921
2922
2923
2924
2925
2926
2927
2929
2928
2931
2933
2932
2934
2937
2936
2939
2938
2941
2940
2943
2882
2880
2886
2887
2884
2891
2889
2894
2895
2892
2893
2898
2896
2903
2902
2901
2900
2907
2905
2904
2911
2910
3284
3285
3287
3281
3282
3283
3293
3295
3288
3289
3290
3291
3318
3316
3317
3314
3315
3312
3313
3327
3324
3322
3323
3320
3321
3303
3302
3300
3299
3298
3297
3296
3311
3310
3309
3307
3306
3305
3304
3526
3525
3524
3523
3521
3520
3535
3534
3533
3532
3531
3530
3528
3536
3459
3458
3456
3463
3466
3465
3464
3471
3470
3468
3474
3472
3473
3478
3479
3477
3482
3480
3481
3486
3487
3485
3489
3491
3493
3492
3495
3494
3497
3498
3501
3500
3503
3504
3505
3506
3507
3508
3509
3512
3514
3515
3516
3518
3519
3406
3407
3404
3405
3402
3403
3400
3401
3398
3399
3396
3397
3394
3392
3393
3423
3422
3421
3417
3416
3411
3410
3409
3408
3436
3437
3432
3433
3434
3435
3428
3429
3430
3431
3424
3425
3427
3453
3452
3455
3449
3448
3451
3450
3445
3444
3447
3440
3443
3442
3339
3336
3337
3342
3343
3340
3341
3330
3328
3329
3335
3333
3354
3353
3352
3358
3357
3346
3345
3344
3351
3350
3349
3348
3368
3369
3370
3372
3373
3374
3375
3360
3361
3362
3363
3364
3365
3366
3367
3385
3384
3387
3389
3388
3391
3377
3376
3379
3378
3381
3380
3383
3382
