956
952
954
955
948
950
951
945
946
947
940
943
942
936
939
938
933
929
928
931
930
926
924
925
920
918
919
916
917
915
912
911
910
908
906
905
904
903
900
899
1017
1018
1019
1021
1022
1023
1009
1010
1011
1013
1014
1001
1000
1003
1002
1005
1004
1007
1006
992
995
994
997
999
986
987
984
985
990
991
988
989
978
979
976
982
983
980
981
971
968
975
974
973
963
962
961
960
966
964
1100
1101
1103
1096
1097
1098
1092
1094
1095
1088
1089
1091
1117
1116
1119
1113
1112
1115
1114
1109
1108
1111
1110
1105
1106
1134
1135
1132
1133
1131
1129
1126
1127
1125
1122
1123
1121
1151
1147
1146
1144
1143
1142
1141
1139
1138
1137
1136
1032
1034
1036
1037
1038
1024
1025
1027
1028
1029
1030
1049
1051
1050
1053
1052
1055
1054
1041
1042
1045
1047
1046
1066
1065
1070
1071
1068
1059
1056
1057
1063
1060
1061
1083
1081
1080
1086
1085
1084
1075
1073
1072
1078
1077
1221
1220
1223
1222
1217
1216
1231
1230
1225
1227
1236
1237
1238
1239
1232
1233
1235
1245
1246
1247
1241
1242
1243
1249
1270
1271
1278
1279
1276
1277
1274
1275
1272
1153
1155
1154
1157
1156
1158
1161
1160
1163
1162
1165
1164
1167
1166
1168
1169
1170
1171
1172
1173
1174
1176
1177
1178
1180
1182
1183
1187
1186
1185
1184
1191
1190
1189
1188
1195
1194
1193
1198
1197
1202
1203
1200
1201
1206
1204
1205
1210
1211
1209
1215
1212
1213
1405
1404
1407
1406
1401
1400
1403
1402
1399
1306
1305
1304
1311
1310
1309
1308
1299
1298
1296
1303
1302
1301
1300
1291
1288
1294
1292
1293
1282
1283
1280
1281
1287
1284
1285
1320
1321
1322
1312
1313
1314
1315
1316
1317
1318
1319
1495
1492
1493
1490
1491
1488
1489
1502
1503
1500
1501
1498
1499
1496
1478
1477
1476
1474
1473
1487
1486
1484
1482
1481
1480
1526
1527
1520
1522
1533
1534
1535
1528
1529
1509
1508
1510
1505
1504
1507
1506
1517
1516
1519
1513
1512
1514
1426
1427
1425
1431
1429
1435
1432
1433
1438
1439
1436
1411
1410
1408
1415
1413
1419
1418
1417
1416
1423
1422
1456
1458
1459
1460
1462
1463
1464
1465
1466
1467
1470
1471
1441
1440
1443
1445
1447
1446
1449
1451
1450
1453
1455
1548
1549
1550
1551
1544
1545
1546
1540
1541
1543
1536
1537
1538
1539
1557
1556
1552
1555
1763
1762
1761
1760
1767
1766
1765
1764
1770
1768
1775
1773
1772
1779
1776
1777
1782
1783
1781
1786
1784
1785
1790
1791
1788
1789
1729
1731
1730
1733
1732
1734
1737
1736
1739
1738
1741
1740
1743
1742
1744
1745
1746
1748
1749
1750
1751
1752
1756
1758
1759
1703
1702
1701
1700
1699
1698
1697
1710
1709
1708
1707
1706
1705
1704
1718
1716
1717
1714
1715
1712
1713
1726
1727
1725
1722
1721
1678
1673
1672
1675
1674
1684
1686
1687
1680
1681
1682
1683
1693
1694
1695
1689
1690
1691
1913
1912
1914
1917
1919
1918
1904
1907
1906
1909
1908
1911
1910
1902
1903
1882
1881
1887
1886
1885
1884
1875
1874
1872
1879
1878
1876
1866
1864
1865
1870
1871
1868
1869
1859
1857
1862
1863
1860
1852
1855
1848
1850
1845
1847
1846
1841
1840
1836
1837
1838
1839
1833
1835
1828
1829
1830
1831
1824
1825
1826
1827
1823
1822
1821
1820
1819
1817
1816
1815
1812
1811
1808
1806
1807
1804
1805
1801
1798
1796
1797
1794
1795
1792
1793
2032
2033
2035
2036
2037
2040
2042
2043
2044
2045
2046
2047
2019
2018
2021
2023
2022
2025
2024
2027
2026
2029
2028
2031
2030
2002
2003
2000
2007
2010
2011
2009
2014
2012
2013
1985
1984
1990
1989
1988
1995
1992
1999
1998
1997
1996
1972
1973
1975
1970
1971
1981
1982
1983
1976
1978
1979
1957
1958
1955
1954
1964
1967
1966
1963
1962
1942
1943
1940
1941
1939
1936
1937
1950
1951
1948
1947
1945
1926
1925
1924
1923
1922
1921
1920
1935
1934
1933
1930
1929
2200
2201
2202
2203
2204
2205
2206
2192
2193
2195
2196
2198
2199
2185
2184
2187
2189
2188
2191
2190
2179
2181
2180
2183
2234
2232
2238
2239
2236
2237
2227
2225
2230
2228
2229
2219
2218
2217
2216
2223
2210
2209
2214
2212
2268
2269
2270
2271
2264
2265
2266
2267
2261
2262
2258
2253
2255
2249
2248
2251
2250
2245
2244
2246
2241
2240
2242
2302
2303
2300
2298
2296
2297
2294
2295
2293
2290
2291
2287
2286
2284
2283
2281
2280
2279
2277
2276
2274
2272
2064
2067
2066
2069
2068
2071
2070
2073
2072
2075
2077
2079
2048
2049
2050
2051
2053
2054
2055
2057
2058
2059
2060
2061
2062
2063
2107
2106
2105
2104
2111
2110
2109
2082
2083
2080
2081
2084
2132
2135
2134
2131
2141
2140
2143
2142
2136
2139
2118
2119
2112
2115
2125
2127
2120
2121
2122
2123
2166
2165
2164
2163
2162
2160
2175
2173
2171
2170
2169
2150
2151
2148
2146
2147
2144
2158
2159
2154
2155
2152
2153
2810
2811
2808
2809
2815
2812
2802
2803
2800
2801
2806
2807
2805
2799
2798
2797
2796
2787
2784
2791
2790
2789
2788
2776
2777
2778
2779
2780
2781
2782
2768
2770
2771
2772
2773
2774
2775
2763
2765
2764
2766
2755
2756
2759
2758
2615
2612
2610
2609
2608
2623
2622
2621
2620
2616
2673
2672
2679
2677
2676
2683
2682
2681
2680
2687
2686
2658
2659
2657
2666
2667
2664
2665
2670
2669
2640
2645
2644
2647
2646
2649
2648
2653
2652
2655
2624
2627
2629
2630
2631
2632
2633
2634
2635
2637
2989
2991
2990
2985
2984
2987
2986
2981
2983
2982
2977
2979
3007
3001
3002
2996
2997
2998
2999
2993
2959
2958
2957
2953
2951
2950
2947
2946
2945
2944
2974
2975
2972
2970
2971
2969
2966
2967
2965
2962
2960
2961
3049
3048
3051
3050
3052
3055
3054
3040
3043
3045
3044
3065
3066
3058
3059
3061
3019
3018
3017
3016
3023
3022
3020
3011
3009
3008
3015
3014
3013
3034
3032
3033
3038
3036
3037
3026
3027
3024
3025
3028
3029
2855
2850
2860
2861
2862
2863
2856
2857
2858
2859
2869
2868
2870
2865
2864
2867
2866
2876
2879
2878
2873
2875
2874
2822
2823
2821
2818
2819
2817
2830
2828
2826
2827
2824
2825
2839
2838
2837
2836
2835
2834
2833
2847
2846
2845
2844
2843
2841
2840
2912
2915
2916
2917
2918
2920
2921
2923
2924
2925
2926
2929
2928
2931
2933
2932
2935
2934
2937
2936
2941
2940
2943
2881
2886
2885
2891
2889
2894
2895
2892
2893
2898
2897
2896
2903
2902
2901
2900
2907
2906
2905
2904
2911
2910
3284
3285
3286
3281
3282
3283
3293
3294
3295
3289
3290
3318
3314
3315
3312
3313
3327
3324
3322
3323
3321
3303
3301
3300
3299
3297
3296
3311
3310
3309
3307
3306
3304
3527
3526
3525
3524
3523
3522
3521
3520
3535
3534
3533
3530
3529
3528
3459
3458
3457
3456
3463
3462
3460
3466
3465
3464
3471
3468
3474
3475
3472
3473
3478
3479
3477
3482
3483
3481
3486
3487
3484
3485
3489
3488
3491
3492
3495
3494
3497
3496
3499
3498
3501
3500
3503
3502
3505
3506
3507
3508
3509
3510
3511
3512
3513
3515
3516
3517
3518
3519
3407
3404
3402
3403
3401
3398
3399
3396
3397
3394
3395
3392
3393
3423
3419
3417
3415
3412
3410
3409
3408
3436
3438
3432
3433
3434
3435
3428
3430
3431
3424
3427
3453
3452
3454
3450
3445
3444
3447
3446
3440
3338
3339
3336
3337
3343
3340
3330
3331
3328
3329
3334
3335
3333
3354
3353
3352
3359
3358
3357
3347
3345
3344
3351
3350
3349
3368
3369
3370
3372
3373
3360
3361
3362
3364
3367
3385
3384
3387
3386
3389
3388
3391
3390
3377
3376
3379
3381
3383
