953
949
939
930
924
925
915
907
1023
1008
1013
1001
1007
993
984
981
975
974
963
964
1103
1090
1135
1133
1125
1150
1147
1140
1138
1137
1136
1041
1047
1067
1064
1071
1058
1081
1072
1076
1221
1222
1226
1237
1247
1243
1276
1277
1161
1169
1171
1173
1174
1178
1180
1198
1196
1400
1304
1296
1288
1293
1280
1322
1313
1319
1492
1493
1496
1474
1483
1526
1521
1522
1531
1509
1513
1428
1433
1437
1410
1414
1412
1416
1457
1459
1465
1441
1443
1452
1455
1548
1546
1541
1761
1777
1780
1731
1733
1741
1744
1757
1698
1697
1696
1711
1713
1724
1725
1722
1720
1675
1684
1680
1689
1690
1912
1914
1917
1907
1902
1881
1877
1866
1868
1852
1851
1846
1834
1825
1822
1812
1796
1794
1792
2034
2047
2022
2025
2026
2030
2002
2003
2010
2014
1992
1997
1981
1983
1956
1954
1964
1966
1961
1962
1937
1951
1927
1924
1931
2200
2204
2192
2194
2187
2186
2190
2238
2230
2231
2228
2219
2222
2220
2211
2209
2270
2253
2255
2244
2246
2303
2298
2293
2291
2286
2284
2283
2281
2272
2067
2073
2072
2061
2082
2133
2117
2124
2122
2162
2161
2172
2171
2148
2149
2144
2154
2155
2153
2809
2815
2802
2801
2806
2793
2797
2789
2776
2778
2782
2772
2775
2754
2610
2609
2620
2657
2668
2644
2646
2628
2629
2635
2991
2986
2983
2979
3000
2953
2951
2946
2974
2969
2967
2965
3049
3055
3044
3065
3017
3022
3009
3015
3034
3039
3036
3024
2852
2853
2854
2850
2858
2869
2867
2876
2878
2874
2822
2829
2827
2836
2835
2845
2843
2840
2927
2928
2932
2884
2891
2893
2897
2896
2910
3287
3281
3283
3292
3293
3288
3317
3315
3324
3325
3303
3302
3298
3307
3306
3304
3525
3522
3520
3530
3461
3482
3487
3493
3498
3502
3505
3506
3507
3407
3401
3398
3394
3421
3419
3415
3410
3409
3436
3453
3452
3451
3445
3442
3339
3342
3353
3363
3391
3377
3379
