953
951
929
930
922
920
918
915
910
903
902
1009
1000
1003
1006
999
998
986
985
982
981
972
966
1102
1099
1093
1094
1117
1113
1114
1111
1104
1106
1127
1122
1151
1032
1037
1027
1052
1043
1044
1047
1066
1071
1059
1079
1078
1076
1221
1222
1219
1238
1244
1278
1153
1152
1154
1157
1164
1167
1172
1173
1174
1175
1180
1184
1188
1193
1209
1214
1401
1311
1299
1298
1297
1288
1292
1280
1287
1320
1313
1318
1319
1494
1495
1489
1502
1477
1476
1480
1525
1523
1528
1529
1530
1511
1510
1504
1519
1518
1512
1428
1436
1411
1409
1419
1418
1423
1422
1459
1461
1463
1465
1466
1442
1447
1446
1454
1551
1545
1542
1543
1764
1769
1777
1783
1729
1731
1737
1738
1743
1756
1758
1697
1726
1722
1673
1686
1682
1694
1917
1907
1908
1903
1883
1865
1869
1856
1851
1847
1846
1837
1833
1821
1818
1802
1799
1795
2036
2021
2023
2030
2003
2011
2009
2012
1987
1990
1995
1992
1999
1981
1978
1958
1965
1936
1937
1949
1944
1924
1923
1935
2200
2202
2203
2196
2197
2235
2233
2236
2217
2223
2210
2269
2271
2261
2252
2246
2241
2242
2299
2295
2293
2288
2283
2272
2067
2054
2105
2109
2132
2131
2113
2115
2121
2167
2172
2171
2146
2147
2156
2154
2155
2153
2802
2796
2765
2615
2613
2622
2678
2684
2661
2667
2670
2647
2648
2652
2655
2628
2639
2989
2991
2977
2997
2995
2957
2952
2969
2963
3041
3061
3019
3012
3035
3032
3038
3039
3036
3037
3025
3029
2864
2866
2876
2875
2831
2829
2839
2834
2833
2846
2915
2920
2921
2934
2936
2938
2889
2892
2903
3284
3285
3287
3281
3289
3302
3311
3310
3527
3525
3522
3531
3460
3479
3493
3494
3497
3503
3502
3511
3519
3416
3415
3411
3339
3343
3341
3334
3354
3352
3357
3351
3350
3369
3374
3384
3391
3377
3379
3378
3381
3380
3382
