958
953
954
955
948
949
950
951
944
945
946
947
940
943
942
937
936
939
933
932
935
928
931
930
926
927
922
923
920
918
919
917
915
912
910
909
908
907
905
904
902
899
898
1016
1017
1018
1019
1022
1023
1008
1009
1010
1011
1012
1013
1014
1015
1000
1003
1002
1005
1004
1007
1006
992
995
994
997
996
999
998
986
984
985
990
991
988
989
978
979
976
982
980
981
970
968
975
974
972
963
962
961
967
965
964
1100
1101
1102
1103
1096
1097
1098
1099
1093
1095
1089
1091
1117
1116
1119
1118
1113
1112
1114
1108
1110
1104
1107
1106
1134
1135
1132
1133
1131
1128
1126
1127
1124
1122
1123
1120
1121
1151
1149
1148
1147
1146
1145
1144
1143
1141
1139
1138
1137
1136
1032
1033
1034
1036
1037
1038
1039
1024
1025
1026
1027
1028
1029
1030
1049
1053
1055
1041
1043
1042
1044
1066
1067
1064
1065
1070
1071
1058
1059
1056
1057
1063
1060
1061
1083
1082
1081
1080
1087
1086
1085
1084
1075
1074
1073
1072
1076
1221
1220
1222
1217
1216
1218
1229
1228
1231
1230
1225
1226
1236
1237
1238
1239
1232
1244
1247
1240
1242
1243
1250
1249
1248
1271
1278
1279
1276
1277
1274
1275
1272
1273
1155
1157
1159
1158
1161
1160
1162
1165
1164
1167
1166
1168
1169
1171
1172
1173
1174
1175
1176
1178
1179
1180
1181
1182
1183
1187
1186
1185
1191
1190
1189
1195
1194
1193
1198
1197
1196
1203
1200
1201
1206
1207
1210
1211
1208
1214
1215
1212
1213
1405
1404
1407
1406
1401
1400
1403
1402
1399
1305
1304
1310
1309
1308
1299
1298
1296
1302
1300
1291
1288
1289
1295
1292
1282
1283
1280
1281
1286
1287
1284
1285
1320
1322
1323
1312
1313
1316
1318
1319
1495
1493
1488
1489
1500
1498
1499
1496
1497
1479
1478
1477
1476
1475
1474
1473
1487
1486
1484
1483
1482
1480
1524
1526
1527
1520
1521
1522
1523
1532
1534
1535
1528
1529
1530
1531
1509
1508
1511
1510
1505
1504
1506
1517
1516
1519
1518
1512
1426
1427
1424
1425
1430
1431
1428
1429
1434
1435
1432
1433
1438
1439
1437
1411
1410
1408
1414
1413
1418
1417
1416
1422
1421
1420
1456
1457
1458
1459
1460
1462
1464
1465
1466
1467
1469
1470
1471
1441
1443
1442
1445
1444
1447
1446
1448
1451
1450
1453
1452
1549
1550
1551
1544
1546
1547
1540
1541
1542
1543
1536
1538
1539
1556
1553
1552
1554
1763
1761
1767
1766
1765
1764
1770
1769
1768
1775
1773
1776
1777
1782
1783
1780
1781
1786
1787
1790
1791
1730
1732
1734
1736
1738
1740
1743
1745
1747
1748
1749
1750
1751
1752
1753
1756
1757
1703
1702
1701
1699
1697
1710
1709
1708
1707
1705
1704
1718
1719
1716
1714
1715
1712
1713
1726
1727
1724
1725
1722
1720
1721
1677
1679
1678
1673
1672
1675
1674
1684
1685
1686
1687
1680
1681
1682
1683
1693
1694
1695
1688
1689
1690
1913
1912
1915
1914
1917
1919
1918
1904
1907
1906
1909
1908
1911
1902
1883
1881
1880
1885
1884
1875
1874
1872
1877
1876
1866
1864
1870
1871
1868
1869
1859
1856
1857
1863
1860
1852
1855
1854
1851
1850
1845
1847
1846
1840
1836
1837
1838
1833
1834
1831
1824
1825
1826
1827
1823
1822
1821
1820
1819
1818
1817
1816
1815
1813
1812
1811
1810
1809
1808
1806
1807
1804
1802
1803
1800
1798
1796
1797
1795
1792
2033
2034
2035
2037
2038
2039
2042
2043
2044
2045
2046
2047
2019
2018
2021
2020
2023
2022
2025
2026
2029
2028
2031
2030
2003
2000
2006
2007
2011
2008
2009
2014
2015
2012
2013
1987
1986
1984
1990
1995
1992
1999
1998
1996
1973
1975
1969
1970
1971
1981
1982
1983
1976
1979
1957
1956
1959
1958
1955
1954
1964
1967
1966
1961
1963
1962
1942
1943
1940
1941
1938
1936
1950
1951
1948
1949
1944
1945
1927
1926
1924
1923
1921
1920
1935
1934
1933
1932
1931
1930
1929
2200
2201
2202
2203
2204
2205
2206
2207
2192
2193
2194
2195
2196
2197
2198
2199
2185
2184
2187
2186
2189
2188
2191
2179
2178
2181
2183
2182
2235
2232
2233
2238
2239
2236
2237
2225
2230
2231
2229
2219
2218
2217
2222
2221
2220
2211
2210
2208
2215
2214
2213
2212
2268
2269
2270
2271
2264
2265
2266
2267
2261
2262
2263
2256
2258
2259
2253
2252
2254
2249
2248
2251
2250
2245
2244
2247
2241
2240
2243
2242
2302
2303
2300
2298
2296
2297
2294
2295
2292
2293
2290
2288
2289
2287
2286
2285
2283
2282
2281
2280
2279
2277
2276
2274
2272
2064
2066
2069
2068
2071
2070
2073
2072
2077
2079
2078
2048
2050
2051
2052
2053
2054
2055
2057
2058
2060
2107
2106
2105
2111
2110
2109
2082
2083
2080
2081
2084
2133
2132
2135
2128
2131
2130
2141
2140
2143
2142
2137
2136
2116
2117
2118
2119
2112
2113
2115
2124
2125
2127
2120
2121
2122
2167
2166
2165
2164
2163
2162
2161
2160
2175
2173
2171
2170
2169
2168
2150
2151
2148
2149
2146
2147
2145
2158
2156
2157
2154
2155
2152
2153
2810
2811
2808
2809
2815
2812
2803
2800
2801
2806
2807
2804
2805
2795
2793
2792
2798
2797
2796
2786
2785
2784
2791
2789
2788
2776
2777
2779
2780
2781
2782
2783
2768
2770
2772
2773
2774
2761
2760
2763
2762
2765
2764
2767
2766
2755
2754
2756
2759
2758
2615
2612
2611
2610
2609
2608
2622
2621
2620
2619
2616
2675
2673
2679
2678
2677
2683
2680
2687
2686
2685
2684
2658
2659
2663
2660
2661
2666
2667
2664
2665
2671
2669
2641
2643
2645
2644
2646
2649
2648
2653
2655
2624
2625
2626
2627
2628
2629
2630
2632
2633
2634
2636
2637
2989
2990
2985
2984
2987
2986
2981
2980
2983
2982
2976
3006
3007
3000
3001
3002
2997
2998
2992
2993
2994
2959
2958
2957
2953
2952
2950
2945
2944
2974
2972
2973
2970
2968
2969
2967
2965
2962
2960
2961
3049
3048
3051
3050
3053
3052
3054
3041
3040
3043
3042
3045
3047
3046
3064
3066
3056
3058
3059
3060
3061
3062
3063
3018
3017
3022
3021
3020
3011
3010
3009
3008
3015
3013
3012
3034
3032
3033
3039
3037
3026
3027
3024
3030
3031
3028
3029
2852
2853
2855
2848
2850
2851
2860
2861
2862
2863
2856
2857
2858
2869
2868
2871
2870
2865
2864
2867
2866
2879
2878
2873
2872
2874
2822
2823
2820
2821
2818
2817
2831
2828
2829
2826
2827
2824
2825
2839
2837
2836
2835
2834
2833
2832
2847
2846
2845
2843
2841
2840
2912
2913
2915
2916
2918
2919
2920
2921
2923
2924
2926
2927
2929
2928
2931
2932
2935
2934
2937
2936
2939
2938
2941
2940
2882
2880
2886
2887
2884
2885
2890
2888
2889
2894
2892
2899
2898
2897
2896
2903
2901
2900
2907
2905
2904
2911
2910
3284
3285
3287
3282
3283
3293
3294
3295
3288
3290
3291
3318
3317
3314
3315
3312
3313
3325
3322
3323
3320
3303
3302
3300
3299
3297
3296
3310
3309
3307
3305
3304
3527
3526
3525
3524
3522
3521
3520
3535
3532
3531
3530
3529
3528
3536
3537
3459
3458
3457
3456
3463
3462
3460
3466
3465
3464
3470
3468
3474
3475
3472
3479
3477
3482
3480
3481
3486
3487
3484
3489
3491
3490
3493
3492
3495
3494
3497
3498
3500
3503
3502
3504
3506
3507
3508
3509
3510
3511
3512
3513
3515
3516
3519
3406
3407
3404
3405
3402
3403
3400
3401
3398
3399
3396
3394
3393
3423
3422
3419
3417
3415
3412
3411
3410
3409
3408
3436
3432
3433
3434
3435
3428
3429
3431
3424
3425
3427
3453
3452
3455
3454
3449
3448
3451
3445
3444
3447
3446
3441
3440
3443
3338
3337
3342
3343
3340
3330
3331
3328
3329
3334
3335
3354
3353
3352
3358
3357
3347
3346
3344
3351
3350
3349
3348
3369
3370
3372
3374
3375
3360
3361
3363
3364
3365
3366
3367
3385
3384
3388
3391
3377
3376
3379
3378
3381
3380
3382
