956
958
955
948
950
951
944
945
946
947
942
936
939
938
935
934
929
928
931
930
926
927
924
925
922
923
920
918
919
916
917
915
912
910
909
908
907
906
904
903
902
901
900
899
898
1016
1017
1019
1020
1021
1022
1023
1008
1010
1011
1012
1014
1015
1001
1003
1004
992
995
994
997
996
999
987
984
990
991
988
989
978
979
976
982
983
980
981
971
970
974
973
972
963
962
961
960
967
966
964
1102
1103
1096
1097
1098
1099
1092
1093
1094
1095
1088
1089
1091
1117
1116
1118
1113
1112
1115
1114
1109
1108
1111
1110
1105
1104
1106
1134
1135
1132
1133
1130
1131
1128
1129
1126
1127
1124
1122
1123
1121
1150
1149
1148
1147
1146
1142
1141
1140
1139
1138
1137
1136
1032
1035
1036
1037
1038
1039
1024
1026
1027
1028
1029
1030
1031
1049
1053
1052
1055
1041
1040
1042
1045
1044
1047
1046
1066
1064
1065
1071
1069
1056
1063
1060
1061
1083
1082
1081
1080
1086
1085
1084
1075
1074
1073
1072
1079
1078
1077
1076
1221
1220
1223
1222
1217
1219
1218
1229
1228
1230
1224
1227
1236
1237
1232
1234
1235
1244
1245
1246
1247
1243
1250
1249
1278
1279
1276
1277
1274
1272
1273
1153
1152
1155
1154
1157
1156
1159
1158
1160
1163
1165
1167
1166
1169
1172
1173
1174
1176
1177
1178
1180
1182
1187
1186
1185
1190
1189
1188
1195
1193
1199
1197
1196
1202
1201
1206
1207
1205
1210
1211
1208
1209
1214
1215
1213
1404
1407
1401
1402
1399
1311
1310
1309
1308
1299
1298
1296
1303
1301
1300
1290
1291
1288
1294
1295
1283
1280
1281
1287
1284
1320
1321
1322
1323
1312
1314
1315
1316
1317
1318
1319
1494
1495
1492
1493
1491
1488
1489
1500
1501
1498
1497
1479
1478
1477
1476
1474
1472
1486
1485
1484
1483
1481
1480
1524
1525
1526
1520
1521
1522
1523
1532
1534
1528
1529
1531
1508
1511
1510
1505
1504
1507
1506
1516
1518
1512
1514
1426
1427
1424
1425
1430
1431
1428
1434
1435
1432
1433
1438
1439
1436
1410
1409
1408
1415
1414
1413
1412
1419
1418
1417
1422
1421
1420
1458
1461
1463
1464
1465
1467
1469
1470
1471
1440
1443
1442
1445
1444
1447
1446
1448
1451
1450
1453
1452
1455
1454
1548
1549
1550
1551
1544
1545
1547
1540
1541
1542
1543
1537
1538
1539
1557
1556
1553
1552
1554
1763
1761
1760
1765
1764
1771
1770
1769
1768
1772
1779
1776
1783
1780
1781
1790
1788
1789
1729
1731
1732
1734
1737
1736
1739
1738
1741
1743
1742
1746
1747
1748
1749
1750
1751
1752
1753
1758
1759
1703
1702
1701
1700
1699
1698
1697
1696
1711
1709
1708
1707
1706
1705
1718
1719
1716
1717
1714
1712
1713
1726
1724
1725
1722
1721
1677
1676
1679
1678
1673
1672
1674
1684
1685
1686
1680
1681
1683
1692
1693
1694
1695
1688
1689
1690
1691
1913
1912
1915
1914
1917
1919
1918
1907
1906
1909
1908
1911
1910
1902
1903
1883
1882
1881
1880
1887
1886
1884
1874
1872
1879
1878
1876
1864
1865
1870
1871
1868
1869
1858
1856
1863
1860
1852
1855
1854
1848
1851
1850
1845
1847
1846
1841
1840
1836
1837
1838
1833
1835
1828
1829
1830
1824
1825
1826
1823
1822
1820
1819
1818
1817
1816
1813
1809
1808
1806
1804
1805
1802
1798
1799
1794
1795
1792
1793
2033
2034
2037
2038
2039
2040
2042
2044
2045
2046
2047
2017
2018
2021
2020
2023
2022
2025
2024
2027
2026
2029
2028
2031
2002
2003
2000
2006
2007
2011
2008
2009
2014
2015
2012
2013
1987
1984
1990
1989
1988
1995
1992
1999
1998
1997
1996
1972
1980
1981
1982
1983
1978
1979
1956
1958
1953
1955
1954
1965
1964
1966
1962
1942
1943
1940
1941
1938
1939
1937
1950
1951
1949
1947
1945
1927
1926
1925
1924
1923
1921
1935
1934
1933
1932
1931
1930
1929
1928
2200
2201
2203
2205
2207
2192
2193
2195
2197
2198
2199
2185
2184
2186
2189
2188
2191
2190
2178
2180
2183
2182
2234
2235
2233
2238
2236
2226
2227
2224
2225
2231
2228
2229
2219
2218
2217
2216
2223
2222
2220
2211
2210
2209
2215
2214
2213
2212
2268
2269
2270
2271
2264
2265
2266
2267
2260
2261
2262
2263
2256
2257
2258
2259
2253
2252
2254
2249
2248
2250
2245
2244
2247
2246
2241
2240
2243
2242
2302
2303
2300
2301
2298
2299
2296
2297
2294
2295
2293
2290
2291
2288
2287
2286
2284
2283
2282
2281
2280
2279
2277
2275
2274
2272
2064
2067
2069
2068
2071
2070
2075
2077
2079
2078
2049
2050
2052
2053
2054
2057
2058
2059
2061
2062
2063
2107
2106
2105
2104
2111
2110
2109
2082
2080
2081
2084
2133
2132
2135
2134
2128
2130
2140
2143
2142
2137
2139
2117
2118
2112
2113
2124
2125
2120
2121
2122
2123
2167
2166
2165
2164
2163
2161
2160
2175
2173
2172
2171
2170
2169
2168
2151
2148
2146
2147
2145
2159
2156
2157
2154
2155
2152
2153
2810
2811
2808
2809
2813
2802
2803
2800
2801
2807
2805
2795
2794
2793
2792
2799
2798
2797
2796
2787
2784
2791
2790
2789
2788
2778
2779
2781
2782
2768
2771
2773
2774
2775
2761
2760
2763
2765
2766
2755
2754
2756
2758
2615
2613
2612
2611
2610
2608
2622
2621
2620
2619
2616
2673
2672
2679
2678
2677
2676
2683
2682
2681
2680
2687
2686
2685
2684
2658
2659
2662
2663
2660
2661
2667
2664
2665
2670
2671
2668
2669
2640
2643
2645
2644
2647
2646
2648
2653
2652
2655
2654
2624
2625
2627
2628
2629
2630
2632
2633
2634
2635
2636
2639
2989
2991
2985
2984
2987
2986
2981
2980
2983
2977
2978
3006
3007
3000
3002
2996
2997
2998
2999
2993
2994
2995
2959
2958
2957
2953
2950
2947
2946
2945
2944
2974
2975
2972
2973
2970
2968
2967
2965
2962
2963
2961
3049
3048
3051
3050
3053
3052
3055
3041
3043
3042
3045
3044
3047
3064
3065
3059
3060
3061
3062
3063
3019
3018
3017
3016
3023
3020
3011
3010
3009
3015
3014
3013
3012
3034
3035
3032
3033
3038
3039
3036
3037
3026
3027
3024
3030
3031
3028
3029
2852
2854
2848
2849
2850
2851
2860
2861
2862
2863
2856
2857
2858
2869
2868
2871
2865
2864
2867
2866
2877
2876
2879
2878
2873
2872
2875
2822
2823
2820
2818
2817
2831
2829
2824
2825
2839
2838
2837
2836
2835
2834
2833
2847
2846
2845
2844
2843
2842
2841
2840
2913
2915
2916
2917
2918
2920
2921
2923
2924
2925
2926
2927
2929
2933
2932
2935
2934
2937
2939
2938
2941
2943
2882
2883
2880
2886
2887
2885
2891
2888
2889
2894
2895
2892
2893
2898
2897
2903
2902
2901
2900
2907
2905
2904
2910
3286
3282
3283
3292
3293
3294
3295
3288
3290
3318
3316
3317
3315
3312
3313
3327
3324
3325
3322
3323
3320
3321
3302
3299
3298
3297
3296
3311
3310
3309
3307
3306
3305
3527
3526
3524
3523
3522
3521
3520
3535
3534
3533
3532
3531
3530
3529
3537
3459
3458
3456
3463
3462
3460
3466
3465
3464
3470
3468
3474
3475
3472
3473
3478
3479
3482
3483
3480
3481
3486
3487
3484
3485
3489
3488
3490
3493
3492
3495
3497
3496
3499
3500
3503
3504
3506
3507
3509
3510
3511
3512
3513
3514
3516
3517
3518
3406
3407
3404
3402
3403
3400
3398
3399
3397
3394
3395
3392
3423
3422
3419
3416
3415
3412
3410
3409
3436
3437
3438
3432
3433
3435
3429
3430
3431
3425
3427
3453
3452
3455
3454
3449
3448
3451
3450
3445
3447
3446
3441
3440
3443
3442
3338
3336
3337
3340
3341
3331
3328
3329
3334
3335
3333
3354
3353
3352
3359
3358
3357
3345
3344
3351
3350
3349
3348
3368
3369
3370
3373
3374
3360
3362
3363
3365
3366
3367
3385
3384
3387
3386
3389
3388
3391
3390
3377
3376
3379
3378
3381
3383
