956
958
952
953
948
950
951
944
946
947
940
943
942
937
936
939
938
933
932
935
934
931
930
926
927
924
925
922
923
920
918
917
915
912
911
909
908
906
904
903
900
898
1016
1020
1021
1022
1023
1008
1009
1010
1012
1013
1015
1001
1000
1003
1002
1005
1007
1006
993
992
994
997
996
999
998
986
987
984
985
990
991
988
989
978
979
982
983
981
971
970
975
974
963
962
960
967
966
965
964
1100
1101
1102
1103
1096
1097
1098
1099
1093
1094
1095
1089
1090
1091
1117
1116
1119
1118
1113
1112
1115
1114
1109
1108
1110
1105
1104
1107
1106
1135
1132
1133
1130
1131
1128
1129
1126
1127
1124
1125
1122
1120
1121
1151
1149
1147
1146
1145
1144
1143
1142
1141
1140
1139
1138
1137
1136
1033
1035
1036
1037
1039
1024
1025
1026
1029
1030
1049
1048
1051
1050
1053
1052
1054
1041
1040
1043
1042
1044
1046
1066
1067
1065
1070
1069
1059
1056
1057
1063
1060
1061
1083
1082
1081
1080
1087
1086
1085
1084
1075
1074
1072
1079
1078
1077
1223
1222
1217
1216
1219
1229
1228
1231
1230
1225
1224
1236
1237
1238
1232
1233
1235
1244
1245
1246
1240
1241
1243
1249
1270
1271
1278
1279
1276
1277
1274
1275
1272
1273
1153
1152
1154
1157
1161
1160
1162
1165
1164
1167
1166
1168
1169
1170
1171
1172
1173
1174
1175
1176
1178
1180
1181
1182
1183
1187
1186
1185
1184
1191
1190
1189
1194
1193
1198
1197
1196
1203
1200
1201
1206
1207
1204
1210
1211
1208
1209
1214
1215
1212
1405
1404
1407
1401
1400
1403
1402
1399
1306
1305
1304
1311
1310
1309
1308
1299
1298
1297
1296
1303
1302
1301
1290
1291
1288
1289
1295
1293
1282
1280
1281
1284
1285
1320
1321
1322
1323
1312
1313
1314
1315
1316
1317
1318
1319
1494
1495
1492
1493
1490
1491
1488
1489
1502
1503
1500
1501
1498
1499
1496
1497
1479
1478
1476
1475
1474
1473
1472
1487
1484
1483
1482
1481
1480
1524
1525
1526
1527
1520
1521
1523
1532
1533
1534
1528
1529
1530
1510
1505
1507
1506
1517
1516
1518
1513
1512
1514
1426
1425
1430
1431
1428
1429
1434
1432
1433
1438
1439
1436
1437
1411
1410
1408
1415
1414
1413
1412
1419
1418
1417
1416
1423
1422
1421
1420
1456
1457
1459
1460
1461
1462
1464
1465
1466
1467
1469
1470
1440
1443
1442
1444
1447
1449
1448
1450
1453
1452
1455
1549
1550
1551
1544
1545
1546
1542
1543
1538
1539
1557
1556
1553
1552
1555
1554
1763
1762
1761
1760
1767
1766
1765
1764
1771
1769
1768
1775
1773
1772
1776
1777
1782
1783
1780
1781
1787
1790
1788
1789
1731
1730
1733
1732
1735
1734
1737
1736
1739
1741
1743
1742
1744
1745
1748
1749
1750
1752
1753
1756
1758
1759
1703
1702
1701
1700
1699
1698
1697
1696
1711
1709
1708
1706
1705
1704
1718
1719
1716
1717
1714
1715
1712
1713
1726
1727
1724
1725
1720
1721
1677
1676
1679
1678
1672
1675
1674
1684
1685
1686
1687
1680
1681
1682
1683
1692
1693
1694
1695
1688
1689
1690
1691
1913
1912
1915
1917
1907
1906
1909
1908
1910
1903
1880
1887
1885
1875
1872
1878
1877
1876
1866
1864
1865
1870
1868
1869
1858
1857
1862
1863
1852
1855
1854
1848
1851
1850
1847
1846
1841
1836
1837
1834
1828
1829
1831
1824
1825
1826
1827
1823
1822
1821
1819
1818
1817
1816
1815
1813
1812
1811
1810
1809
1808
1806
1807
1804
1805
1802
1800
1798
1799
1794
1793
2032
2033
2034
2035
2036
2037
2039
2040
2043
2045
2047
2017
2019
2018
2021
2020
2022
2025
2024
2027
2029
2028
2031
2030
2002
2001
2007
2010
2011
2008
2015
2013
1987
1986
1984
1988
1995
1992
1999
1997
1972
1973
1969
1971
1981
1982
1983
1976
1978
1979
1957
1959
1958
1953
1954
1965
1967
1966
1961
1942
1940
1941
1939
1936
1937
1951
1948
1947
1945
1927
1926
1925
1923
1922
1921
1920
1935
1934
1931
1930
1929
1928
2200
2201
2202
2203
2204
2206
2192
2193
2194
2195
2196
2198
2199
2184
2187
2189
2188
2191
2190
2178
2181
2183
2182
2234
2233
2239
2236
2226
2227
2224
2225
2230
2231
2228
2229
2218
2217
2216
2222
2221
2220
2211
2210
2209
2208
2215
2214
2213
2268
2269
2265
2266
2267
2260
2261
2262
2263
2256
2257
2258
2259
2252
2254
2248
2251
2250
2245
2244
2247
2246
2241
2240
2243
2242
2302
2303
2300
2301
2298
2296
2297
2294
2295
2293
2290
2288
2289
2287
2286
2285
2284
2283
2280
2279
2277
2276
2275
2274
2064
2067
2066
2069
2068
2071
2070
2073
2079
2078
2048
2049
2050
2052
2053
2054
2055
2057
2058
2059
2062
2063
2106
2104
2110
2082
2083
2080
2081
2133
2135
2134
2128
2130
2141
2140
2143
2142
2136
2116
2117
2118
2119
2112
2113
2114
2115
2124
2125
2127
2120
2121
2122
2123
2167
2163
2162
2161
2173
2170
2169
2168
2151
2148
2149
2146
2147
2144
2145
2158
2159
2156
2157
2154
2155
2152
2810
2811
2808
2809
2815
2812
2813
2802
2800
2801
2806
2807
2804
2795
2794
2793
2792
2799
2798
2797
2796
2787
2786
2785
2784
2791
2790
2788
2776
2777
2778
2781
2783
2768
2770
2771
2772
2774
2775
2761
2760
2763
2762
2765
2767
2766
2755
2754
2757
2759
2758
2615
2613
2612
2610
2609
2623
2622
2621
2620
2619
2616
2675
2673
2672
2679
2678
2677
2676
2683
2682
2680
2687
2686
2685
2684
2658
2657
2662
2663
2660
2661
2666
2667
2670
2671
2668
2669
2641
2640
2643
2645
2644
2647
2646
2648
2653
2652
2655
2654
2624
2625
2626
2627
2628
2631
2633
2634
2635
2636
2637
2639
2990
2985
2984
2987
2981
2983
2982
2977
2976
2978
3006
3007
3000
3001
2996
2998
2999
2992
2993
2994
2995
2958
2957
2953
2952
2951
2950
2947
2946
2945
2944
2975
2973
2970
2971
2968
2969
2966
2967
2965
2962
2963
2960
2961
3049
3048
3051
3055
3041
3040
3043
3046
3064
3065
3056
3058
3059
3060
3061
3062
3063
3019
3018
3017
3016
3023
3022
3021
3011
3010
3009
3008
3015
3014
3013
3012
3034
3035
3032
3033
3038
3039
3037
3026
3027
3024
3025
2853
2854
2855
2848
2849
2860
2861
2862
2863
2856
2857
2858
2859
2868
2870
2865
2867
2866
2877
2876
2879
2878
2872
2875
2874
2823
2820
2821
2818
2819
2817
2830
2831
2828
2829
2827
2825
2839
2838
2837
2836
2834
2833
2832
2843
2842
2841
2912
2913
2916
2917
2918
2919
2920
2921
2923
2924
2925
2926
2927
2929
2931
2933
2935
2937
2938
2941
2943
2882
2883
2881
2886
2884
2885
2890
2891
2888
2889
2894
2893
2899
2897
2896
2903
2902
2901
2900
2907
2906
2905
2904
2911
2910
3285
3286
3287
3281
3283
3292
3293
3294
3295
3288
3289
3291
3318
3316
3314
3315
3312
3313
3324
3325
3322
3323
3320
3321
3303
3302
3301
3299
3298
3297
3296
3311
3310
3309
3307
3305
3304
3527
3526
3525
3524
3523
3522
3521
3535
3534
3533
3532
3530
3529
3528
3537
3459
3458
3457
3456
3463
3462
3461
3466
3465
3464
3471
3470
3468
3474
3475
3473
3478
3479
3477
3482
3483
3480
3481
3486
3484
3489
3488
3491
3490
3493
3492
3494
3497
3496
3499
3498
3501
3500
3503
3502
3504
3505
3506
3507
3509
3511
3512
3513
3514
3516
3517
3518
3519
3406
3407
3404
3402
3403
3400
3401
3398
3399
3396
3397
3394
3392
3423
3422
3421
3418
3417
3416
3415
3411
3410
3409
3408
3436
3437
3432
3434
3435
3428
3429
3430
3431
3424
3425
3427
3453
3452
3455
3448
3451
3450
3445
3444
3447
3446
3441
3440
3443
3442
3338
3336
3337
3342
3343
3340
3341
3330
3328
3329
3334
3333
3354
3353
3359
3357
3346
3345
3350
3349
3348
3369
3370
3374
3375
3360
3361
3362
3364
3365
3366
3385
3384
3387
3386
3389
3388
3391
3390
3377
3376
3379
3378
3380
3383
3382
