952
954
949
951
937
938
933
928
927
917
915
910
907
898
1017
1020
1012
1013
994
987
990
988
983
981
962
961
967
966
1100
1102
1097
1093
1095
1091
1114
1109
1104
1134
1132
1128
1125
1123
1121
1148
1147
1143
1140
1136
1032
1033
1036
1038
1024
1027
1029
1055
1041
1043
1047
1046
1067
1065
1068
1059
1056
1086
1085
1077
1231
1239
1232
1241
1278
1275
1153
1154
1156
1159
1161
1165
1166
1168
1171
1178
1180
1188
1193
1202
1203
1201
1206
1207
1208
1306
1311
1303
1300
1295
1284
1321
1322
1319
1491
1497
1481
1521
1522
1533
1507
1513
1430
1431
1437
1411
1408
1414
1419
1458
1467
1441
1445
1448
1542
1543
1761
1764
1770
1768
1772
1783
1790
1789
1731
1737
1742
1745
1752
1758
1703
1707
1716
1726
1727
1679
1678
1672
1695
1690
1907
1908
1883
1875
1877
1864
1865
1870
1858
1855
1840
1838
1816
1815
1806
1798
1797
1794
2034
2039
2042
2046
2021
2024
2007
2011
2008
2014
2012
2013
1986
1988
1997
1982
1953
1955
1967
1961
1941
1938
1936
1937
1948
1949
1926
1925
1924
1928
2185
2188
2179
2180
2234
2236
2216
2210
2215
2212
2262
2263
2255
2247
2246
2241
2303
2300
2296
2295
2292
2290
2282
2281
2064
2068
2073
2048
2052
2062
2063
2107
2082
2132
2128
2142
2117
2165
2161
2173
2149
2147
2157
2815
2812
2802
2801
2791
2789
2781
2782
2783
2775
2760
2763
2764
2615
2611
2619
2681
2685
2664
2669
2642
2649
2625
2628
2630
2632
2637
2639
2989
2990
2984
2980
2999
2993
2994
2952
2947
2945
2944
2974
2975
2972
2963
3048
3052
3042
3044
3046
3059
3063
3011
3010
3012
3036
3025
3030
3031
3029
2851
2860
2857
2858
2866
2879
2878
2874
2822
2817
2828
2824
2839
2846
2919
2922
2923
2883
2890
2892
2900
3287
3292
3294
3315
3302
3310
3309
3523
3530
3528
3457
3456
3464
3482
3484
3488
3494
3497
3496
3499
3498
3500
3506
3516
3517
3518
3519
3403
3400
3417
3415
3412
3409
3433
3435
3428
3424
3425
3455
3454
3445
3442
3337
3340
3341
3330
3358
3344
3348
3374
3365
3366
3376
