956
952
953
954
948
949
950
944
946
947
940
943
942
937
936
938
932
935
934
929
928
931
930
926
927
924
925
922
920
919
916
917
915
912
911
909
908
907
906
905
904
903
902
899
898
1016
1017
1018
1019
1020
1021
1022
1023
1009
1011
1012
1013
1014
1015
1001
1000
1003
1002
1005
1004
1006
993
992
995
998
987
984
985
990
988
978
979
983
980
981
971
970
968
975
973
972
963
962
961
960
966
965
964
1101
1102
1096
1097
1098
1099
1094
1095
1088
1089
1090
1091
1116
1113
1114
1109
1108
1111
1110
1107
1106
1134
1132
1133
1130
1131
1128
1129
1126
1127
1125
1122
1123
1121
1151
1150
1149
1148
1147
1146
1145
1144
1142
1140
1139
1137
1032
1033
1034
1036
1037
1039
1025
1026
1027
1029
1030
1031
1049
1048
1051
1050
1053
1052
1054
1041
1043
1042
1045
1044
1047
1066
1067
1064
1070
1071
1068
1069
1058
1059
1056
1060
1061
1083
1082
1081
1087
1086
1084
1072
1079
1078
1076
1221
1220
1223
1222
1217
1216
1219
1218
1229
1231
1230
1225
1224
1227
1226
1236
1239
1232
1233
1234
1246
1247
1240
1243
1250
1249
1248
1271
1276
1274
1275
1272
1154
1157
1156
1159
1158
1161
1160
1165
1164
1167
1166
1168
1171
1173
1174
1175
1177
1178
1179
1180
1186
1185
1184
1191
1190
1189
1188
1195
1194
1193
1199
1197
1196
1202
1201
1206
1207
1204
1205
1210
1211
1208
1209
1213
1404
1407
1406
1401
1403
1402
1399
1306
1305
1304
1311
1310
1309
1308
1299
1298
1303
1301
1300
1290
1291
1288
1289
1294
1292
1293
1282
1280
1286
1287
1285
1320
1321
1322
1323
1313
1314
1315
1316
1317
1318
1494
1492
1490
1488
1502
1500
1501
1496
1497
1479
1478
1476
1475
1474
1473
1472
1486
1485
1484
1483
1482
1481
1480
1524
1525
1526
1527
1520
1521
1522
1523
1532
1533
1534
1535
1528
1529
1530
1509
1508
1511
1505
1504
1507
1506
1517
1516
1519
1518
1512
1514
1426
1427
1424
1430
1431
1428
1429
1434
1435
1432
1433
1438
1439
1436
1437
1411
1410
1408
1415
1419
1418
1417
1416
1423
1422
1421
1456
1458
1459
1460
1461
1462
1463
1464
1465
1466
1467
1469
1470
1471
1441
1440
1443
1442
1445
1444
1447
1446
1449
1451
1450
1452
1548
1549
1550
1551
1544
1545
1546
1540
1541
1542
1543
1536
1537
1538
1539
1557
1556
1553
1552
1555
1554
1763
1762
1761
1760
1767
1766
1770
1769
1768
1775
1773
1772
1779
1776
1777
1782
1783
1780
1781
1786
1784
1785
1790
1791
1788
1789
1729
1730
1733
1732
1735
1737
1736
1739
1738
1740
1743
1742
1744
1745
1746
1747
1748
1749
1750
1751
1752
1756
1757
1759
1703
1702
1699
1698
1696
1711
1709
1708
1707
1704
1718
1719
1716
1717
1714
1715
1712
1713
1727
1724
1725
1676
1679
1672
1675
1674
1684
1685
1686
1687
1680
1681
1682
1683
1693
1694
1695
1688
1689
1690
1691
1913
1912
1915
1914
1917
1919
1904
1906
1909
1908
1911
1910
1902
1903
1880
1886
1885
1874
1879
1878
1866
1864
1865
1870
1871
1868
1869
1858
1859
1856
1857
1863
1860
1852
1855
1854
1848
1850
1845
1847
1846
1840
1836
1839
1834
1835
1828
1831
1824
1825
1826
1827
1823
1822
1820
1819
1818
1817
1816
1815
1813
1812
1811
1810
1809
1806
1804
1805
1803
1800
1801
1799
1796
1794
1795
1793
2033
2034
2036
2037
2040
2042
2043
2044
2045
2046
2047
2019
2021
2020
2023
2022
2025
2024
2027
2026
2029
2028
2031
2030
2002
2003
2000
2001
2006
2007
2010
2011
2009
2015
1987
1984
1990
1989
1988
1995
1992
1999
1972
1970
1971
1981
1982
1976
1978
1957
1956
1959
1958
1953
1955
1954
1965
1964
1967
1961
1963
1962
1942
1943
1940
1939
1937
1950
1951
1949
1947
1927
1925
1924
1923
1922
1921
1920
1934
1933
1932
1931
1930
1929
1928
2200
2201
2202
2203
2205
2206
2207
2192
2193
2194
2197
2198
2199
2185
2184
2187
2186
2188
2191
2179
2178
2180
2183
2234
2235
2232
2233
2238
2239
2236
2237
2225
2230
2231
2229
2219
2218
2217
2216
2222
2220
2210
2208
2215
2213
2212
2268
2269
2270
2264
2266
2267
2260
2261
2262
2256
2257
2258
2259
2253
2252
2249
2248
2251
2250
2244
2241
2240
2243
2242
2302
2303
2300
2301
2298
2299
2296
2294
2292
2293
2290
2289
2287
2286
2285
2284
2283
2282
2281
2280
2279
2274
2064
2067
2066
2068
2071
2070
2073
2072
2079
2078
2048
2049
2050
2051
2052
2053
2054
2055
2059
2062
2106
2105
2104
2109
2082
2083
2080
2081
2084
2133
2132
2135
2128
2130
2141
2140
2143
2142
2137
2136
2139
2116
2117
2118
2119
2112
2114
2115
2124
2125
2127
2120
2121
2122
2123
2167
2165
2164
2163
2160
2175
2172
2171
2169
2168
2150
2151
2148
2149
2146
2147
2144
2145
2158
2159
2156
2157
2154
2810
2811
2808
2809
2815
2812
2813
2802
2803
2800
2801
2806
2807
2804
2805
2795
2793
2792
2799
2798
2797
2796
2787
2786
2785
2784
2791
2790
2788
2777
2778
2779
2780
2781
2782
2771
2772
2773
2774
2763
2762
2765
2764
2767
2766
2755
2754
2756
2613
2612
2611
2610
2609
2608
2623
2621
2619
2673
2679
2677
2676
2683
2682
2681
2680
2687
2686
2684
2658
2657
2660
2661
2666
2667
2664
2670
2671
2668
2669
2641
2643
2642
2645
2644
2647
2646
2649
2653
2655
2654
2624
2626
2627
2628
2629
2630
2631
2632
2633
2634
2637
2639
2989
2991
2990
2984
2987
2986
2981
2983
2982
2977
2976
2979
3006
3007
3000
3001
3002
2996
2997
2998
2999
2992
2993
2994
2995
2958
2953
2951
2950
2947
2945
2944
2974
2972
2973
2970
2968
2969
2966
2965
2962
2963
2960
2961
3049
3048
3051
3053
3052
3055
3054
3041
3040
3043
3042
3045
3044
3047
3046
3064
3065
3058
3059
3060
3062
3063
3019
3018
3017
3016
3023
3022
3021
3020
3010
3009
3008
3014
3013
3012
3034
3035
3032
3033
3038
3039
3036
3026
3027
3024
3031
3028
3029
2852
2853
2854
2848
2849
2850
2851
2860
2861
2863
2857
2858
2859
2869
2870
2864
2867
2866
2877
2876
2879
2878
2872
2875
2874
2822
2823
2820
2821
2818
2819
2817
2830
2831
2829
2826
2827
2839
2838
2836
2834
2833
2832
2846
2845
2844
2843
2842
2841
2912
2913
2915
2916
2918
2920
2923
2924
2926
2927
2929
2928
2931
2934
2937
2936
2939
2938
2940
2943
2883
2880
2881
2886
2887
2884
2885
2888
2889
2894
2895
2892
2893
2899
2897
2896
2903
2902
2901
2900
2907
2906
2905
2904
2911
2910
3284
3286
3287
3281
3282
3283
3292
3293
3294
3295
3288
3289
3290
3291
3316
3317
3314
3312
3327
3324
3325
3322
3323
3320
3302
3301
3299
3298
3297
3296
3311
3309
3306
3304
3524
3523
3522
3520
3533
3532
3531
3530
3529
3528
3537
3459
3458
3456
3462
3461
3460
3466
3465
3464
3471
3470
3468
3474
3475
3472
3473
3478
3479
3477
3482
3480
3481
3486
3487
3484
3485
3490
3492
3495
3494
3497
3496
3499
3498
3501
3500
3503
3504
3507
3508
3509
3510
3511
3512
3515
3518
3519
3406
3407
3403
3401
3398
3399
3396
3397
3394
3395
3392
3393
3423
3422
3421
3419
3418
3417
3416
3412
3411
3410
3408
3436
3437
3438
3433
3434
3435
3428
3429
3431
3425
3427
3453
3452
3451
3450
3445
3446
3441
3442
3338
3339
3336
3342
3343
3340
3341
3330
3331
3328
3329
3335
3354
3359
3358
3347
3346
3345
3344
3351
3350
3349
3348
3368
3369
3370
3372
3360
3362
3363
3364
3365
3367
3385
3386
3388
3390
3377
3376
3378
3380
3383
3382
