948
951
936
926
918
917
910
908
901
1017
1019
1022
1005
1004
993
999
987
985
988
989
971
975
974
1115
1111
1133
1130
1120
1121
1150
1139
1038
1028
1030
1053
1065
1059
1057
1087
1077
1076
1221
1220
1217
1233
1242
1248
1276
1272
1155
1158
1166
1180
1184
1194
1197
1200
1201
1207
1210
1214
1213
1405
1401
1399
1310
1303
1302
1293
1285
1314
1319
1493
1503
1498
1496
1473
1486
1526
1528
1531
1508
1507
1514
1438
1437
1414
1419
1416
1423
1441
1440
1450
1453
1542
1538
1556
1554
1763
1770
1785
1791
1731
1733
1737
1739
1738
1741
1740
1744
1746
1752
1756
1759
1703
1704
1717
1712
1721
1673
1675
1692
1695
1915
1909
1908
1911
1884
1872
1870
1868
1857
1860
1848
1837
1839
1829
1816
1812
1808
1802
1800
1793
2033
2037
2038
2039
2045
2019
2018
2022
2024
2029
2028
2003
1997
1973
1975
1969
1953
1955
1954
1965
1966
1938
1939
1936
1937
1948
1921
1920
1930
1929
1928
2201
2207
2193
2185
2179
2183
2234
2233
2239
2237
2224
2230
2218
2268
2264
2267
2260
2253
2255
2251
2296
2295
2292
2274
2070
2078
2054
2062
2063
2107
2106
2105
2110
2128
2118
2119
2164
2175
2149
2145
2158
2157
2153
2808
2815
2813
2802
2803
2799
2798
2796
2778
2780
2775
2762
2765
2757
2756
2611
2621
2677
2682
2686
2684
2664
2670
2644
2649
2648
2654
2630
2634
2639
2990
2987
2983
3000
3001
2997
2999
2994
2957
2966
3048
3050
3053
3040
3043
3047
3056
3058
3060
3063
3016
3023
3021
3011
3012
3035
3037
3029
2853
2850
2860
2863
2873
2875
2817
2839
2838
2834
2832
2847
2843
2912
2921
2922
2926
2927
2929
2940
2887
2889
2895
2896
2911
3292
3294
3288
3289
3291
3301
3297
3305
3522
3535
3531
3456
3460
3466
3478
3477
3491
3497
3496
3501
3506
3508
3510
3514
3515
3517
3404
3401
3393
3409
3408
3428
3431
3440
3342
3330
3353
3359
3349
3368
3360
3361
3364
3366
3381
3383
