955
947
937
933
930
926
922
923
917
915
911
906
1023
1011
1003
1002
997
999
988
978
960
964
1102
1099
1092
1118
1113
1104
1132
1131
1121
1149
1146
1145
1032
1034
1028
1051
1053
1052
1042
1044
1047
1065
1068
1063
1081
1085
1084
1072
1077
1216
1229
1230
1224
1233
1245
1279
1275
1165
1168
1172
1174
1177
1182
1195
1196
1208
1405
1401
1306
1296
1290
1289
1284
1314
1318
1489
1476
1484
1524
1523
1533
1504
1519
1513
1512
1427
1425
1430
1429
1435
1414
1416
1423
1421
1458
1459
1464
1465
1467
1470
1443
1444
1448
1450
1452
1454
1548
1538
1539
1552
1763
1769
1779
1782
1783
1780
1784
1785
1790
1739
1743
1744
1745
1753
1702
1710
1676
1673
1685
1686
1693
1694
1912
1918
1886
1884
1879
1878
1866
1865
1858
1851
1847
1837
1811
1803
1801
1794
1792
2035
2043
2029
2003
1987
1986
1989
1995
1975
1958
1955
1964
1936
1949
1945
1922
1935
1933
2200
2207
2194
2184
2187
2186
2188
2180
2235
2232
2224
2223
2211
2208
2215
2213
2268
2269
2271
2266
2267
2253
2248
2250
2247
2242
2302
2300
2298
2294
2292
2293
2287
2284
2283
2064
2071
2072
2048
2053
2054
2057
2132
2142
2118
2114
2123
2161
2173
2145
2153
2815
2804
2795
2792
2778
2779
2611
2673
2684
2663
2660
2640
2643
2644
2649
2624
2628
2631
2985
2980
2978
3006
2992
2975
2963
2961
3051
3040
3047
3058
3020
3014
3013
3034
3038
3037
3026
3025
3028
3029
2855
2876
2873
2839
2836
2832
2912
2913
2921
2929
2883
2890
2891
2888
2892
2902
2900
3284
3286
3282
3316
3314
3311
3304
3527
3523
3535
3531
3457
3474
3475
3477
3482
3483
3486
3484
3485
3489
3488
3496
3499
3503
3516
3399
3393
3423
3422
3436
3434
3424
3453
3451
3450
3340
3341
3331
3334
3354
3351
3350
3373
3375
3384
3387
3378
