958
948
949
947
943
937
933
935
929
928
931
925
922
903
1016
1018
1008
1015
1006
997
990
979
976
983
981
970
975
963
967
1100
1101
1103
1097
1095
1119
1114
1107
1132
1151
1148
1145
1141
1139
1032
1033
1034
1024
1030
1050
1052
1054
1040
1044
1067
1064
1065
1071
1056
1063
1083
1087
1085
1073
1220
1223
1217
1245
1242
1250
1249
1271
1279
1272
1159
1161
1160
1172
1176
1178
1181
1183
1187
1186
1190
1195
1197
1200
1206
1207
1208
1214
1403
1310
1299
1298
1297
1302
1300
1295
1286
1313
1498
1499
1477
1472
1485
1480
1520
1522
1532
1512
1432
1436
1437
1411
1410
1409
1408
1415
1414
1419
1458
1462
1463
1465
1447
1451
1452
1548
1549
1553
1552
1763
1762
1767
1764
1733
1739
1738
1740
1742
1748
1756
1758
1703
1700
1699
1697
1710
1714
1712
1685
1912
1914
1907
1910
1883
1887
1876
1864
1856
1857
1862
1855
1854
1848
1846
1841
1833
1827
1817
1809
1794
1793
2033
2035
2042
2046
2000
2001
2006
2009
2012
1985
1990
1995
1999
1996
1970
1983
1956
1958
1955
1942
1940
1950
1944
1923
1921
1930
1929
1928
2203
2192
2195
2179
2235
2227
2217
2223
2214
2268
2265
2256
2257
2292
2290
2288
2276
2058
2110
2109
2141
2139
2115
2123
2161
2175
2172
2145
2158
2159
2155
2152
2809
2815
2800
2804
2790
2776
2772
2773
2760
2767
2754
2756
2759
2675
2679
2676
2683
2658
2671
2668
2653
2655
2627
2637
2986
2981
2992
2995
2950
2947
2944
3054
3043
3047
3064
3020
3011
3032
3033
3037
3025
3031
3028
2855
2850
2862
2857
2865
2867
2879
2817
2830
2827
2824
2917
2918
2919
2924
2925
2931
2941
2882
2880
2881
2892
2910
3281
3293
3288
3289
3327
3325
3321
3300
3305
3532
3531
3536
3458
3464
3470
3484
3489
3501
3503
3504
3505
3507
3513
3406
3402
3395
3419
3411
3410
3409
3435
3429
3431
3339
3328
3333
3353
3369
3370
3367
3384
3387
3381
3380
