947
942
928
926
924
919
917
915
910
907
902
901
1017
1019
1010
1013
1005
993
992
999
978
970
968
963
964
1095
1088
1089
1108
1105
1135
1129
1124
1122
1149
1144
1141
1139
1136
1034
1039
1048
1046
1066
1067
1064
1068
1069
1058
1061
1079
1217
1225
1237
1234
1247
1270
1271
1279
1275
1273
1153
1164
1167
1166
1174
1175
1178
1180
1185
1195
1207
1210
1214
1405
1310
1302
1287
1322
1323
1318
1490
1503
1498
1475
1474
1485
1520
1533
1531
1508
1519
1428
1429
1433
1410
1408
1462
1464
1467
1444
1449
1452
1454
1542
1766
1772
1779
1786
1791
1729
1733
1737
1739
1740
1752
1758
1707
1704
1721
1677
1678
1690
1908
1910
1876
1866
1870
1869
1850
1834
1830
1819
1818
1810
1803
1798
1797
2040
2045
2030
2003
2001
2006
2012
1995
1997
1979
1956
1965
1941
1950
1944
1927
1926
2193
2194
2197
2178
2182
2235
2238
2239
2236
2226
2227
2218
2209
2213
2212
2262
2248
2246
2243
2302
2300
2299
2296
2291
2287
2277
2079
2078
2051
2058
2060
2061
2109
2133
2131
2118
2119
2112
2172
2171
2168
2159
2154
2808
2809
2812
2801
2807
2795
2792
2789
2788
2777
2779
2771
2774
2761
2762
2767
2759
2613
2611
2673
2683
2682
2658
2664
2670
2671
2640
2646
2652
2629
2632
2636
2980
2976
2979
3006
2999
2958
2952
2944
2974
2973
2971
2963
2960
2961
3053
3041
3042
3045
3047
3065
3009
3024
3025
3031
2852
2853
2851
2860
2862
2869
2870
2873
2819
2826
2837
2832
2840
2917
2924
2929
2940
2890
2893
2900
2911
2910
3288
3318
3316
3314
3312
3320
3299
3309
3522
3520
3530
3459
3460
3466
3464
3471
3477
3483
3480
3481
3484
3485
3494
3500
3503
3504
3508
3513
3396
3423
3422
3408
3435
3431
3452
3448
3445
3441
3442
3338
3339
3336
3343
3330
3328
3329
3358
3347
3345
3350
3348
3373
3374
3375
3360
3384
3387
3389
3383
