955
942
928
920
918
911
903
1018
1023
1008
1009
999
985
979
971
965
1100
1103
1097
1098
1095
1089
1117
1116
1112
1115
1114
1110
1105
1106
1134
1130
1125
1122
1120
1146
1028
1031
1051
1055
1043
1044
1047
1071
1069
1060
1082
1085
1084
1217
1216
1218
1225
1237
1239
1274
1275
1160
1169
1177
1179
1182
1186
1199
1206
1405
1403
1304
1297
1302
1280
1284
1285
1320
1312
1317
1497
1478
1474
1487
1484
1529
1505
1506
1514
1436
1437
1408
1418
1417
1423
1459
1463
1470
1471
1444
1546
1540
1537
1539
1760
1773
1772
1780
1791
1740
1746
1748
1757
1705
1717
1725
1675
1681
1693
1689
1691
1913
1917
1907
1882
1880
1887
1886
1885
1875
1872
1879
1877
1866
1859
1857
1862
1840
1833
1825
1826
1821
1820
1819
1802
1797
2032
2034
2036
2040
2019
2023
2022
2026
2000
2011
2013
1984
1995
1975
1981
1965
1938
1944
1921
1920
1934
1929
2204
2206
2197
2198
2187
2181
2234
2238
2221
2208
2269
2270
2266
2260
2262
2263
2258
2252
2244
2241
2242
2286
2280
2069
2071
2077
2057
2107
2104
2083
2131
2130
2141
2142
2116
2125
2122
2165
2175
2171
2169
2150
2151
2810
2815
2803
2798
2797
2791
2777
2779
2780
2783
2772
2773
2774
2760
2756
2758
2610
2619
2675
2679
2681
2686
2685
2663
2670
2671
2668
2640
2645
2647
2652
2624
2625
2976
2978
2993
2953
2945
2974
2970
2961
3048
3065
3063
3027
2855
2849
2850
2861
2865
2822
2828
2915
2922
2924
2926
2929
2934
2939
2940
2881
2886
2895
2893
2903
2901
3285
3294
3317
3314
3315
3324
3300
3299
3297
3296
3310
3304
3534
3465
3464
3477
3497
3501
3502
3508
3510
3406
3401
3399
3397
3417
3412
3411
3430
3427
3454
3450
3440
3341
3335
3358
3350
3387
3389
3390
3381
3383
