956
958
952
953
955
949
950
944
945
946
947
940
943
942
936
933
932
935
934
929
928
931
930
926
927
924
925
922
923
920
918
919
916
917
915
912
911
910
908
906
905
904
903
902
901
900
899
898
1016
1018
1019
1020
1021
1009
1011
1014
1015
1001
1000
1003
1005
1004
1007
1006
992
995
994
997
996
999
998
986
987
984
985
990
991
988
979
976
982
983
980
981
971
970
968
975
974
973
972
963
962
961
960
967
966
964
1100
1102
1103
1096
1097
1099
1093
1094
1095
1089
1090
1091
1117
1116
1119
1118
1113
1112
1115
1109
1108
1111
1110
1105
1104
1107
1106
1132
1130
1131
1128
1129
1126
1127
1122
1123
1120
1149
1148
1147
1146
1145
1143
1142
1141
1139
1138
1137
1136
1032
1033
1035
1038
1024
1025
1026
1027
1028
1029
1030
1031
1049
1048
1051
1053
1052
1054
1041
1040
1043
1042
1045
1044
1047
1046
1067
1065
1070
1071
1068
1069
1058
1059
1056
1063
1060
1061
1083
1081
1087
1086
1085
1084
1075
1074
1073
1072
1079
1078
1077
1221
1223
1222
1216
1219
1218
1229
1228
1231
1230
1227
1226
1237
1238
1232
1235
1245
1240
1241
1242
1243
1250
1249
1248
1270
1271
1278
1279
1276
1277
1275
1273
1153
1155
1154
1157
1159
1158
1161
1160
1163
1162
1165
1167
1168
1169
1170
1173
1176
1177
1178
1179
1180
1182
1183
1187
1186
1185
1191
1190
1189
1188
1195
1194
1193
1199
1198
1197
1202
1203
1200
1201
1206
1204
1205
1210
1211
1208
1209
1214
1215
1212
1213
1404
1406
1401
1400
1403
1402
1399
1305
1304
1311
1310
1309
1298
1297
1296
1303
1302
1301
1300
1290
1291
1288
1289
1295
1292
1293
1283
1280
1281
1286
1287
1284
1285
1320
1321
1323
1312
1313
1316
1317
1318
1319
1494
1495
1492
1493
1491
1488
1489
1503
1500
1501
1499
1496
1497
1479
1478
1477
1476
1475
1474
1473
1472
1487
1485
1484
1483
1482
1481
1480
1524
1520
1521
1522
1523
1532
1533
1535
1528
1529
1530
1531
1509
1508
1511
1510
1504
1507
1506
1517
1516
1519
1518
1513
1514
1426
1427
1425
1430
1428
1429
1432
1433
1438
1439
1436
1437
1411
1410
1409
1415
1414
1413
1412
1419
1416
1423
1422
1420
1456
1458
1459
1460
1461
1463
1464
1465
1466
1467
1468
1469
1470
1441
1445
1444
1447
1446
1449
1450
1453
1452
1455
1454
1548
1549
1550
1545
1547
1540
1541
1543
1536
1537
1538
1557
1553
1552
1555
1554
1763
1762
1761
1760
1767
1766
1765
1764
1771
1770
1769
1773
1777
1782
1783
1781
1786
1787
1784
1790
1791
1788
1789
1729
1731
1730
1735
1734
1737
1736
1739
1738
1740
1743
1742
1745
1746
1747
1748
1749
1750
1751
1752
1753
1756
1757
1758
1759
1703
1702
1701
1700
1699
1698
1697
1696
1711
1710
1708
1707
1705
1704
1718
1719
1717
1714
1715
1712
1713
1726
1727
1724
1725
1722
1720
1721
1677
1679
1678
1673
1672
1675
1674
1684
1685
1686
1687
1680
1681
1682
1683
1692
1693
1694
1690
1691
1913
1912
1915
1914
1917
1919
1918
1904
1907
1906
1909
1911
1902
1903
1882
1881
1887
1886
1885
1884
1875
1874
1872
1879
1877
1876
1866
1864
1865
1870
1871
1868
1856
1857
1862
1852
1855
1850
1847
1846
1841
1836
1837
1838
1833
1834
1835
1828
1829
1830
1831
1824
1825
1826
1827
1823
1822
1821
1820
1818
1817
1816
1812
1811
1810
1809
1808
1807
1804
1805
1800
1798
1796
1797
1794
1795
1792
1793
2032
2034
2037
2038
2039
2040
2042
2043
2045
2047
2017
2019
2018
2021
2020
2023
2022
2025
2024
2027
2026
2028
2031
2030
2002
2003
2000
2001
2007
2010
2011
2008
2009
2014
2013
1986
1984
1990
1989
1988
1995
1992
1999
1998
1996
1972
1973
1969
1971
1980
1981
1982
1983
1976
1978
1979
1957
1956
1959
1958
1953
1954
1965
1964
1967
1966
1961
1963
1962
1942
1943
1940
1941
1938
1939
1936
1937
1950
1948
1949
1947
1927
1926
1925
1924
1923
1922
1935
1932
1931
1930
1929
1928
2200
2202
2203
2204
2206
2207
2192
2193
2194
2195
2196
2198
2185
2184
2187
2186
2189
2188
2191
2190
2179
2178
2181
2180
2183
2182
2234
2232
2233
2238
2236
2237
2227
2224
2230
2231
2229
2218
2217
2216
2223
2222
2220
2211
2210
2209
2215
2213
2212
2268
2270
2271
2264
2265
2266
2267
2260
2262
2263
2256
2258
2259
2253
2252
2255
2254
2249
2248
2251
2250
2245
2247
2246
2241
2240
2243
2242
2303
2300
2301
2298
2299
2296
2297
2294
2295
2292
2293
2290
2291
2288
2289
2286
2285
2284
2283
2281
2280
2279
2277
2276
2275
2274
2064
2067
2066
2069
2068
2071
2070
2073
2072
2075
2078
2049
2050
2051
2054
2055
2057
2058
2059
2060
2061
2062
2063
2107
2104
2111
2110
2109
2082
2083
2080
2084
2133
2132
2135
2134
2131
2130
2141
2140
2143
2142
2136
2116
2117
2118
2119
2112
2113
2114
2124
2125
2120
2121
2122
2123
2167
2165
2162
2160
2173
2172
2170
2169
2168
2148
2149
2146
2144
2145
2158
2159
2156
2157
2154
2155
2152
2810
2811
2808
2809
2815
2812
2813
2802
2800
2801
2807
2804
2805
2795
2792
2799
2798
2797
2796
2787
2786
2785
2784
2791
2790
2789
2788
2779
2781
2782
2768
2770
2771
2772
2773
2775
2761
2760
2763
2762
2765
2767
2766
2755
2754
2757
2756
2759
2758
2615
2613
2611
2610
2609
2621
2675
2673
2672
2679
2678
2677
2676
2683
2682
2681
2687
2686
2685
2684
2658
2659
2663
2660
2661
2667
2664
2665
2671
2668
2669
2641
2640
2642
2644
2647
2646
2649
2648
2653
2652
2655
2654
2624
2625
2626
2627
2629
2631
2632
2633
2634
2635
2636
2637
2639
2989
2985
2984
2987
2986
2981
2980
2983
2982
2977
3006
3007
3001
3002
2996
2997
2998
2999
2992
2993
2994
2995
2959
2958
2953
2952
2951
2950
2947
2946
2945
2944
2975
2972
2973
2970
2968
2969
2966
2967
2965
2962
2963
2960
2961
3048
3050
3053
3055
3054
3041
3040
3042
3045
3044
3046
3065
3066
3056
3058
3059
3061
3062
3063
3019
3023
3022
3021
3020
3011
3010
3009
3008
3015
3014
3013
3012
3034
3035
3032
3033
3038
3039
3036
3037
3026
3027
3024
3025
3030
3028
3029
2852
2853
2854
2855
2848
2849
2850
2851
2860
2861
2862
2863
2859
2869
2868
2871
2870
2864
2867
2866
2877
2879
2875
2874
2822
2823
2820
2821
2818
2819
2817
2831
2828
2829
2826
2827
2824
2825
2837
2836
2835
2834
2833
2832
2847
2846
2845
2843
2842
2912
2913
2915
2916
2917
2918
2919
2920
2922
2923
2924
2925
2926
2927
2928
2932
2935
2934
2936
2939
2938
2941
2940
2943
2882
2881
2886
2887
2891
2888
2889
2893
2897
2896
2903
2902
2901
2907
2906
2905
2904
2911
2910
3284
3286
3287
3281
3282
3283
3292
3294
3295
3288
3290
3291
3318
3316
3317
3314
3312
3313
3327
3325
3322
3323
3320
3321
3303
3302
3301
3300
3299
3298
3296
3311
3310
3309
3307
3306
3304
3527
3525
3524
3523
3522
3521
3535
3534
3533
3532
3531
3529
3528
3536
3459
3458
3457
3456
3463
3461
3460
3466
3465
3464
3471
3470
3474
3475
3472
3478
3477
3482
3480
3486
3487
3484
3485
3489
3491
3490
3493
3492
3495
3497
3496
3499
3498
3501
3500
3502
3505
3507
3510
3511
3513
3515
3516
3518
3519
3407
3404
3405
3402
3403
3400
3401
3399
3396
3394
3395
3392
3393
3423
3422
3418
3417
3415
3412
3410
3409
3408
3436
3437
3438
3432
3433
3434
3428
3429
3430
3431
3424
3425
3427
3453
3452
3455
3454
3449
3448
3451
3450
3445
3444
3446
3440
3443
3442
3338
3339
3336
3342
3343
3340
3341
3330
3331
3328
3329
3334
3333
3354
3353
3352
3359
3347
3345
3351
3350
3349
3368
3369
3372
3374
3360
3361
3366
3367
3385
3384
3387
3386
3388
3391
3390
3376
3378
3381
3380
3383
3382
