956
953
950
951
943
936
933
935
926
924
912
906
904
901
1021
1013
1004
1007
1006
996
999
986
989
971
968
963
965
1092
1093
1095
1091
1119
1114
1106
1132
1127
1033
1037
1038
1039
1029
1052
1041
1040
1043
1042
1045
1066
1082
1220
1229
1230
1224
1237
1234
1235
1244
1247
1271
1278
1274
1275
1153
1155
1159
1163
1179
1180
1182
1187
1191
1200
1201
1210
1215
1212
1401
1403
1304
1310
1297
1290
1291
1288
1294
1322
1490
1502
1498
1477
1475
1483
1524
1525
1528
1529
1504
1516
1409
1412
1457
1466
1469
1441
1445
1545
1546
1547
1763
1762
1760
1765
1782
1785
1734
1739
1745
1747
1749
1750
1756
1758
1707
1706
1716
1727
1722
1678
1684
1686
1683
1692
1689
1907
1902
1887
1884
1872
1876
1862
1846
1840
1829
1823
1820
1809
1806
1802
1794
1793
2035
2037
2038
2047
2017
2021
2025
2029
2028
2006
2007
2010
2011
1973
1976
1979
1957
1956
1959
1954
1964
1967
1937
1931
2206
2207
2193
2198
2238
2230
2228
2219
2270
2260
2262
2256
2259
2243
2295
2288
2289
2287
2279
2277
2066
2069
2070
2075
2078
2049
2053
2058
2063
2106
2082
2084
2132
2130
2141
2117
2118
2120
2160
2170
2147
2154
2811
2808
2807
2795
2794
2778
2775
2765
2764
2756
2679
2686
2663
2665
2670
2648
2655
2654
2982
3000
2998
2992
2950
2944
2971
2969
3049
3040
3047
3056
3058
3062
3017
3011
3013
3035
3024
3030
3031
3029
2854
2855
2849
2867
2873
2820
2818
2819
2836
2832
2843
2912
2923
2927
2935
2937
2936
2939
2941
2899
2902
3282
3292
3289
3317
3315
3322
3299
3298
3311
3305
3304
3527
3522
3534
3459
3457
3456
3460
3474
3472
3473
3482
3483
3489
3494
3496
3506
3516
3404
3402
3399
3397
3395
3419
3416
3437
3438
3435
3429
3445
3441
3340
3331
3333
3353
3344
3351
3349
3348
3369
3375
3360
3390
3378
3380
