958
952
950
946
947
940
943
919
911
910
904
1019
1020
1021
1000
1002
1005
986
984
985
991
975
974
960
1096
1098
1119
1115
1109
1110
1132
1133
1130
1127
1125
1123
1151
1143
1142
1035
1036
1037
1025
1031
1050
1044
1047
1070
1058
1059
1081
1219
1225
1246
1241
1242
1243
1250
1279
1275
1156
1160
1163
1165
1169
1181
1182
1185
1194
1197
1204
1211
1404
1406
1305
1297
1301
1291
1289
1294
1321
1322
1317
1319
1490
1488
1500
1499
1477
1476
1474
1485
1521
1532
1534
1528
1530
1510
1430
1428
1414
1418
1462
1470
1445
1448
1450
1546
1536
1777
1783
1780
1784
1790
1729
1731
1730
1735
1737
1738
1743
1744
1746
1751
1753
1756
1757
1758
1702
1710
1705
1718
1720
1672
1681
1683
1689
1915
1908
1902
1887
1884
1875
1863
1855
1854
1851
1850
1845
1833
1823
1822
1819
1816
1815
1808
1807
1800
1794
2032
2033
2039
2042
2045
2019
2020
2030
2006
2014
2012
2013
1985
1988
1999
1980
1981
1978
1957
1953
1955
1954
1966
1961
1943
1951
1927
1935
1930
2204
2205
2194
2184
2186
2229
2221
2211
2215
2268
2260
2261
2263
2256
2253
2249
2250
2303
2301
2299
2295
2289
2277
2276
2275
2049
2051
2054
2111
2131
2141
2136
2117
2114
2127
2123
2173
2150
2147
2809
2798
2797
2791
2789
2788
2761
2763
2762
2756
2759
2612
2609
2622
2675
2678
2657
2660
2668
2669
2644
2647
2653
2627
2986
2982
2976
2995
2959
2947
2974
2973
2963
2960
3055
3040
3043
3042
3064
3061
3063
3016
3012
3032
3033
3036
3027
3028
2852
2849
2850
2861
2862
2856
2869
2864
2867
2877
2873
2817
2837
2834
2841
2912
2920
2883
2881
2885
2890
2888
2899
2897
2906
3286
3292
3294
3325
3301
3527
3522
3529
3537
3457
3462
3461
3460
3475
3484
3488
3490
3496
3499
3502
3510
3511
3513
3517
3395
3419
3418
3415
3412
3438
3454
3446
3441
3338
3331
3334
3359
3347
3386
3390
