946
947
926
927
917
915
909
907
901
899
898
1013
1014
992
998
981
975
972
967
965
1094
1108
1131
1124
1122
1147
1139
1037
1038
1030
1046
1065
1056
1063
1087
1072
1076
1237
1246
1241
1271
1277
1155
1154
1159
1164
1170
1172
1173
1174
1179
1185
1190
1204
1213
1406
1309
1300
1293
1283
1285
1317
1492
1488
1502
1499
1497
1478
1476
1473
1486
1484
1483
1480
1525
1528
1531
1505
1506
1512
1427
1436
1408
1413
1416
1456
1458
1461
1463
1470
1471
1441
1447
1449
1453
1546
1547
1539
1554
1763
1765
1764
1773
1772
1776
1781
1786
1791
1789
1729
1733
1732
1745
1750
1756
1697
1696
1711
1706
1675
1686
1681
1692
1688
1913
1909
1903
1881
1880
1884
1875
1877
1856
1847
1822
1812
1808
1806
1807
1804
1802
1798
2039
2046
2022
2026
2031
2014
2012
1988
1992
1969
1971
1976
1961
1923
1922
1935
1934
1930
2207
2185
2187
2191
2180
2238
2236
2224
2218
2210
2269
2266
2260
2261
2257
2254
2250
2244
2243
2301
2292
2289
2285
2066
2071
2075
2077
2048
2049
2062
2110
2082
2130
2143
2137
2139
2118
2119
2113
2121
2163
2162
2161
2173
2172
2168
2146
2158
2157
2810
2809
2812
2803
2801
2798
2785
2788
2768
2771
2763
2767
2613
2623
2619
2616
2678
2677
2676
2682
2658
2657
2667
2665
2646
2649
2654
2624
2628
2634
2990
2986
2981
2980
2976
2993
2995
2959
2951
2950
2972
2969
2966
3048
3050
3053
3055
3040
3042
3046
3058
3059
3060
3018
3023
3011
3013
3032
3031
2855
2862
2877
2830
2826
2837
2912
2913
2921
2931
2932
2935
2940
2883
2890
2889
3293
3291
3315
3327
3311
3521
3530
3536
3457
3492
3494
3497
3498
3500
3504
3509
3517
3519
3402
3409
3432
3435
3431
3424
3448
3451
3441
3343
3340
3341
3330
3331
3334
3347
3346
3351
3368
3369
3375
3360
3361
3362
3364
3388
3376
3379
