953
932
935
926
924
925
919
917
915
905
1020
1022
1010
1011
1012
1004
1006
993
999
987
991
988
970
965
1100
1098
1092
1094
1095
1088
1090
1119
1115
1114
1105
1107
1134
1149
1148
1145
1037
1027
1028
1029
1031
1049
1054
1044
1063
1060
1083
1086
1085
1084
1075
1235
1245
1243
1250
1276
1275
1155
1174
1178
1190
1195
1199
1210
1214
1404
1407
1402
1306
1298
1296
1303
1291
1293
1319
1494
1500
1479
1477
1475
1472
1486
1485
1483
1532
1529
1510
1505
1513
1427
1424
1425
1430
1431
1434
1435
1432
1408
1414
1412
1419
1418
1423
1421
1462
1465
1467
1446
1448
1452
1541
1542
1543
1557
1554
1761
1765
1773
1776
1780
1787
1784
1729
1735
1737
1740
1742
1753
1700
1710
1708
1706
1705
1718
1714
1715
1677
1685
1680
1683
1695
1913
1912
1876
1859
1857
1845
1847
1846
1829
1830
1831
1813
1806
1804
1805
1803
1799
2038
2039
2045
2018
2022
2029
2002
2001
2010
2012
1986
1988
1972
1982
1959
1962
1942
1939
1927
1924
1923
1935
1933
1932
2205
2196
2199
2185
2191
2235
2226
2225
2229
2219
2209
2215
2212
2268
2271
2250
2245
2240
2243
2298
2299
2295
2280
2279
2067
2066
2070
2077
2078
2049
2082
2137
2117
2112
2123
2162
2148
2158
2159
2152
2811
2815
2813
2800
2792
2790
2779
2770
2774
2761
2760
2757
2615
2611
2623
2620
2680
2684
2661
2664
2668
2645
2628
2635
2636
2639
2989
2983
2982
3001
2995
2947
2945
2975
2971
2969
2962
2963
3041
3019
3017
3022
3011
3034
3035
3038
3037
3028
2852
2848
2856
2859
2877
2873
2874
2821
2830
2825
2832
2846
2845
2913
2915
2918
2927
2932
2881
2903
2900
2905
3284
3289
3291
3313
3324
3300
3299
3298
3304
3527
3533
3463
3461
3468
3474
3473
3477
3487
3493
3492
3496
3501
3509
3517
3518
3406
3400
3401
3423
3418
3434
3429
3453
3448
3447
3336
3341
3358
3357
3344
3370
3387
