956
953
954
955
950
937
939
927
924
919
916
911
908
906
899
1023
1012
1015
1003
1006
992
995
994
996
999
986
987
991
988
976
1098
1112
1107
1130
1131
1120
1150
1146
1139
1138
1039
1065
1070
1071
1072
1222
1217
1218
1225
1232
1242
1270
1277
1274
1160
1176
1182
1186
1185
1184
1191
1190
1207
1205
1214
1401
1304
1308
1300
1282
1283
1280
1286
1321
1323
1317
1494
1490
1491
1488
1502
1498
1478
1486
1481
1480
1527
1533
1530
1531
1511
1510
1516
1513
1426
1425
1434
1433
1411
1408
1414
1423
1421
1420
1456
1470
1548
1551
1546
1547
1542
1537
1556
1771
1770
1782
1780
1731
1730
1740
1750
1757
1700
1708
1714
1726
1725
1677
1679
1672
1674
1688
1689
1691
1912
1914
1885
1872
1879
1878
1866
1857
1862
1852
1855
1854
1845
1846
1839
1834
1835
1823
1822
1815
1813
1811
1809
1806
1807
1798
1795
2033
2045
2022
2025
2026
2030
2014
2012
2013
1987
1985
1984
1998
1972
1962
1937
1926
1925
1922
1921
1933
2202
2192
2195
2189
2178
2232
2225
2211
2215
2263
2256
2300
2297
2281
2275
2067
2069
2072
2049
2062
2080
2131
2143
2117
2112
2122
2175
2171
2170
2151
2149
2157
2152
2808
2800
2807
2793
2792
2799
2784
2776
2770
2771
2772
2775
2762
2765
2757
2756
2612
2678
2676
2658
2661
2667
2664
2665
2671
2625
2980
2983
2982
2996
2950
2947
2946
2975
2972
2965
3055
3045
3046
3019
3010
3024
3030
2854
2855
2857
2858
2859
2877
2876
2874
2822
2823
2819
2830
2832
2841
2918
2921
2924
2929
2928
2936
2890
2891
2892
2893
2899
2911
3282
3283
3294
3317
3312
3325
3321
3297
3525
3524
3521
3537
3459
3461
3465
3464
3472
3483
3487
3485
3489
3493
3500
3503
3502
3509
3513
3514
3515
3405
3401
3399
3392
3423
3422
3421
3419
3417
3433
3431
3452
3454
3449
3448
3444
3447
3441
3339
3337
3342
3352
3359
3344
3351
3370
3373
3375
3361
3362
3364
3384
3389
3379
3380
