937
936
923
918
908
1017
1022
1008
1010
1005
995
982
980
970
967
964
1102
1089
1116
1119
1107
1134
1135
1133
1130
1125
1122
1148
1026
1029
1030
1043
1071
1057
1063
1061
1084
1077
1221
1230
1225
1224
1238
1235
1277
1274
1272
1154
1165
1164
1169
1170
1174
1175
1185
1199
1197
1196
1202
1201
1207
1205
1214
1400
1289
1323
1317
1319
1501
1477
1475
1473
1485
1525
1520
1521
1522
1523
1534
1535
1510
1504
1506
1513
1424
1436
1410
1408
1419
1420
1458
1459
1463
1466
1470
1440
1442
1447
1453
1454
1543
1539
1760
1771
1768
1775
1735
1734
1737
1739
1702
1710
1717
1715
1727
1721
1684
1685
1692
1688
1913
1917
1919
1918
1906
1910
1902
1883
1885
1876
1868
1857
1852
1855
1848
1847
1841
1840
1837
1829
1823
1819
1806
1802
1797
1795
2020
2023
2022
2025
2027
2002
1990
1971
1982
1956
1959
1965
1942
1936
1937
1951
1925
1922
1930
2204
2206
2207
2197
2187
2191
2190
2233
2236
2216
2222
2220
2209
2214
2261
2263
2246
2240
2294
2292
2288
2284
2280
2069
2071
2073
2054
2140
2143
2112
2121
2123
2163
2162
2175
2168
2159
2156
2812
2813
2803
2796
2791
2777
2772
2761
2763
2762
2759
2613
2675
2678
2683
2665
2640
2649
2626
2627
2629
2630
2990
2984
2983
2978
2945
2974
2969
2966
3044
3047
3065
3059
3019
3017
3023
3009
3014
3012
3034
3035
3024
3030
3031
2852
2855
2849
2862
2863
2871
2870
2866
2877
2879
2875
2820
2830
2826
2824
2838
2837
2835
2833
2912
2918
2919
2920
2922
2929
2940
2943
2880
2890
2898
2896
2900
2907
3281
3295
3314
3312
3303
3304
3522
3521
3532
3531
3536
3470
3468
3472
3478
3491
3495
3505
3407
3403
3394
3422
3415
3410
3409
3433
3434
3430
3339
3336
3342
3331
3352
3373
3360
3364
3384
3378
3381
