940
937
931
923
912
907
1022
1003
1004
992
990
991
979
981
974
967
965
964
1093
1091
1117
1108
1133
1122
1121
1148
1137
1034
1027
1049
1043
1067
1065
1058
1059
1063
1082
1216
1229
1230
1224
1249
1248
1279
1276
1274
1152
1173
1186
1184
1189
1194
1193
1197
1205
1210
1212
1404
1401
1306
1305
1304
1310
1298
1290
1295
1293
1314
1317
1495
1500
1501
1479
1474
1473
1484
1483
1480
1522
1523
1533
1534
1530
1513
1432
1410
1416
1423
1422
1420
1458
1461
1464
1443
1442
1445
1444
1446
1450
1455
1556
1552
1761
1771
1772
1777
1734
1738
1740
1742
1750
1756
1698
1697
1717
1713
1722
1913
1902
1882
1887
1885
1879
1878
1866
1865
1870
1860
1851
1845
1841
1836
1837
1831
1826
1823
1822
1820
1819
1817
1810
1809
1808
1807
1801
1797
2017
2019
2018
2023
2022
2025
2003
2000
2001
2013
1988
1992
1982
1963
1962
1950
1924
2198
2189
2191
2182
2236
2222
2221
2214
2212
2268
2269
2271
2266
2255
2254
2251
2246
2241
2300
2298
2299
2289
2285
2283
2277
2274
2073
2075
2077
2079
2057
2059
2105
2109
2083
2142
2116
2118
2112
2127
2120
2166
2165
2164
2161
2168
2145
2156
2153
2810
2815
2812
2801
2794
2777
2770
2771
2775
2763
2762
2757
2613
2616
2677
2683
2685
2659
2657
2662
2663
2661
2646
2648
2653
2655
2625
2634
2990
2987
2981
2980
2982
2976
3007
2957
2953
2952
2967
3053
3044
3065
3059
3017
3021
3035
3033
3027
2854
2861
2858
2872
2874
2836
2835
2846
2920
2932
2941
2884
2894
2903
2902
2906
2904
3281
3294
3295
3291
3318
3300
3305
3525
3522
3534
3532
3456
3460
3471
3474
3492
3501
3510
3512
3516
3517
3519
3405
3403
3401
3396
3397
3422
3421
3427
3454
3440
3443
3340
3353
3358
3349
3368
3369
3363
3384
3387
3389
3377
