953
951
945
933
928
930
926
924
922
923
919
911
910
906
903
902
1016
1018
1021
1022
1012
1001
1003
1005
993
998
981
970
975
972
962
1092
1116
1119
1109
1104
1134
1131
1125
1145
1139
1033
1037
1028
1031
1048
1055
1042
1045
1064
1065
1058
1059
1061
1081
1078
1221
1226
1233
1234
1244
1240
1272
1168
1169
1182
1183
1185
1194
1193
1197
1209
1214
1212
1405
1407
1400
1304
1298
1296
1303
1302
1294
1293
1283
1320
1322
1314
1319
1494
1491
1488
1498
1496
1475
1474
1473
1483
1526
1520
1530
1531
1505
1507
1517
1518
1425
1434
1410
1408
1412
1418
1456
1458
1462
1465
1468
1471
1447
1449
1548
1540
1554
1762
1775
1772
1782
1784
1791
1735
1738
1742
1751
1753
1757
1699
1706
1716
1713
1676
1673
1672
1674
1684
1687
1912
1907
1884
1876
1856
1862
1854
1850
1846
1824
1821
1815
1812
1810
1806
1799
2040
2021
2022
2027
2026
2031
2002
2009
2013
1988
1992
1999
1982
1964
1962
1942
1950
1927
2200
2205
2196
2184
2182
2234
2233
2238
2226
2225
2229
2208
2215
2269
2264
2261
2249
2297
2291
2288
2287
2282
2281
2066
2079
2078
2057
2060
2105
2081
2084
2132
2128
2131
2142
2116
2162
2161
2160
2173
2151
2144
2157
2154
2810
2808
2786
2785
2791
2783
2768
2770
2771
2773
2763
2767
2757
2612
2608
2619
2679
2681
2680
2686
2685
2658
2670
2640
2624
2630
2631
2635
2636
2991
2990
2977
2976
2996
2947
2974
2965
2962
2960
2961
3049
3050
3044
3046
3066
3023
3014
3038
3025
3030
3029
2854
2848
2862
2863
2858
2865
2866
2873
2822
2821
2824
2845
2913
2920
2933
2932
2884
2900
2907
2905
2911
3285
3283
3292
3294
3291
3318
3327
3306
3305
3527
3524
3528
3537
3458
3466
3468
3473
3486
3485
3501
3513
3516
3518
3519
3400
3392
3393
3421
3417
3436
3438
3434
3430
3431
3452
3450
3444
3330
3358
3357
3368
3370
3362
3365
3384
