956
958
952
953
954
955
948
949
950
951
944
946
947
942
937
936
939
938
933
932
934
929
928
931
930
926
927
924
925
922
923
920
918
919
916
917
915
911
910
909
908
907
906
903
902
901
900
899
898
1016
1018
1020
1022
1023
1008
1009
1010
1011
1013
1014
1015
1001
1000
1003
1002
1005
1007
1006
993
995
994
997
996
998
986
987
984
985
991
988
978
979
982
983
980
981
971
975
974
973
963
962
961
960
966
965
964
1100
1101
1102
1096
1097
1098
1092
1093
1094
1095
1088
1089
1090
1091
1117
1119
1118
1113
1112
1115
1114
1111
1110
1107
1106
1134
1135
1132
1133
1131
1129
1126
1127
1124
1125
1122
1120
1150
1149
1148
1147
1146
1145
1143
1142
1141
1140
1139
1138
1137
1032
1034
1035
1036
1037
1038
1039
1024
1025
1026
1028
1029
1030
1031
1049
1053
1052
1055
1054
1040
1043
1045
1044
1046
1066
1067
1065
1070
1071
1069
1056
1063
1060
1061
1083
1082
1081
1080
1087
1086
1084
1075
1074
1078
1077
1076
1221
1223
1222
1216
1219
1218
1228
1231
1230
1225
1224
1227
1236
1237
1239
1232
1233
1234
1235
1244
1246
1247
1240
1241
1243
1250
1270
1271
1279
1277
1274
1275
1153
1152
1155
1157
1156
1158
1161
1160
1163
1162
1165
1164
1167
1166
1168
1169
1170
1171
1172
1176
1177
1178
1179
1180
1182
1183
1187
1186
1185
1184
1191
1190
1189
1188
1195
1193
1199
1198
1197
1196
1202
1203
1200
1201
1206
1207
1204
1205
1211
1209
1214
1215
1213
1405
1404
1401
1400
1403
1402
1399
1306
1305
1311
1310
1309
1308
1299
1298
1297
1302
1301
1300
1291
1288
1294
1295
1292
1282
1281
1286
1287
1284
1321
1322
1323
1312
1314
1315
1316
1317
1318
1495
1493
1490
1491
1488
1489
1500
1498
1499
1496
1479
1478
1477
1476
1475
1474
1472
1487
1486
1485
1484
1483
1482
1480
1525
1527
1521
1522
1523
1532
1533
1534
1535
1528
1529
1530
1531
1509
1510
1504
1507
1506
1517
1519
1518
1513
1512
1514
1426
1427
1424
1425
1430
1431
1428
1429
1434
1435
1439
1436
1437
1411
1408
1415
1414
1412
1419
1418
1417
1416
1423
1422
1420
1456
1457
1458
1459
1462
1463
1464
1465
1466
1467
1468
1469
1471
1440
1443
1442
1445
1444
1447
1446
1449
1448
1451
1453
1452
1455
1454
1548
1549
1544
1545
1546
1547
1540
1541
1542
1536
1537
1538
1539
1557
1556
1553
1552
1555
1554
1763
1762
1761
1760
1767
1766
1764
1771
1770
1769
1768
1775
1773
1772
1779
1776
1782
1783
1780
1786
1787
1785
1790
1789
1729
1730
1732
1735
1734
1737
1739
1738
1740
1743
1742
1744
1746
1748
1750
1751
1753
1757
1759
1703
1702
1701
1700
1699
1698
1697
1696
1711
1710
1709
1708
1707
1706
1704
1719
1716
1714
1712
1713
1726
1727
1724
1725
1722
1720
1677
1676
1678
1673
1672
1675
1674
1684
1685
1686
1687
1680
1681
1682
1692
1694
1695
1688
1690
1691
1913
1915
1914
1917
1919
1918
1904
1907
1906
1909
1908
1911
1910
1903
1882
1881
1880
1887
1886
1885
1884
1875
1874
1879
1878
1877
1876
1866
1864
1865
1870
1871
1868
1858
1859
1856
1857
1862
1863
1860
1855
1848
1851
1850
1845
1847
1840
1836
1838
1839
1833
1834
1835
1828
1829
1830
1831
1825
1826
1827
1823
1822
1821
1819
1818
1817
1816
1815
1812
1811
1809
1808
1806
1807
1804
1802
1803
1800
1801
1797
1795
1793
2032
2033
2035
2036
2037
2038
2040
2042
2043
2044
2045
2046
2017
2019
2018
2021
2020
2022
2025
2024
2027
2026
2029
2028
2030
2002
2003
2001
2006
2010
2008
2014
2015
2013
1986
1990
1989
1988
1995
1999
1998
1997
1996
1972
1973
1969
1970
1971
1980
1981
1982
1983
1976
1979
1957
1956
1959
1953
1955
1965
1964
1967
1966
1943
1940
1941
1939
1936
1937
1950
1948
1949
1947
1945
1927
1926
1922
1921
1920
1934
1933
1932
1931
1930
1929
2200
2201
2202
2203
2204
2206
2207
2192
2194
2195
2196
2197
2198
2199
2185
2184
2187
2186
2188
2191
2179
2178
2181
2180
2183
2182
2234
2235
2232
2233
2238
2236
2237
2226
2227
2224
2228
2229
2219
2218
2217
2223
2222
2221
2210
2209
2208
2215
2214
2212
2268
2269
2270
2271
2264
2265
2267
2260
2261
2262
2258
2253
2252
2255
2249
2251
2245
2244
2247
2241
2240
2243
2242
2303
2300
2301
2298
2299
2296
2297
2294
2295
2292
2293
2290
2288
2289
2285
2283
2282
2281
2280
2277
2276
2275
2064
2067
2069
2068
2071
2070
2073
2072
2075
2077
2078
2048
2049
2051
2052
2053
2054
2055
2057
2058
2059
2060
2061
2062
2107
2106
2105
2104
2111
2110
2082
2083
2080
2081
2084
2133
2132
2134
2131
2130
2140
2143
2142
2137
2136
2139
2116
2117
2118
2112
2113
2114
2125
2127
2120
2121
2122
2123
2167
2166
2165
2164
2163
2161
2160
2175
2173
2170
2169
2168
2150
2148
2149
2147
2144
2145
2158
2159
2156
2157
2154
2155
2152
2153
2810
2811
2808
2815
2812
2813
2803
2800
2801
2806
2807
2805
2794
2793
2799
2787
2785
2784
2791
2790
2788
2776
2777
2778
2779
2780
2781
2782
2783
2768
2770
2771
2772
2774
2775
2763
2762
2765
2764
2767
2766
2755
2756
2759
2758
2615
2613
2612
2611
2610
2621
2620
2619
2616
2675
2673
2672
2679
2677
2683
2682
2681
2680
2687
2686
2685
2658
2659
2657
2663
2660
2661
2667
2664
2665
2670
2671
2668
2669
2641
2640
2643
2642
2647
2646
2649
2648
2653
2652
2655
2624
2625
2626
2627
2628
2629
2630
2631
2632
2633
2636
2637
2639
2989
2991
2990
2985
2986
2981
2983
2982
2977
2979
2978
3006
3007
3000
3001
3002
2996
2999
2993
2995
2959
2958
2957
2953
2952
2951
2950
2947
2946
2945
2944
2974
2975
2972
2973
2970
2971
2968
2966
2967
2962
2963
2960
2961
3049
3048
3051
3050
3053
3052
3055
3054
3041
3040
3043
3044
3047
3046
3064
3066
3056
3058
3059
3018
3017
3016
3022
3021
3020
3011
3010
3009
3008
3014
3013
3012
3034
3035
3032
3039
3036
3026
3027
3024
3025
3030
3031
3029
2855
2848
2849
2850
2860
2861
2862
2856
2858
2869
2868
2871
2870
2865
2867
2876
2878
2873
2872
2875
2874
2822
2823
2820
2821
2818
2817
2831
2828
2829
2826
2827
2824
2825
2839
2838
2837
2835
2833
2832
2847
2846
2845
2843
2842
2840
2912
2913
2915
2917
2920
2921
2922
2924
2926
2927
2929
2928
2931
2933
2932
2935
2934
2937
2936
2939
2941
2940
2943
2882
2883
2880
2881
2886
2887
2884
2885
2890
2891
2888
2889
2895
2893
2899
2898
2897
2903
2902
2901
2900
2907
2906
2905
2904
2910
3284
3286
3287
3282
3292
3294
3295
3288
3289
3290
3291
3316
3317
3312
3327
3324
3325
3322
3323
3320
3321
3303
3302
3301
3300
3299
3298
3297
3296
3311
3309
3307
3306
3305
3525
3524
3523
3522
3521
3520
3535
3534
3533
3532
3531
3530
3529
3528
3537
3459
3458
3457
3456
3461
3460
3465
3471
3470
3474
3475
3472
3473
3478
3479
3477
3482
3481
3486
3487
3484
3489
3488
3490
3493
3492
3494
3497
3496
3498
3501
3500
3503
3502
3504
3505
3506
3507
3508
3509
3511
3512
3513
3514
3515
3517
3518
3519
3406
3404
3405
3402
3403
3400
3401
3398
3399
3396
3397
3394
3395
3392
3393
3423
3419
3418
3417
3416
3415
3412
3411
3410
3408
3436
3437
3438
3432
3433
3428
3429
3431
3424
3425
3427
3452
3451
3450
3445
3447
3441
3443
3442
3338
3339
3336
3337
3343
3341
3330
3331
3328
3329
3334
3335
3354
3359
3358
3357
3347
3345
3344
3351
3350
3348
3369
3372
3373
3374
3375
3360
3361
3362
3363
3364
3365
3366
3367
3385
3384
3386
3389
3388
3391
3379
3378
3381
3380
3382
