958
953
948
949
950
945
947
940
933
912
905
903
1018
1023
1002
995
989
979
983
971
975
961
1100
1093
1095
1118
1112
1115
1109
1108
1105
1134
1131
1126
1120
1148
1147
1144
1140
1137
1034
1035
1038
1039
1028
1054
1043
1044
1046
1064
1063
1086
1073
1220
1223
1225
1227
1235
1247
1250
1273
1155
1167
1166
1177
1179
1191
1188
1214
1405
1309
1298
1303
1287
1322
1312
1318
1479
1476
1483
1524
1533
1508
1510
1518
1512
1431
1436
1415
1419
1416
1422
1460
1461
1465
1468
1469
1470
1442
1448
1452
1540
1543
1536
1764
1779
1777
1783
1790
1729
1731
1736
1749
1750
1752
1699
1696
1711
1710
1708
1706
1718
1717
1720
1679
1678
1674
1680
1694
1913
1915
1904
1907
1883
1874
1872
1854
1848
1851
1838
1835
1828
1823
1822
1815
1813
1805
1803
2038
2042
2017
2020
2025
2028
2006
2008
1985
1990
1998
1997
1982
1983
1955
1954
1962
1940
1944
1923
1932
2200
2201
2206
2192
2195
2196
2198
2185
2184
2187
2186
2180
2235
2236
2218
2217
2222
2214
2213
2265
2256
2254
2248
2244
2247
2240
2300
2292
2288
2276
2275
2274
2066
2075
2078
2048
2050
2052
2058
2061
2063
2080
2081
2133
2113
2124
2167
2164
2173
2149
2154
2811
2808
2813
2803
2804
2794
2799
2797
2787
2786
2785
2791
2779
2774
2775
2755
2754
2673
2682
2684
2667
2669
2641
2645
2648
2655
2626
2636
2985
2981
2983
2982
2977
2978
2995
2951
2974
2962
3055
3041
3040
3042
3065
3061
3063
3010
3009
3034
2853
2861
2857
2878
2823
2821
2830
2831
2828
2827
2838
2846
2844
2843
2840
2917
2921
2923
2925
2927
2931
2933
2936
2939
2882
2884
2898
2910
3291
3327
3303
3302
3301
3297
3311
3527
3525
3522
3535
3531
3536
3457
3466
3470
3468
3478
3477
3491
3498
3508
3510
3395
3418
3438
3428
3425
3450
3446
3442
3338
3328
3329
3353
3359
3351
3350
3370
3375
3363
3364
3367
3391
3376
3379
