956
958
953
955
948
950
945
946
947
940
943
942
936
939
932
935
934
929
931
930
926
924
925
922
923
920
918
919
916
912
911
909
908
906
905
904
903
902
901
900
899
1016
1018
1019
1021
1022
1023
1008
1009
1010
1011
1014
1015
1001
1000
1003
1002
1005
1004
1007
1006
993
992
995
997
996
986
984
991
989
979
976
982
980
971
970
968
975
974
973
972
963
960
965
964
1101
1103
1096
1098
1099
1092
1094
1088
1089
1090
1117
1116
1119
1118
1113
1112
1115
1108
1111
1110
1105
1107
1106
1135
1133
1130
1131
1129
1126
1127
1124
1122
1120
1151
1150
1149
1146
1145
1144
1142
1141
1139
1138
1137
1034
1035
1037
1039
1025
1026
1028
1030
1031
1049
1048
1051
1050
1053
1052
1054
1040
1042
1045
1044
1066
1064
1070
1071
1069
1058
1057
1063
1060
1061
1083
1082
1081
1080
1087
1084
1075
1074
1073
1072
1079
1078
1076
1221
1220
1223
1222
1217
1216
1219
1218
1229
1228
1230
1225
1224
1227
1226
1236
1237
1238
1233
1234
1235
1244
1245
1246
1247
1240
1242
1243
1250
1249
1248
1270
1271
1279
1277
1274
1272
1273
1152
1155
1157
1158
1160
1163
1162
1164
1167
1169
1170
1172
1173
1174
1175
1176
1177
1179
1181
1182
1183
1187
1186
1185
1184
1191
1190
1189
1195
1194
1199
1198
1197
1196
1200
1204
1205
1210
1211
1209
1214
1215
1212
1213
1405
1404
1407
1406
1401
1400
1403
1402
1399
1305
1304
1309
1308
1299
1298
1297
1296
1302
1301
1290
1291
1288
1294
1292
1282
1283
1280
1281
1286
1287
1285
1320
1323
1312
1313
1314
1315
1316
1317
1318
1494
1495
1493
1490
1488
1489
1502
1503
1500
1501
1498
1499
1496
1479
1478
1477
1476
1475
1473
1472
1487
1486
1485
1484
1483
1482
1480
1524
1525
1526
1527
1520
1523
1534
1535
1528
1529
1530
1531
1509
1508
1511
1510
1505
1504
1506
1517
1516
1519
1518
1512
1514
1426
1427
1424
1425
1428
1429
1434
1435
1432
1433
1438
1439
1436
1410
1409
1415
1413
1412
1418
1417
1416
1423
1422
1421
1420
1456
1457
1459
1460
1461
1462
1463
1464
1465
1468
1469
1470
1471
1440
1443
1442
1444
1447
1446
1449
1450
1453
1452
1455
1454
1548
1550
1551
1544
1545
1546
1547
1540
1541
1536
1537
1538
1539
1557
1556
1553
1552
1555
1554
1763
1762
1760
1767
1766
1765
1771
1769
1775
1773
1779
1776
1777
1782
1780
1781
1786
1787
1784
1785
1791
1788
1729
1730
1733
1732
1735
1734
1736
1739
1738
1741
1740
1743
1744
1746
1747
1748
1749
1750
1751
1753
1756
1757
1759
1702
1701
1700
1699
1698
1697
1696
1711
1710
1709
1708
1706
1705
1704
1718
1719
1717
1714
1715
1712
1713
1724
1725
1720
1721
1677
1676
1673
1675
1674
1684
1685
1686
1687
1680
1681
1682
1683
1692
1693
1694
1688
1689
1691
1913
1912
1915
1914
1917
1919
1918
1904
1906
1909
1911
1910
1902
1903
1882
1881
1880
1887
1886
1885
1884
1874
1872
1879
1876
1866
1871
1868
1869
1859
1856
1857
1862
1863
1860
1852
1854
1848
1851
1850
1845
1847
1846
1841
1836
1837
1839
1833
1834
1835
1828
1830
1831
1824
1825
1826
1827
1823
1822
1821
1820
1819
1818
1817
1813
1812
1811
1810
1809
1808
1807
1804
1805
1802
1803
1800
1801
1799
1796
1795
1792
1793
2032
2033
2035
2036
2037
2038
2040
2043
2044
2045
2047
2017
2019
2018
2020
2023
2022
2025
2027
2026
2029
2028
2031
2030
2002
2003
2000
2001
2006
2010
2009
2015
1987
1985
1984
1990
1989
1995
1992
1999
1998
1996
1972
1973
1975
1969
1970
1971
1980
1981
1983
1976
1978
1979
1957
1956
1959
1958
1954
1965
1964
1966
1963
1962
1942
1943
1940
1939
1950
1951
1947
1944
1945
1927
1923
1922
1921
1920
1935
1934
1933
1932
1931
1930
1929
2200
2201
2202
2203
2204
2205
2206
2207
2192
2193
2194
2195
2196
2197
2198
2199
2184
2187
2186
2189
2191
2190
2178
2181
2183
2182
2235
2232
2233
2238
2239
2237
2226
2227
2224
2225
2230
2231
2228
2229
2219
2218
2217
2223
2222
2221
2220
2211
2209
2208
2214
2213
2268
2269
2270
2271
2264
2265
2266
2267
2261
2256
2257
2259
2253
2252
2254
2249
2248
2251
2250
2245
2244
2240
2243
2242
2302
2301
2298
2299
2297
2294
2293
2291
2288
2289
2287
2286
2285
2284
2283
2280
2279
2277
2276
2275
2274
2272
2067
2066
2069
2071
2070
2072
2075
2077
2079
2078
2049
2050
2051
2053
2054
2055
2057
2058
2059
2060
2061
2106
2105
2104
2111
2110
2109
2083
2080
2081
2084
2133
2135
2134
2131
2130
2141
2140
2143
2137
2136
2139
2116
2118
2119
2112
2113
2114
2115
2124
2125
2127
2120
2121
2122
2123
2167
2166
2164
2163
2162
2160
2175
2172
2171
2169
2168
2150
2151
2148
2146
2144
2145
2158
2159
2156
2154
2155
2152
2153
2810
2811
2808
2809
2813
2803
2800
2806
2807
2804
2805
2795
2794
2793
2792
2799
2798
2797
2796
2787
2786
2785
2784
2790
2788
2776
2777
2778
2779
2780
2770
2771
2772
2773
2774
2761
2762
2765
2767
2766
2755
2754
2757
2756
2759
2758
2613
2612
2610
2609
2608
2623
2622
2621
2620
2616
2675
2673
2672
2679
2678
2677
2676
2683
2682
2680
2687
2686
2684
2658
2659
2657
2662
2663
2660
2661
2666
2667
2670
2671
2668
2641
2640
2643
2645
2644
2647
2648
2653
2652
2655
2654
2624
2626
2627
2629
2631
2633
2634
2635
2636
2991
2985
2987
2986
2981
2983
2982
2977
2976
2979
2978
3006
3007
3000
3001
3002
2996
2997
2998
2992
2995
2959
2958
2957
2953
2951
2950
2946
2973
2970
2971
2968
2969
2966
2967
2965
2962
2960
2961
3049
3051
3050
3053
3055
3054
3041
3040
3043
3045
3047
3064
3065
3066
3056
3058
3060
3061
3062
3019
3018
3017
3016
3023
3022
3021
3020
3009
3008
3015
3014
3013
3034
3035
3032
3033
3038
3039
3037
3026
3027
3024
3028
2852
2853
2854
2855
2848
2849
2850
2861
2862
2863
2856
2859
2869
2868
2871
2870
2865
2864
2867
2877
2876
2873
2872
2875
2823
2820
2821
2818
2819
2830
2831
2829
2826
2827
2825
2838
2837
2836
2835
2834
2833
2832
2847
2845
2844
2843
2842
2841
2840
2912
2913
2915
2916
2917
2918
2920
2921
2924
2925
2926
2927
2929
2928
2931
2933
2932
2935
2934
2937
2936
2939
2938
2941
2940
2943
2882
2880
2881
2886
2887
2884
2885
2891
2888
2889
2894
2895
2893
2899
2898
2897
2896
2903
2902
2901
2907
2906
2905
2904
2911
2910
3284
3285
3286
3281
3282
3293
3295
3288
3290
3291
3318
3316
3317
3314
3312
3313
3327
3324
3325
3322
3323
3320
3321
3303
3301
3300
3299
3297
3311
3307
3306
3305
3304
3527
3526
3525
3524
3522
3521
3535
3534
3533
3532
3531
3529
3536
3537
3459
3458
3463
3462
3461
3460
3466
3465
3471
3470
3468
3474
3475
3473
3478
3479
3477
3483
3480
3481
3486
3485
3489
3491
3490
3493
3492
3495
3501
3503
3502
3504
3505
3507
3508
3509
3513
3514
3515
3406
3407
3405
3402
3401
3398
3399
3396
3397
3394
3395
3392
3393
3423
3422
3421
3419
3418
3416
3410
3408
3436
3437
3438
3432
3434
3429
3430
3431
3427
3453
3452
3449
3448
3451
3450
3444
3446
3441
3443
3338
3339
3336
3342
3343
3328
3329
3334
3335
3333
3354
3353
3352
3359
3357
3347
3346
3345
3351
3350
3349
3368
3369
3370
3372
3373
3375
3360
3361
3362
3363
3364
3367
3385
3384
3387
3386
3389
3388
3391
3390
3377
3379
3378
3381
3380
3383
3382
