944
947
940
942
938
932
923
918
919
909
905
1018
1019
1023
1009
1010
1014
999
998
985
982
965
1100
1102
1096
1097
1098
1099
1119
1113
1114
1105
1129
1144
1034
1035
1037
1038
1039
1029
1041
1043
1047
1064
1070
1058
1059
1057
1075
1078
1220
1223
1217
1225
1237
1233
1235
1244
1240
1241
1248
1270
1271
1276
1274
1157
1166
1172
1173
1179
1182
1185
1184
1188
1198
1203
1213
1404
1407
1401
1400
1403
1305
1304
1299
1303
1288
1295
1293
1286
1313
1318
1494
1489
1503
1501
1476
1486
1485
1526
1532
1528
1505
1517
1513
1429
1434
1433
1408
1456
1457
1458
1465
1471
1441
1440
1447
1446
1549
1545
1540
1541
1543
1557
1761
1760
1764
1775
1784
1790
1789
1731
1735
1739
1740
1746
1703
1702
1700
1705
1704
1712
1713
1724
1685
1692
1695
1912
1915
1902
1882
1887
1877
1866
1864
1865
1869
1862
1854
1851
1845
1847
1835
1826
1821
1819
1809
1800
1801
1795
2034
2039
2043
2025
2026
2009
2014
1995
1975
1969
1980
1976
1959
1953
1961
1942
1949
1926
1933
2200
2201
2191
2237
2224
2225
2230
2216
2222
2221
2210
2271
2264
2267
2261
2302
2295
2287
2282
2276
2275
2070
2077
2048
2057
2061
2107
2110
2082
2135
2128
2141
2140
2116
2118
2127
2167
2164
2175
2172
2171
2170
2158
2159
2800
2806
2794
2797
2790
2778
2771
2761
2756
2759
2615
2611
2623
2620
2616
2679
2677
2683
2685
2667
2665
2670
2647
2652
2655
2624
2626
2632
2637
2989
2982
2978
3006
2997
2994
2995
2957
2953
2952
2975
2971
2965
3050
3053
3054
3056
3061
3008
3035
3038
3036
3026
2853
2860
2856
2869
2871
2870
2877
2876
2875
2826
2839
2837
2847
2912
2916
2929
2935
2936
2884
2890
2889
2898
2907
2911
3292
3294
3316
3314
3327
3303
3297
3521
3534
3459
3466
3468
3473
3482
3486
3499
3498
3403
3394
3421
3418
3417
3412
3411
3438
3425
3427
3454
3448
3451
3450
3446
3440
3443
3328
3334
3357
3346
3344
3349
3370
3372
3363
3367
