956
958
952
953
954
955
948
950
951
944
946
940
942
937
939
938
933
932
935
934
929
928
931
930
926
927
924
925
922
923
920
918
919
916
917
915
911
910
909
908
907
906
903
902
901
900
899
1016
1017
1018
1019
1020
1021
1022
1023
1008
1009
1010
1011
1012
1013
1014
1015
1001
1000
1003
1002
1005
1004
1007
1006
993
992
995
994
997
996
999
998
987
984
985
991
978
979
982
983
980
981
971
968
975
974
973
972
962
961
960
967
966
965
964
1100
1102
1096
1098
1099
1092
1093
1094
1095
1088
1090
1091
1117
1119
1118
1112
1115
1114
1108
1110
1105
1104
1107
1134
1135
1132
1133
1130
1131
1126
1124
1125
1122
1123
1120
1121
1151
1150
1149
1148
1147
1146
1145
1144
1143
1142
1141
1140
1139
1138
1137
1032
1034
1035
1036
1037
1038
1024
1025
1026
1027
1028
1029
1030
1031
1048
1050
1053
1052
1055
1054
1041
1040
1043
1042
1045
1044
1047
1066
1067
1064
1065
1070
1071
1068
1069
1058
1059
1056
1063
1060
1061
1083
1082
1081
1087
1086
1085
1084
1075
1074
1073
1072
1078
1077
1076
1221
1220
1222
1217
1219
1229
1228
1224
1227
1226
1236
1237
1238
1239
1232
1233
1234
1244
1246
1247
1240
1241
1243
1250
1249
1248
1271
1278
1276
1277
1274
1275
1272
1153
1152
1155
1154
1157
1156
1159
1158
1161
1163
1162
1165
1164
1166
1168
1169
1170
1171
1173
1176
1177
1178
1180
1181
1182
1183
1187
1186
1184
1190
1189
1195
1194
1193
1199
1198
1197
1196
1203
1200
1201
1206
1207
1204
1205
1210
1208
1209
1215
1213
1404
1407
1406
1401
1403
1402
1399
1310
1299
1298
1297
1296
1303
1302
1301
1300
1290
1291
1288
1295
1292
1293
1282
1283
1281
1286
1287
1321
1322
1323
1312
1313
1314
1315
1316
1317
1318
1319
1494
1492
1490
1489
1502
1500
1501
1498
1499
1497
1479
1478
1477
1476
1474
1472
1487
1486
1485
1483
1482
1481
1480
1524
1525
1526
1520
1521
1523
1532
1533
1534
1535
1528
1529
1530
1531
1508
1511
1505
1504
1517
1516
1519
1518
1512
1514
1424
1425
1430
1431
1428
1429
1435
1432
1433
1438
1437
1411
1410
1409
1408
1415
1414
1413
1412
1419
1418
1417
1416
1423
1422
1421
1420
1456
1457
1458
1459
1460
1462
1464
1465
1466
1467
1468
1469
1470
1471
1441
1440
1442
1444
1447
1448
1451
1450
1455
1454
1549
1550
1551
1544
1545
1546
1547
1540
1541
1536
1537
1538
1539
1557
1556
1553
1552
1555
1763
1762
1761
1760
1767
1771
1769
1768
1775
1772
1779
1776
1782
1783
1780
1781
1786
1787
1784
1790
1791
1788
1789
1729
1731
1730
1733
1732
1735
1737
1736
1739
1738
1741
1740
1742
1744
1746
1747
1748
1749
1750
1751
1753
1756
1759
1703
1702
1701
1700
1699
1697
1696
1711
1710
1709
1707
1706
1718
1717
1714
1715
1712
1713
1726
1727
1725
1720
1721
1677
1676
1678
1673
1675
1674
1684
1685
1686
1687
1680
1681
1682
1693
1694
1695
1688
1689
1690
1691
1913
1915
1919
1918
1907
1906
1909
1908
1911
1910
1902
1903
1883
1882
1881
1887
1886
1885
1875
1874
1872
1879
1878
1866
1864
1871
1869
1859
1856
1863
1852
1855
1854
1848
1850
1847
1846
1841
1840
1836
1837
1838
1839
1833
1834
1835
1830
1831
1824
1825
1826
1827
1823
1822
1821
1820
1819
1818
1817
1816
1815
1813
1812
1811
1810
1809
1808
1806
1807
1804
1802
1803
1801
1799
1796
1797
1794
1795
2033
2034
2035
2039
2040
2042
2043
2045
2046
2047
2017
2019
2018
2020
2023
2022
2024
2027
2026
2029
2028
2030
2000
2001
2006
2007
2010
2011
2008
2009
2014
2015
2013
1987
1986
1985
1984
1990
1989
1988
1995
1992
1999
1998
1997
1996
1972
1973
1975
1969
1970
1971
1981
1982
1983
1976
1978
1956
1959
1958
1954
1965
1964
1967
1961
1963
1942
1940
1941
1939
1936
1937
1950
1951
1948
1949
1944
1945
1927
1924
1923
1921
1920
1933
1932
1931
1930
1929
1928
2200
2203
2204
2205
2206
2207
2192
2193
2194
2195
2196
2197
2198
2199
2187
2186
2189
2188
2191
2190
2179
2181
2180
2183
2182
2234
2238
2239
2236
2237
2226
2227
2224
2225
2230
2231
2229
2219
2218
2223
2222
2221
2210
2208
2215
2212
2268
2269
2271
2264
2265
2266
2267
2260
2261
2262
2263
2256
2259
2252
2255
2254
2249
2251
2244
2241
2240
2243
2242
2301
2298
2299
2296
2297
2294
2295
2293
2291
2288
2289
2287
2286
2285
2283
2282
2280
2279
2276
2275
2274
2272
2067
2066
2069
2068
2071
2070
2073
2075
2077
2048
2051
2052
2053
2054
2055
2057
2060
2061
2063
2107
2106
2105
2110
2083
2080
2084
2133
2135
2134
2128
2140
2143
2142
2136
2139
2116
2118
2119
2112
2113
2114
2115
2125
2127
2120
2122
2123
2167
2166
2165
2164
2162
2161
2160
2173
2172
2171
2169
2168
2150
2151
2148
2149
2146
2147
2144
2145
2158
2159
2157
2154
2155
2152
2153
2810
2811
2808
2809
2815
2812
2813
2800
2801
2806
2804
2805
2795
2794
2793
2792
2798
2797
2796
2785
2784
2791
2790
2789
2788
2776
2777
2778
2779
2781
2782
2770
2771
2772
2773
2774
2775
2761
2760
2762
2764
2767
2766
2755
2754
2757
2756
2759
2758
2615
2613
2612
2611
2610
2623
2622
2621
2620
2619
2616
2675
2673
2672
2679
2676
2683
2682
2680
2686
2684
2658
2659
2657
2662
2663
2660
2661
2666
2667
2665
2670
2671
2668
2669
2641
2643
2642
2647
2646
2649
2653
2655
2654
2624
2625
2626
2627
2628
2630
2631
2632
2633
2634
2636
2637
2639
2989
2991
2985
2984
2987
2981
2983
2982
2977
2976
2979
2978
3006
3007
3000
3001
3002
2997
2999
2992
2993
2994
2995
2959
2958
2957
2953
2950
2947
2946
2944
2974
2975
2972
2973
2970
2968
2969
2966
2967
2965
2962
2960
2961
3049
3048
3051
3050
3053
3052
3055
3054
3041
3040
3043
3042
3045
3044
3047
3064
3065
3056
3059
3060
3061
3062
3018
3017
3016
3023
3011
3009
3015
3014
3013
3034
3035
3032
3038
3039
3036
3037
3024
3025
3030
3031
3028
3029
2853
2854
2855
2849
2851
2861
2863
2856
2857
2859
2868
2867
2866
2877
2879
2878
2873
2872
2874
2822
2820
2821
2819
2817
2830
2828
2829
2827
2824
2838
2837
2836
2835
2834
2833
2832
2847
2846
2844
2843
2842
2841
2912
2913
2915
2916
2917
2918
2919
2921
2922
2923
2924
2925
2927
2929
2928
2931
2934
2937
2936
2939
2941
2882
2883
2880
2881
2887
2884
2885
2890
2891
2888
2894
2895
2892
2893
2899
2898
2896
2903
2902
2900
2907
2906
2905
2904
2911
3284
3285
3286
3287
3281
3282
3283
3292
3295
3288
3289
3290
3291
3318
3314
3315
3312
3313
3327
3325
3321
3303
3302
3301
3300
3299
3297
3296
3310
3307
3306
3305
3527
3525
3524
3523
3522
3520
3534
3533
3532
3529
3528
3536
3537
3459
3458
3457
3456
3462
3461
3460
3466
3465
3464
3471
3470
3474
3475
3472
3479
3477
3483
3480
3481
3487
3484
3485
3489
3488
3493
3492
3494
3496
3501
3500
3502
3504
3505
3506
3507
3508
3510
3511
3512
3513
3514
3515
3516
3517
3518
3519
3406
3407
3404
3405
3402
3400
3401
3398
3399
3397
3394
3395
3392
3393
3422
3417
3416
3415
3412
3411
3436
3437
3438
3433
3434
3435
3428
3430
3431
3425
3427
3452
3455
3454
3449
3448
3451
3445
3444
3441
3440
3443
3442
3338
3339
3336
3337
3342
3343
3340
3341
3330
3328
3329
3334
3335
3333
3354
3353
3352
3359
3358
3357
3347
3346
3344
3351
3350
3349
3348
3368
3369
3370
3372
3373
3375
3360
3361
3362
3365
3367
3385
3384
3387
3386
3389
3388
3390
3377
3376
3378
3380
3383
3382
