956
952
954
955
951
944
946
943
942
937
936
939
938
932
935
934
929
928
931
930
926
927
924
925
922
923
920
918
919
916
917
915
911
910
909
908
907
906
904
902
901
900
899
898
1016
1017
1019
1020
1021
1022
1008
1009
1010
1011
1012
1013
1014
1015
1001
1000
1003
1005
1004
1007
1006
993
992
994
997
996
999
998
986
987
984
985
990
991
988
978
976
982
980
981
970
968
973
972
963
962
960
967
966
965
964
1101
1102
1103
1096
1097
1098
1099
1092
1094
1088
1089
1090
1091
1117
1116
1119
1113
1114
1111
1110
1104
1107
1106
1135
1132
1133
1130
1128
1129
1127
1124
1125
1122
1123
1121
1151
1150
1149
1146
1145
1143
1142
1141
1139
1138
1136
1032
1033
1036
1037
1024
1025
1026
1027
1029
1030
1031
1049
1048
1051
1050
1053
1052
1055
1041
1040
1042
1045
1047
1066
1067
1065
1070
1071
1068
1069
1058
1059
1056
1057
1060
1061
1083
1082
1081
1080
1087
1085
1084
1075
1074
1072
1079
1078
1077
1076
1221
1222
1217
1216
1219
1218
1229
1228
1231
1230
1224
1226
1236
1237
1238
1239
1232
1233
1234
1244
1245
1246
1240
1241
1242
1243
1249
1248
1270
1271
1278
1279
1276
1277
1274
1275
1272
1153
1152
1154
1157
1156
1159
1158
1161
1160
1163
1162
1165
1164
1168
1169
1170
1171
1172
1173
1174
1175
1176
1178
1180
1181
1182
1183
1187
1186
1185
1184
1190
1189
1195
1194
1193
1199
1198
1197
1196
1202
1203
1200
1201
1206
1207
1204
1205
1210
1211
1208
1209
1215
1212
1404
1407
1406
1401
1400
1403
1402
1399
1306
1305
1304
1311
1310
1308
1299
1297
1296
1302
1301
1300
1290
1291
1288
1289
1294
1295
1292
1293
1282
1283
1280
1281
1286
1284
1285
1320
1321
1323
1313
1314
1315
1316
1317
1319
1494
1495
1492
1493
1490
1491
1488
1489
1502
1503
1500
1501
1498
1499
1496
1497
1478
1477
1475
1474
1473
1472
1487
1486
1485
1484
1482
1481
1480
1525
1526
1527
1520
1521
1522
1523
1532
1534
1535
1528
1529
1530
1531
1509
1511
1505
1504
1507
1506
1517
1516
1519
1513
1514
1426
1427
1424
1425
1430
1428
1429
1434
1435
1432
1433
1438
1439
1437
1411
1410
1409
1408
1414
1413
1412
1418
1417
1423
1421
1420
1456
1457
1458
1459
1462
1463
1464
1466
1467
1471
1441
1440
1443
1445
1444
1447
1446
1449
1451
1450
1453
1455
1454
1548
1549
1550
1551
1544
1545
1546
1547
1541
1542
1537
1538
1539
1557
1556
1553
1552
1555
1554
1763
1762
1761
1760
1767
1766
1765
1771
1769
1775
1773
1772
1776
1782
1780
1781
1787
1784
1785
1791
1788
1789
1730
1733
1735
1734
1737
1741
1740
1743
1742
1744
1745
1746
1753
1756
1757
1758
1703
1702
1701
1700
1698
1697
1709
1707
1705
1704
1719
1716
1714
1715
1712
1713
1726
1727
1724
1725
1722
1721
1677
1676
1673
1672
1675
1684
1685
1686
1687
1681
1682
1683
1692
1693
1695
1688
1689
1690
1691
1912
1914
1917
1919
1918
1906
1909
1908
1911
1910
1902
1903
1882
1881
1880
1887
1886
1885
1884
1875
1879
1878
1877
1866
1864
1865
1870
1871
1868
1869
1859
1856
1857
1862
1860
1852
1855
1845
1840
1836
1837
1833
1834
1829
1830
1831
1824
1825
1826
1827
1821
1820
1819
1817
1812
1811
1810
1808
1807
1804
1802
1800
1798
1799
1796
1797
1794
1795
1793
2032
2033
2034
2035
2036
2037
2039
2040
2043
2044
2045
2046
2047
2019
2018
2021
2023
2022
2024
2027
2026
2029
2031
2030
2002
2003
2000
2001
2007
2010
2011
2009
2014
2015
2012
2013
1987
1986
1984
1989
1988
1995
1992
1999
1996
1972
1973
1975
1969
1970
1971
1980
1981
1976
1978
1979
1957
1956
1959
1958
1953
1965
1964
1967
1966
1961
1963
1942
1943
1941
1938
1939
1936
1937
1950
1951
1948
1949
1947
1945
1927
1926
1925
1924
1922
1921
1920
1935
1934
1931
1930
1929
1928
2202
2203
2204
2205
2207
2193
2194
2197
2199
2189
2188
2191
2190
2179
2178
2181
2183
2182
2234
2232
2233
2238
2239
2237
2226
2227
2224
2225
2230
2231
2228
2229
2219
2216
2223
2221
2220
2211
2210
2209
2208
2215
2212
2268
2269
2270
2271
2264
2266
2267
2260
2261
2262
2263
2257
2258
2259
2253
2252
2255
2249
2251
2250
2245
2246
2241
2243
2242
2302
2303
2301
2298
2299
2296
2297
2294
2295
2293
2290
2291
2289
2287
2286
2285
2284
2283
2282
2281
2280
2279
2277
2272
2064
2067
2069
2068
2071
2070
2072
2077
2079
2049
2051
2053
2054
2055
2057
2059
2060
2062
2107
2106
2105
2104
2111
2110
2109
2082
2083
2084
2132
2135
2134
2128
2131
2130
2141
2140
2143
2142
2137
2136
2139
2116
2117
2118
2119
2112
2114
2115
2125
2127
2120
2121
2122
2123
2166
2165
2163
2162
2161
2160
2175
2172
2171
2170
2169
2168
2150
2151
2148
2146
2147
2144
2145
2158
2159
2156
2157
2155
2152
2153
2810
2809
2815
2812
2802
2800
2801
2806
2807
2805
2795
2793
2792
2798
2796
2784
2790
2789
2788
2776
2777
2778
2780
2781
2782
2783
2768
2770
2771
2772
2773
2761
2760
2763
2762
2765
2764
2767
2766
2757
2756
2759
2758
2615
2613
2612
2611
2610
2609
2622
2621
2620
2619
2675
2672
2679
2678
2677
2676
2683
2681
2680
2687
2686
2685
2658
2659
2657
2662
2663
2660
2661
2666
2664
2665
2670
2671
2640
2643
2642
2644
2647
2646
2649
2653
2652
2624
2625
2627
2628
2629
2630
2632
2633
2634
2635
2639
2989
2991
2990
2984
2987
2986
2980
2976
2979
3006
3007
3000
3001
3002
2996
2997
2998
2999
2992
2993
2994
2959
2958
2957
2953
2952
2950
2947
2946
2945
2944
2975
2972
2973
2970
2971
2968
2969
2966
2967
2965
2963
2960
2961
3049
3048
3051
3050
3053
3052
3054
3043
3045
3044
3047
3046
3064
3066
3056
3058
3059
3060
3062
3019
3018
3017
3016
3023
3022
3021
3020
3011
3008
3015
3014
3013
3012
3035
3032
3033
3038
3039
3036
3037
3026
3027
3024
3025
3030
3031
3028
3029
2852
2854
2855
2848
2849
2850
2851
2860
2862
2863
2856
2858
2859
2869
2868
2871
2870
2865
2864
2867
2866
2877
2876
2879
2873
2872
2875
2874
2822
2820
2818
2819
2817
2829
2826
2824
2825
2839
2837
2836
2835
2834
2833
2832
2847
2845
2842
2841
2912
2913
2915
2916
2918
2919
2920
2922
2924
2926
2929
2928
2932
2935
2934
2937
2938
2941
2940
2943
2883
2880
2881
2886
2887
2885
2890
2891
2888
2889
2894
2895
2892
2893
2899
2897
2896
2903
2902
2901
2900
2907
2906
2905
2904
2911
3284
3285
3286
3287
3281
3282
3283
3292
3293
3294
3295
3288
3289
3290
3318
3316
3317
3314
3315
3312
3313
3324
3325
3322
3323
3320
3321
3300
3299
3298
3296
3310
3309
3307
3306
3305
3304
3526
3524
3523
3521
3520
3534
3533
3532
3530
3529
3528
3537
3459
3458
3456
3463
3462
3461
3460
3465
3464
3471
3474
3475
3472
3473
3479
3482
3483
3481
3486
3487
3484
3485
3489
3488
3490
3493
3492
3495
3494
3497
3496
3499
3501
3500
3503
3502
3504
3505
3506
3507
3509
3511
3512
3513
3514
3515
3516
3517
3518
3519
3406
3407
3404
3405
3402
3403
3400
3401
3398
3399
3396
3397
3394
3392
3423
3422
3421
3419
3417
3416
3415
3412
3411
3410
3409
3408
3436
3437
3432
3433
3434
3435
3429
3430
3424
3427
3453
3452
3455
3454
3449
3448
3451
3445
3444
3447
3441
3440
3443
3339
3336
3337
3342
3340
3341
3330
3331
3334
3335
3333
3354
3352
3358
3357
3347
3346
3345
3344
3349
3348
3368
3369
3372
3373
3374
3360
3361
3362
3365
3366
3385
3384
3387
3386
3389
3388
3390
3377
3378
3381
3380
3383
3382
