956
954
944
946
929
926
922
901
898
1016
1017
1008
992
998
962
1097
1091
1117
1116
1118
1114
1135
1132
1133
1146
1145
1030
1052
1043
1045
1047
1065
1070
1068
1058
1056
1073
1220
1223
1219
1227
1226
1233
1247
1241
1249
1270
1276
1275
1155
1161
1168
1178
1183
1187
1190
1195
1193
1199
1198
1206
1208
1209
1214
1405
1404
1407
1403
1304
1309
1296
1303
1295
1282
1280
1315
1316
1317
1494
1502
1501
1496
1479
1474
1525
1522
1535
1528
1530
1531
1509
1508
1504
1506
1517
1514
1427
1424
1430
1439
1413
1460
1446
1451
1453
1455
1548
1544
1539
1557
1555
1554
1762
1777
1782
1783
1733
1732
1736
1739
1751
1757
1759
1704
1713
1676
1673
1675
1681
1682
1690
1691
1917
1919
1909
1902
1878
1865
1871
1855
1841
1837
1830
1825
1815
1808
1805
1801
1797
1794
1792
2032
2036
2042
2020
2025
2001
2006
2009
1987
1985
1990
1999
1996
1970
1971
1982
1956
1959
1958
1942
2202
2205
2199
2186
2181
2182
2233
2236
2228
2217
2216
2223
2221
2208
2215
2214
2270
2256
2243
2242
2300
2298
2297
2286
2285
2275
2071
2072
2075
2079
2104
2083
2133
2132
2143
2112
2127
2121
2123
2162
2161
2170
2144
2156
2157
2153
2802
2794
2798
2796
2776
2779
2767
2758
2616
2686
2658
2663
2665
2671
2642
2649
2654
2636
2986
2983
2978
3007
3000
2999
2958
2953
2947
2973
2962
3040
3043
3045
3047
3058
3059
3060
3061
3018
3017
3035
3039
3027
3025
3028
2862
2863
2856
2869
2867
2878
2818
2831
2828
2824
2838
2834
2843
2926
2927
2938
2941
2889
2899
2902
3281
3293
3294
3288
3314
3327
3325
3322
3302
3298
3307
3304
3534
3532
3530
3528
3459
3456
3463
3466
3475
3472
3477
3487
3484
3489
3491
3493
3504
3516
3517
3518
3519
3398
3397
3392
3393
3418
3411
3409
3436
3432
3434
3454
3445
3336
3330
3328
3329
3359
3346
3351
3350
3369
3373
3364
3365
3366
3387
3388
3390
3378
3380
