958
952
948
949
951
944
945
946
947
940
943
936
938
933
932
935
934
929
928
931
930
926
925
923
920
918
917
915
912
910
909
907
905
904
903
902
901
900
898
1016
1017
1018
1019
1020
1021
1022
1008
1009
1010
1011
1013
1014
1001
1000
1002
1005
1004
1007
993
997
998
984
985
990
989
978
979
982
983
980
981
971
970
968
975
974
973
972
963
961
960
967
966
965
964
1100
1101
1102
1103
1096
1097
1099
1092
1093
1094
1095
1088
1089
1090
1091
1117
1116
1119
1118
1113
1115
1114
1109
1108
1111
1110
1105
1104
1106
1134
1135
1132
1133
1128
1129
1126
1127
1124
1125
1122
1123
1121
1151
1149
1148
1147
1145
1144
1143
1142
1141
1140
1137
1136
1032
1033
1034
1035
1036
1037
1038
1024
1025
1026
1027
1028
1029
1030
1031
1049
1048
1051
1050
1053
1052
1055
1054
1041
1040
1043
1042
1045
1044
1047
1046
1066
1067
1064
1068
1069
1058
1059
1057
1063
1060
1061
1083
1082
1081
1080
1087
1086
1085
1084
1075
1074
1079
1078
1077
1076
1221
1220
1223
1216
1219
1229
1228
1231
1230
1224
1227
1226
1236
1237
1238
1239
1233
1234
1235
1244
1245
1246
1247
1240
1241
1243
1250
1249
1248
1271
1278
1279
1276
1275
1273
1153
1152
1155
1154
1157
1156
1159
1158
1161
1163
1162
1165
1164
1167
1166
1168
1169
1170
1172
1173
1174
1175
1177
1179
1180
1181
1183
1187
1189
1188
1195
1194
1193
1199
1198
1197
1196
1202
1203
1200
1201
1206
1204
1210
1211
1208
1209
1215
1212
1213
1405
1404
1407
1406
1400
1403
1402
1399
1305
1311
1310
1309
1299
1298
1297
1296
1303
1302
1301
1290
1291
1288
1289
1294
1295
1292
1293
1281
1287
1284
1285
1320
1322
1312
1313
1314
1315
1316
1318
1319
1495
1492
1493
1489
1503
1500
1501
1499
1496
1497
1479
1477
1476
1475
1474
1473
1472
1487
1485
1484
1483
1482
1524
1525
1526
1520
1521
1522
1523
1532
1534
1535
1528
1529
1509
1508
1505
1504
1507
1506
1517
1519
1518
1512
1514
1427
1424
1430
1431
1428
1429
1435
1432
1438
1439
1436
1437
1410
1409
1415
1413
1412
1419
1418
1417
1416
1422
1457
1458
1459
1460
1461
1463
1464
1465
1466
1467
1468
1469
1471
1441
1440
1443
1442
1445
1444
1447
1446
1449
1448
1451
1450
1453
1452
1455
1454
1549
1550
1544
1545
1540
1541
1543
1536
1538
1539
1557
1553
1552
1555
1554
1763
1762
1767
1766
1765
1764
1768
1775
1773
1772
1779
1776
1777
1783
1781
1786
1787
1784
1785
1790
1791
1788
1789
1729
1733
1732
1735
1734
1737
1736
1739
1738
1741
1743
1742
1744
1745
1746
1747
1748
1749
1751
1752
1753
1756
1758
1759
1703
1702
1701
1699
1698
1697
1696
1711
1710
1709
1706
1705
1704
1718
1719
1716
1717
1715
1712
1713
1727
1724
1722
1720
1721
1676
1678
1673
1684
1685
1686
1687
1680
1681
1682
1683
1692
1693
1695
1690
1913
1915
1917
1919
1918
1904
1907
1906
1909
1908
1910
1902
1903
1883
1882
1881
1880
1887
1886
1884
1875
1874
1877
1876
1864
1865
1870
1871
1868
1869
1858
1859
1856
1863
1860
1848
1851
1850
1847
1841
1840
1836
1838
1833
1828
1829
1830
1831
1824
1825
1826
1827
1821
1820
1819
1818
1817
1816
1812
1810
1808
1804
1805
1802
1803
1800
1801
1799
1796
1797
1794
1792
1793
2032
2034
2035
2036
2037
2038
2039
2040
2042
2043
2044
2046
2047
2017
2019
2018
2021
2020
2023
2024
2027
2029
2028
2031
2002
2003
2000
2001
2006
2007
2010
2011
2008
2009
2015
1990
1989
1988
1995
1992
1999
1997
1996
1973
1975
1969
1970
1971
1980
1981
1982
1983
1976
1978
1979
1957
1956
1959
1958
1953
1955
1954
1965
1964
1967
1966
1961
1963
1942
1943
1940
1941
1938
1939
1936
1950
1951
1948
1949
1947
1944
1945
1927
1924
1923
1920
1935
1934
1932
1931
1930
1929
1928
2200
2201
2203
2204
2205
2206
2207
2193
2194
2196
2197
2198
2199
2185
2184
2187
2186
2188
2191
2190
2181
2180
2183
2182
2234
2235
2233
2239
2236
2237
2226
2227
2224
2230
2231
2228
2229
2219
2218
2217
2216
2223
2222
2221
2220
2210
2209
2208
2214
2213
2212
2268
2269
2270
2271
2264
2265
2266
2267
2260
2261
2262
2257
2258
2259
2253
2252
2255
2254
2249
2248
2251
2250
2245
2244
2247
2246
2241
2240
2243
2242
2302
2303
2301
2298
2299
2296
2294
2295
2292
2293
2290
2288
2289
2287
2286
2285
2284
2283
2282
2280
2279
2277
2276
2274
2272
2064
2066
2068
2071
2070
2073
2075
2077
2079
2078
2048
2050
2051
2052
2053
2054
2055
2057
2058
2060
2061
2063
2107
2106
2105
2104
2111
2110
2109
2082
2083
2081
2084
2133
2132
2135
2134
2128
2130
2141
2140
2142
2137
2136
2139
2118
2119
2113
2114
2115
2124
2125
2127
2120
2121
2123
2167
2166
2165
2164
2163
2162
2161
2160
2173
2172
2169
2168
2150
2148
2146
2147
2144
2145
2158
2159
2156
2154
2155
2153
2810
2811
2809
2815
2812
2813
2802
2803
2801
2806
2804
2805
2795
2794
2798
2797
2796
2787
2786
2785
2791
2790
2789
2788
2777
2778
2779
2780
2781
2782
2783
2768
2773
2774
2761
2760
2763
2764
2767
2766
2755
2754
2759
2758
2615
2613
2611
2610
2609
2608
2623
2622
2621
2620
2619
2616
2675
2673
2672
2679
2677
2683
2682
2681
2680
2687
2686
2685
2684
2659
2657
2662
2663
2660
2666
2670
2668
2669
2641
2640
2643
2642
2645
2644
2647
2646
2649
2648
2653
2652
2655
2654
2624
2626
2627
2628
2629
2630
2631
2632
2633
2634
2635
2636
2637
2639
2989
2991
2985
2984
2987
2986
2981
2977
2976
2979
2978
3006
3007
3000
3001
3002
2997
2998
2999
2992
2993
2994
2995
2959
2958
2957
2953
2952
2951
2945
2944
2974
2973
2970
2971
2968
2969
2966
2967
2962
2963
2960
2961
3049
3048
3051
3050
3053
3052
3054
3041
3040
3043
3042
3044
3047
3064
3065
3066
3056
3058
3059
3060
3061
3062
3063
3018
3017
3016
3023
3021
3020
3011
3009
3008
3015
3014
3013
3012
3035
3032
3033
3038
3039
3036
3037
3026
3027
3025
3031
3028
3029
2852
2853
2848
2849
2850
2851
2860
2861
2862
2863
2856
2869
2868
2871
2870
2865
2864
2867
2879
2878
2872
2875
2820
2821
2818
2817
2831
2828
2829
2826
2827
2824
2825
2839
2838
2837
2836
2835
2834
2833
2847
2846
2845
2844
2843
2842
2840
2912
2913
2915
2919
2920
2922
2923
2925
2926
2927
2931
2933
2932
2935
2937
2939
2938
2941
2940
2943
2882
2883
2880
2881
2886
2887
2884
2885
2888
2889
2894
2895
2898
2897
2896
2903
2902
2901
2907
2906
2905
2910
3284
3285
3286
3287
3281
3292
3293
3295
3288
3289
3290
3291
3318
3316
3314
3315
3313
3327
3324
3322
3323
3303
3302
3301
3300
3299
3298
3296
3311
3310
3309
3307
3306
3305
3304
3527
3526
3523
3522
3520
3535
3534
3533
3532
3531
3530
3529
3528
3536
3458
3457
3456
3463
3462
3460
3466
3471
3470
3468
3474
3475
3473
3478
3479
3477
3482
3480
3481
3486
3484
3488
3491
3490
3492
3495
3494
3497
3496
3499
3498
3501
3504
3505
3507
3508
3510
3511
3512
3516
3517
3518
3519
3406
3407
3404
3402
3403
3400
3398
3396
3397
3394
3395
3393
3418
3416
3415
3412
3411
3410
3409
3408
3436
3437
3438
3432
3434
3435
3428
3429
3430
3424
3425
3427
3453
3455
3451
3450
3446
3440
3443
3442
3338
3336
3343
3340
3341
3330
3331
3329
3334
3335
3333
3354
3358
3357
3347
3346
3345
3350
3349
3348
3368
3369
3372
3374
3360
3363
3365
3366
3367
3385
3387
3386
3388
3391
3390
3377
3376
3378
3381
3383
3382
