949
950
951
945
942
932
935
931
926
922
919
915
910
906
901
898
1016
1020
1021
1009
1015
1004
1006
985
990
979
976
981
964
1103
1134
1133
1131
1150
1148
1146
1145
1144
1143
1141
1139
1136
1033
1035
1036
1029
1048
1054
1041
1040
1043
1058
1057
1083
1081
1079
1225
1233
1245
1248
1277
1274
1154
1159
1160
1164
1169
1170
1171
1173
1176
1178
1180
1181
1190
1189
1193
1200
1201
1205
1214
1213
1405
1403
1399
1304
1289
1294
1281
1286
1312
1314
1318
1495
1490
1498
1533
1528
1509
1510
1516
1519
1427
1428
1432
1436
1415
1414
1412
1441
1440
1444
1454
1546
1540
1543
1763
1766
1771
1770
1768
1775
1773
1776
1784
1790
1791
1789
1729
1732
1736
1738
1752
1756
1703
1710
1708
1717
1712
1713
1676
1675
1913
1914
1906
1886
1874
1879
1868
1863
1852
1845
1846
1840
1836
1837
1834
1829
1826
1815
1805
1796
2032
2036
2043
2044
2017
2022
2024
2026
2031
2000
2015
1990
1997
1969
1976
1954
1939
1936
1950
1947
1927
1924
1923
2200
2202
2194
2198
2186
2181
2235
2238
2230
2217
2221
2209
2269
2264
2266
2259
2255
2244
2246
2240
2303
2300
2301
2298
2294
2288
2286
2284
2272
2072
2078
2053
2104
2083
2081
2132
2131
2143
2118
2113
2115
2127
2167
2158
2153
2815
2800
2804
2805
2794
2787
2790
2776
2778
2774
2764
2766
2754
2615
2608
2620
2619
2616
2673
2679
2667
2671
2669
2649
2653
2655
2626
2630
2634
2636
2985
2986
2977
2996
2997
2952
2950
2946
2973
2965
2961
3048
3043
3056
3060
3023
3022
3015
3024
2852
2854
2849
2857
2868
2878
2818
2817
2826
2839
2838
2835
2845
2844
2840
2912
2918
2929
2941
2943
2889
2893
2899
2898
2903
2901
3293
3295
3315
3327
3323
3303
3302
3298
3310
3524
3521
3534
3530
3536
3460
3470
3474
3477
3488
3490
3493
3503
3509
3516
3407
3405
3400
3396
3431
3424
3427
3452
3455
3449
3450
3445
3440
3341
3331
3333
3346
3344
3372
3374
3375
3362
3386
