958
953
949
944
937
932
935
934
927
922
923
909
907
902
901
898
1016
1012
1015
993
996
998
970
972
967
965
1102
1099
1093
1090
1118
1104
1107
1130
1128
1124
1120
1150
1149
1148
1145
1140
1033
1039
1026
1031
1048
1040
1043
1044
1067
1064
1069
1058
1082
1087
1074
1079
1076
1219
1218
1229
1228
1224
1226
1234
1244
1240
1250
1248
1273
1152
1159
1175
1181
1199
1196
1207
1214
1297
1290
1289
1295
1286
1323
1494
1497
1479
1475
1472
1485
1483
1524
1525
1521
1523
1532
1530
1531
1511
1518
1430
1428
1437
1409
1414
1412
1421
1420
1457
1461
1469
1442
1444
1448
1452
1454
1547
1542
1553
1769
1780
1787
1735
1747
1753
1757
1696
1711
1719
1724
1720
1677
1676
1679
1685
1692
1688
1915
1883
1880
1877
1858
1854
1851
1834
1818
1813
1810
1809
1802
1803
1800
1799
2034
2038
2039
2017
2020
2001
2006
2008
2015
1987
1986
1969
1980
1956
1953
1965
1961
1938
1949
1944
1927
1932
1931
1928
2207
2194
2197
2186
2182
2235
2233
2226
2231
2222
2221
2220
2211
2215
2213
2260
2263
2257
2259
2254
2247
2243
2301
2292
2288
2289
2285
2282
2275
2078
2052
2133
2128
2130
2116
2172
2168
2149
2145
2157
2813
2804
2795
2794
2793
2792
2786
2785
2783
2761
2760
2762
2767
2754
2757
2613
2611
2619
2675
2678
2685
2684
2662
2663
2660
2661
2671
2668
2641
2643
2642
2654
2625
2628
2636
2639
2980
2976
2978
3006
3000
2994
2995
2952
2973
2968
2963
3053
3041
3047
3046
3064
3056
3060
3062
3021
3010
3012
3035
3039
3031
2852
2853
2854
2848
2849
2851
2871
2877
2820
2831
2829
2832
2842
2919
2922
2927
2939
2938
2882
2883
2880
2887
2884
2890
2888
2899
3287
3292
3288
3291
3316
3317
3325
3320
3298
3305
3531
3536
3537
3461
3470
3480
3490
3493
3504
3514
3406
3405
3400
3421
3416
3411
3437
3429
3425
3455
3448
3451
3441
3443
3442
3342
3341
3346
3348
3374
3375
3363
3365
3366
3378
3380
