945
940
943
935
912
905
904
1017
1019
1021
1012
1004
992
999
990
989
976
970
968
972
967
1103
1099
1116
1109
1108
1105
1104
1130
1128
1121
1151
1144
1136
1027
1051
1050
1041
1042
1047
1064
1058
1059
1057
1085
1073
1072
1079
1220
1217
1229
1226
1238
1245
1242
1249
1248
1278
1276
1272
1273
1154
1159
1173
1174
1175
1181
1194
1210
1208
1212
1407
1406
1304
1303
1290
1289
1293
1280
1285
1320
1313
1319
1492
1502
1473
1481
1524
1526
1520
1508
1511
1505
1516
1432
1433
1438
1410
1409
1413
1421
1460
1470
1441
1450
1550
1551
1543
1765
1781
1784
1791
1788
1731
1733
1736
1741
1745
1747
1749
1756
1758
1705
1718
1717
1715
1721
1679
1683
1693
1689
1912
1902
1883
1872
1852
1854
1846
1841
1837
1824
1820
1813
1810
1805
1799
1796
1794
1792
2034
2039
2047
2023
2000
2007
2011
2009
2012
1987
1985
1984
1992
1975
1978
1954
1961
1963
1942
1938
1951
1944
1925
1924
1923
1935
1928
2193
2189
2239
2230
2216
2220
2213
2263
2256
2257
2259
2248
2250
2246
2302
2291
2287
2284
2279
2274
2272
2066
2079
2050
2063
2109
2135
2128
2115
2124
2172
2171
2151
2146
2809
2802
2804
2795
2792
2798
2797
2796
2786
2789
2773
2761
2760
2754
2757
2609
2608
2623
2622
2678
2676
2684
2662
2666
2645
2644
2654
2634
2635
2984
2987
2980
2976
2997
2998
2992
2994
2969
2965
3042
3045
3065
3060
3061
3062
3063
3019
3023
3015
3033
3038
3037
3028
2852
2853
2854
2851
2863
2859
2864
2866
2877
2879
2819
2836
2834
2844
2841
2916
2918
2919
2923
2925
2938
2894
2892
2911
3285
3283
3293
3318
3313
3304
3527
3526
3536
3463
3466
3464
3468
3483
3480
3485
3491
3495
3510
3516
3407
3422
3421
3409
3434
3435
3430
3453
3455
3454
3449
3448
3444
3446
3440
3342
3340
3333
3353
3352
3346
3368
3370
3387
3390
3377
3376
3383
