956
958
952
954
955
948
949
950
944
946
940
942
937
936
938
933
934
929
928
931
930
927
922
923
920
916
912
911
910
908
907
906
904
903
902
901
900
899
898
1016
1017
1018
1019
1021
1023
1008
1009
1013
1014
1015
1001
1000
1003
1002
1005
1007
992
995
997
996
998
986
984
985
990
978
979
976
982
983
980
981
971
968
975
974
973
972
963
962
961
960
967
966
964
1101
1102
1103
1096
1097
1099
1093
1089
1091
1117
1116
1118
1113
1112
1109
1108
1111
1110
1104
1106
1135
1130
1131
1128
1129
1126
1127
1124
1125
1122
1123
1120
1121
1151
1150
1147
1146
1144
1143
1142
1141
1140
1139
1138
1137
1136
1032
1033
1034
1035
1036
1038
1039
1024
1025
1026
1030
1048
1051
1050
1053
1052
1055
1041
1040
1043
1042
1045
1047
1046
1066
1067
1064
1065
1070
1071
1068
1069
1058
1059
1056
1057
1061
1082
1081
1080
1087
1074
1073
1072
1079
1078
1077
1076
1221
1220
1223
1222
1217
1219
1218
1229
1228
1231
1230
1225
1224
1227
1226
1236
1237
1238
1239
1232
1233
1234
1244
1246
1247
1240
1241
1242
1249
1248
1270
1271
1278
1277
1274
1272
1273
1153
1152
1154
1157
1156
1159
1158
1161
1160
1163
1162
1165
1164
1167
1166
1168
1169
1170
1171
1172
1173
1175
1176
1177
1179
1180
1181
1182
1183
1187
1186
1185
1184
1191
1189
1188
1194
1198
1197
1196
1202
1203
1200
1201
1206
1207
1204
1205
1211
1208
1209
1215
1212
1213
1405
1406
1401
1400
1403
1399
1305
1304
1311
1310
1309
1308
1299
1297
1302
1301
1300
1290
1288
1289
1294
1295
1292
1282
1283
1280
1281
1286
1287
1284
1285
1320
1321
1322
1323
1312
1313
1314
1315
1316
1317
1318
1495
1492
1493
1490
1491
1488
1489
1502
1503
1501
1498
1499
1496
1497
1478
1476
1474
1473
1487
1484
1482
1481
1480
1524
1525
1526
1527
1520
1521
1522
1523
1533
1534
1535
1528
1530
1531
1509
1508
1511
1504
1507
1517
1516
1519
1518
1512
1426
1428
1429
1433
1438
1436
1437
1411
1410
1409
1415
1413
1417
1416
1422
1420
1456
1457
1458
1459
1460
1461
1463
1464
1466
1468
1469
1470
1471
1441
1440
1443
1442
1445
1444
1447
1449
1451
1450
1453
1455
1454
1548
1549
1550
1551
1544
1545
1546
1547
1540
1537
1538
1539
1556
1553
1552
1555
1763
1762
1760
1767
1766
1764
1771
1770
1769
1768
1775
1772
1779
1777
1782
1783
1781
1786
1785
1790
1791
1788
1789
1731
1730
1733
1732
1734
1736
1739
1738
1741
1743
1744
1745
1746
1747
1748
1749
1750
1751
1752
1756
1757
1758
1759
1703
1702
1701
1699
1698
1697
1696
1711
1709
1707
1704
1719
1716
1717
1712
1713
1726
1727
1724
1725
1722
1720
1721
1676
1679
1678
1673
1672
1675
1674
1684
1686
1687
1681
1682
1692
1693
1694
1688
1689
1690
1691
1915
1914
1917
1919
1918
1904
1907
1906
1909
1908
1911
1910
1903
1883
1882
1881
1880
1887
1886
1885
1884
1875
1874
1872
1879
1878
1877
1866
1864
1865
1870
1871
1868
1869
1858
1856
1862
1863
1860
1852
1855
1854
1848
1851
1850
1841
1840
1836
1837
1838
1839
1833
1834
1835
1828
1824
1825
1826
1827
1823
1822
1821
1820
1819
1818
1817
1816
1815
1812
1811
1810
1809
1808
1807
1802
1800
1801
1798
1796
1797
1794
1795
1792
1793
2033
2034
2035
2036
2037
2040
2042
2043
2044
2046
2047
2017
2019
2021
2020
2023
2025
2024
2027
2026
2028
2031
2030
2003
2000
2006
2007
2011
2008
2009
2014
2015
2013
1987
1985
1984
1990
1989
1995
1992
1999
1998
1997
1996
1975
1969
1970
1971
1980
1981
1983
1976
1978
1979
1957
1956
1958
1953
1955
1954
1965
1964
1967
1966
1961
1963
1943
1941
1938
1936
1937
1951
1948
1949
1947
1944
1945
1926
1925
1922
1921
1920
1934
1931
1930
1929
1928
2200
2201
2202
2203
2204
2206
2207
2192
2193
2194
2195
2197
2198
2184
2187
2186
2189
2188
2190
2179
2178
2181
2180
2183
2182
2234
2232
2233
2238
2239
2236
2237
2227
2224
2230
2231
2228
2218
2217
2216
2223
2222
2221
2220
2211
2210
2208
2214
2213
2269
2270
2264
2265
2266
2267
2260
2261
2262
2256
2257
2258
2259
2253
2252
2255
2254
2249
2248
2251
2244
2247
2246
2242
2302
2303
2300
2301
2296
2297
2294
2292
2293
2290
2291
2288
2289
2287
2286
2285
2284
2283
2282
2281
2277
2276
2275
2274
2272
2064
2069
2068
2071
2073
2072
2075
2079
2048
2050
2051
2052
2053
2054
2055
2058
2059
2060
2061
2062
2063
2107
2106
2105
2104
2111
2110
2109
2083
2080
2081
2084
2133
2132
2135
2134
2128
2131
2130
2141
2140
2143
2142
2136
2139
2116
2118
2119
2113
2114
2115
2124
2125
2127
2121
2122
2167
2166
2165
2164
2163
2161
2160
2175
2173
2172
2171
2170
2169
2168
2150
2151
2149
2146
2147
2144
2145
2156
2157
2154
2155
2153
2810
2808
2809
2812
2802
2803
2801
2806
2807
2804
2805
2795
2794
2793
2799
2798
2797
2796
2787
2786
2785
2784
2791
2789
2788
2776
2777
2778
2780
2781
2782
2783
2768
2771
2772
2773
2775
2763
2762
2765
2764
2767
2766
2755
2754
2756
2759
2758
2613
2612
2610
2609
2608
2622
2621
2619
2616
2675
2673
2672
2679
2678
2677
2676
2683
2682
2681
2687
2686
2685
2658
2659
2657
2662
2663
2660
2666
2667
2665
2670
2671
2669
2641
2640
2643
2642
2644
2647
2646
2649
2648
2653
2652
2655
2654
2624
2625
2626
2627
2629
2630
2631
2632
2633
2634
2637
2991
2990
2985
2984
2987
2986
2981
2980
2977
2976
2979
2978
3006
3007
3000
3002
2996
2997
2998
2999
2992
2993
2994
2959
2958
2957
2953
2952
2951
2950
2946
2944
2974
2972
2973
2970
2968
2966
2967
2965
2960
2961
3049
3048
3051
3050
3053
3052
3055
3054
3040
3043
3042
3045
3044
3047
3046
3064
3065
3066
3056
3058
3059
3060
3062
3063
3018
3016
3023
3021
3020
3010
3009
3008
3015
3014
3013
3012
3032
3033
3039
3036
3026
3027
3024
3025
3030
3031
3029
2853
2854
2855
2849
2850
2851
2860
2861
2862
2863
2857
2858
2869
2868
2871
2870
2865
2864
2867
2866
2876
2879
2878
2872
2875
2822
2823
2820
2818
2819
2817
2831
2828
2829
2826
2827
2824
2839
2838
2837
2836
2835
2834
2833
2847
2844
2843
2842
2841
2840
2912
2916
2917
2919
2920
2921
2922
2923
2924
2925
2926
2929
2928
2931
2933
2935
2934
2937
2936
2939
2938
2941
2940
2943
2882
2883
2880
2886
2887
2884
2885
2890
2888
2889
2894
2895
2892
2893
2899
2898
2897
2896
2902
2901
2907
2906
2904
2911
2910
3285
3286
3287
3281
3282
3283
3292
3293
3294
3288
3290
3318
3316
3317
3314
3315
3312
3327
3325
3322
3323
3320
3321
3303
3302
3301
3297
3296
3311
3310
3309
3307
3306
3305
3526
3525
3524
3523
3522
3521
3520
3535
3534
3532
3531
3530
3529
3528
3536
3537
3459
3458
3457
3456
3462
3460
3466
3465
3464
3471
3470
3475
3472
3478
3479
3482
3483
3480
3481
3489
3488
3491
3490
3494
3497
3499
3498
3500
3503
3502
3504
3506
3507
3508
3510
3511
3512
3513
3514
3515
3516
3519
3407
3404
3405
3402
3403
3399
3396
3397
3395
3392
3393
3422
3421
3419
3417
3415
3412
3411
3410
3409
3408
3436
3437
3438
3432
3433
3435
3428
3430
3431
3424
3425
3427
3452
3455
3454
3449
3451
3450
3445
3444
3446
3441
3440
3443
3442
3338
3339
3337
3342
3343
3340
3330
3331
3328
3329
3334
3335
3333
3354
3353
3352
3359
3347
3346
3345
3351
3350
3349
3348
3368
3369
3372
3373
3374
3375
3360
3361
3362
3363
3364
3365
3366
3367
3385
3384
3386
3389
3388
3391
3390
3377
3376
3379
3378
3380
3383
3382
