954
948
951
937
939
938
909
907
1017
1022
1008
1010
1012
1013
1002
993
989
978
1101
1092
1114
1134
1135
1133
1124
1125
1121
1151
1144
1066
1064
1076
1220
1217
1225
1224
1236
1239
1233
1234
1244
1246
1247
1274
1272
1152
1156
1171
1172
1174
1181
1184
1196
1207
1405
1407
1306
1308
1299
1294
1282
1322
1314
1315
1490
1498
1486
1525
1526
1527
1505
1512
1424
1431
1434
1435
1408
1418
1417
1421
1457
1462
1440
1443
1442
1448
1451
1551
1544
1542
1539
1556
1768
1775
1779
1776
1780
1785
1733
1732
1741
1744
1709
1706
1716
1676
1695
1688
1689
1908
1910
1883
1880
1878
1869
1858
1859
1863
1860
1854
1848
1851
1840
1839
1813
1806
1802
1803
1801
1799
2033
2035
2036
2044
2046
2029
2006
2015
2012
1987
1985
1997
1975
1970
1955
1951
1944
1945
1921
1920
1934
1933
2201
2205
2197
2199
2235
2239
2226
2225
2228
2219
2221
2208
2214
2269
2261
2257
2244
2287
2282
2272
2077
2079
2048
2052
2053
2106
2105
2081
2128
2137
2139
2127
2166
2164
2163
2161
2175
2171
2150
2151
2147
2153
2803
2806
2794
2793
2776
2777
2783
2774
2764
2612
2608
2623
2622
2620
2619
2616
2680
2662
2643
2630
2991
2990
2976
2979
2978
3000
2957
2974
2971
3049
3051
3052
3043
3047
3064
3060
3018
3017
3031
2856
2857
2858
2865
2876
2878
2873
2872
2830
2839
2838
2844
2841
2840
2921
2929
2931
2933
2937
2883
2880
2884
2885
2890
2894
2895
2892
2899
2898
2900
3285
3293
3289
3315
3324
3297
3305
3526
3520
3530
3537
3462
3468
3473
3479
3483
3481
3488
3494
3503
3504
3506
3508
3509
3512
3514
3517
3406
3398
3397
3421
3419
3416
3411
3435
3447
3441
3337
3335
3358
3357
3346
3344
3348
3370
3373
3375
3362
3365
3389
3379
