956
958
950
940
933
932
935
934
929
926
924
912
909
908
905
904
903
1017
1018
1021
1011
1015
1003
992
985
990
988
978
971
973
965
1093
1090
1113
1112
1115
1109
1121
1151
1150
1149
1143
1141
1033
1038
1039
1024
1025
1026
1050
1053
1041
1043
1047
1071
1068
1057
1082
1080
1086
1075
1217
1218
1228
1227
1237
1238
1234
1243
1250
1270
1271
1276
1274
1156
1160
1191
1188
1198
1196
1201
1204
1208
1399
1303
1301
1300
1289
1292
1313
1317
1495
1493
1488
1489
1501
1479
1476
1475
1485
1480
1532
1535
1516
1519
1512
1434
1433
1439
1414
1412
1422
1420
1457
1458
1460
1464
1470
1442
1445
1444
1448
1450
1454
1540
1536
1537
1538
1553
1767
1768
1729
1731
1730
1733
1745
1746
1749
1752
1758
1703
1702
1699
1698
1696
1707
1719
1712
1726
1679
1675
1674
1685
1689
1690
1907
1909
1903
1883
1882
1881
1880
1887
1885
1872
1871
1868
1856
1857
1854
1848
1845
1846
1840
1836
1835
1825
1827
1820
1817
1812
1800
1798
1799
2038
2042
2044
2017
2025
2031
2030
2003
2009
1986
1985
1998
1973
1971
1959
1967
1943
1937
1926
1921
2201
2204
2197
2184
2181
2239
2236
2226
2228
2218
2215
2212
2270
2265
2266
2251
2250
2245
2247
2246
2241
2242
2293
2291
2280
2064
2060
2105
2111
2082
2080
2084
2130
2117
2118
2119
2112
2115
2123
2167
2160
2172
2171
2170
2169
2803
2801
2806
2807
2805
2792
2799
2797
2785
2790
2789
2778
2779
2762
2765
2766
2757
2758
2615
2611
2622
2620
2680
2687
2658
2657
2660
2661
2669
2643
2647
2646
2652
2628
2989
2986
2980
2978
3001
3002
2952
2947
2944
2972
2973
2970
2971
2968
2965
2962
2963
2960
2961
3064
3020
3030
3031
2860
2856
2875
2823
2820
2817
2837
2835
2844
2921
2926
2927
2886
2885
2897
2900
3285
3290
3313
3324
3303
3300
3299
3296
3310
3306
3527
3526
3521
3520
3534
3531
3537
3458
3480
3489
3497
3503
3505
3510
3511
3406
3404
3401
3423
3422
3415
3411
3408
3436
3438
3428
3429
3425
3454
3448
3445
3338
3339
3343
3340
3331
3335
3346
3360
3361
3366
3385
3384
3389
3390
3381
3383
3382
