958
952
954
955
948
949
944
945
946
947
940
942
937
939
938
932
934
929
928
931
930
927
925
922
923
920
918
919
916
917
915
911
910
909
908
907
905
903
902
900
899
898
1018
1019
1020
1022
1023
1008
1009
1010
1011
1012
1001
1000
1003
1002
1005
993
992
995
994
997
998
987
984
985
990
991
988
978
979
976
982
983
980
981
970
975
974
973
972
962
961
960
967
966
964
1100
1101
1103
1096
1097
1098
1099
1088
1090
1117
1116
1118
1112
1115
1109
1108
1111
1110
1105
1104
1107
1135
1133
1131
1128
1129
1126
1124
1125
1122
1123
1120
1121
1150
1149
1148
1147
1145
1144
1143
1142
1141
1140
1139
1138
1137
1136
1032
1034
1035
1036
1024
1025
1026
1028
1030
1031
1049
1048
1051
1050
1055
1054
1044
1046
1064
1065
1070
1071
1068
1058
1056
1057
1063
1061
1083
1081
1080
1087
1085
1084
1075
1074
1073
1072
1079
1078
1077
1221
1223
1222
1217
1216
1219
1218
1228
1231
1225
1227
1226
1236
1238
1239
1232
1233
1245
1246
1240
1241
1242
1243
1250
1249
1248
1270
1279
1276
1277
1272
1273
1152
1154
1157
1156
1158
1161
1160
1165
1164
1167
1166
1168
1169
1170
1171
1172
1173
1174
1175
1177
1178
1181
1183
1186
1184
1190
1188
1195
1194
1193
1199
1198
1197
1196
1202
1203
1206
1207
1204
1205
1211
1208
1209
1214
1213
1405
1404
1407
1406
1400
1402
1399
1306
1305
1311
1309
1308
1299
1298
1296
1303
1302
1301
1300
1289
1295
1292
1293
1282
1283
1280
1281
1286
1287
1284
1285
1320
1321
1323
1312
1313
1314
1315
1316
1317
1318
1319
1494
1495
1492
1493
1491
1488
1489
1503
1500
1501
1499
1496
1497
1479
1478
1476
1474
1473
1472
1487
1486
1485
1484
1482
1480
1526
1527
1520
1522
1523
1532
1533
1534
1535
1530
1531
1509
1511
1510
1505
1507
1506
1517
1519
1518
1512
1514
1426
1427
1424
1425
1430
1431
1428
1429
1434
1435
1432
1433
1438
1439
1436
1437
1411
1410
1408
1415
1414
1413
1419
1418
1417
1416
1423
1421
1420
1456
1458
1459
1460
1461
1462
1463
1465
1467
1468
1470
1471
1440
1443
1442
1444
1446
1449
1448
1451
1450
1453
1452
1454
1548
1549
1551
1544
1540
1541
1542
1543
1536
1537
1538
1539
1557
1556
1552
1554
1761
1767
1766
1764
1771
1770
1769
1768
1775
1773
1772
1779
1776
1777
1783
1780
1781
1786
1787
1784
1790
1791
1788
1789
1729
1731
1730
1733
1732
1735
1737
1736
1738
1741
1740
1743
1742
1744
1746
1748
1751
1752
1753
1757
1759
1703
1702
1700
1699
1698
1697
1696
1711
1710
1709
1708
1705
1704
1718
1719
1717
1714
1715
1712
1713
1726
1724
1725
1720
1721
1677
1676
1679
1673
1672
1675
1674
1685
1687
1680
1681
1682
1693
1694
1695
1688
1690
1691
1913
1912
1915
1914
1917
1919
1918
1904
1906
1909
1908
1911
1910
1903
1883
1882
1881
1880
1886
1885
1875
1874
1879
1878
1877
1866
1864
1865
1870
1871
1868
1869
1858
1859
1856
1857
1863
1860
1852
1855
1854
1848
1851
1850
1845
1847
1841
1836
1837
1838
1839
1833
1834
1835
1828
1830
1831
1824
1825
1826
1827
1822
1821
1819
1818
1817
1816
1815
1813
1812
1811
1810
1808
1807
1804
1805
1803
1800
1801
1798
1799
1796
1797
1795
1792
2032
2033
2034
2036
2039
2040
2043
2044
2045
2046
2019
2018
2020
2023
2022
2024
2027
2026
2031
2030
2002
2003
2000
2001
2008
2009
2014
2015
2012
2013
1987
1986
1985
1984
1990
1989
1988
1995
1992
1999
1998
1997
1996
1972
1975
1969
1970
1971
1980
1981
1982
1983
1978
1958
1953
1955
1965
1966
1961
1963
1962
1942
1943
1940
1941
1938
1939
1936
1950
1951
1948
1949
1947
1944
1945
1927
1926
1925
1924
1923
1922
1921
1920
1935
1934
1933
1932
1930
1929
1928
2200
2201
2202
2203
2204
2205
2192
2194
2195
2196
2197
2199
2185
2184
2187
2186
2188
2191
2190
2179
2178
2181
2180
2183
2182
2234
2235
2232
2233
2239
2236
2237
2226
2227
2224
2225
2231
2229
2218
2217
2216
2223
2222
2221
2220
2211
2210
2209
2208
2215
2214
2213
2212
2268
2269
2271
2264
2265
2266
2267
2261
2263
2257
2258
2253
2252
2255
2254
2249
2248
2251
2250
2245
2244
2247
2246
2241
2240
2242
2302
2303
2300
2301
2298
2299
2296
2297
2294
2292
2293
2290
2291
2286
2285
2284
2283
2282
2281
2280
2276
2275
2274
2272
2064
2067
2068
2071
2073
2072
2077
2079
2048
2050
2051
2052
2054
2055
2057
2059
2060
2061
2062
2107
2105
2104
2111
2110
2109
2083
2080
2081
2133
2135
2134
2128
2131
2140
2143
2142
2137
2136
2139
2116
2119
2112
2113
2114
2115
2124
2125
2127
2121
2122
2123
2167
2166
2165
2164
2163
2162
2161
2175
2173
2172
2171
2169
2168
2150
2151
2148
2149
2146
2144
2145
2158
2159
2156
2157
2155
2152
2153
2810
2809
2815
2812
2813
2802
2803
2800
2801
2806
2804
2805
2793
2792
2799
2798
2797
2796
2787
2786
2785
2784
2791
2790
2789
2788
2776
2777
2779
2780
2781
2782
2783
2768
2770
2771
2772
2773
2774
2761
2760
2763
2762
2767
2766
2755
2754
2757
2759
2758
2615
2613
2612
2611
2610
2609
2608
2623
2622
2621
2620
2619
2616
2675
2673
2672
2678
2677
2676
2683
2682
2681
2680
2687
2685
2684
2658
2659
2657
2662
2660
2661
2666
2667
2664
2671
2668
2669
2641
2640
2643
2642
2645
2644
2647
2646
2649
2653
2652
2624
2625
2626
2627
2628
2629
2630
2631
2632
2633
2634
2635
2636
2637
2639
2989
2991
2990
2985
2984
2987
2986
2981
2980
2983
2977
2976
2979
2978
3006
3007
3001
3002
2996
2997
2999
2993
2994
2995
2959
2958
2957
2953
2952
2951
2947
2946
2945
2974
2975
2972
2973
2970
2968
2966
2967
2965
2962
2963
2960
2961
3048
3051
3050
3053
3052
3055
3054
3041
3043
3042
3045
3044
3046
3064
3065
3066
3059
3060
3061
3063
3019
3018
3016
3023
3022
3021
3020
3010
3009
3008
3015
3014
3012
3034
3032
3033
3038
3039
3036
3037
3026
3027
3025
3028
2852
2853
2848
2850
2851
2860
2861
2862
2863
2856
2857
2858
2859
2869
2868
2871
2870
2865
2864
2866
2877
2876
2879
2878
2872
2875
2874
2822
2823
2821
2817
2830
2831
2828
2829
2826
2827
2824
2825
2839
2838
2837
2835
2834
2833
2847
2846
2845
2844
2842
2841
2840
2913
2915
2916
2917
2918
2919
2920
2921
2922
2924
2925
2926
2929
2928
2931
2933
2932
2934
2938
2940
2943
2882
2883
2880
2881
2886
2887
2884
2885
2890
2891
2888
2889
2894
2895
2892
2893
2898
2897
2896
2903
2901
2900
2907
2906
2905
2904
2911
2910
3284
3285
3286
3287
3281
3283
3293
3294
3295
3288
3290
3291
3318
3316
3314
3312
3313
3327
3324
3325
3323
3320
3321
3303
3302
3301
3300
3297
3296
3310
3309
3307
3306
3526
3525
3524
3523
3521
3520
3535
3533
3532
3531
3530
3529
3528
3536
3537
3458
3463
3462
3461
3466
3465
3464
3471
3470
3468
3475
3478
3479
3477
3480
3481
3486
3487
3484
3485
3488
3491
3490
3493
3492
3495
3497
3499
3498
3501
3500
3503
3502
3504
3505
3507
3508
3509
3510
3511
3512
3513
3514
3515
3517
3518
3519
3406
3407
3405
3403
3400
3401
3398
3396
3394
3392
3393
3423
3422
3421
3418
3417
3415
3412
3411
3410
3409
3408
3436
3432
3433
3434
3428
3430
3431
3424
3425
3427
3453
3452
3455
3454
3449
3448
3451
3450
3444
3447
3446
3440
3443
3442
3338
3339
3336
3337
3342
3343
3341
3330
3328
3329
3334
3335
3354
3352
3359
3358
3357
3347
3346
3345
3350
3368
3370
3372
3373
3374
3361
3362
3363
3364
3365
3366
3367
3385
3384
3387
3386
3389
3388
3391
3377
3376
3379
3381
3383
3382
