958
952
953
955
948
949
950
951
945
947
940
943
942
936
939
938
933
932
935
934
928
931
930
927
924
925
923
920
918
919
916
917
915
912
911
910
909
908
907
906
905
904
903
902
900
899
1018
1019
1020
1021
1022
1023
1009
1010
1011
1012
1013
1014
1015
1001
1000
1003
1002
1005
1004
1007
1006
993
995
994
997
996
999
986
987
984
985
990
991
988
989
978
979
976
983
980
981
971
970
968
975
974
973
972
963
961
960
967
966
965
964
1100
1101
1102
1103
1096
1098
1099
1092
1093
1094
1095
1088
1089
1090
1119
1113
1112
1115
1109
1108
1111
1110
1105
1104
1107
1106
1134
1130
1131
1128
1129
1126
1127
1124
1125
1122
1123
1120
1121
1151
1150
1149
1148
1147
1144
1143
1142
1141
1140
1139
1138
1137
1136
1032
1033
1034
1035
1036
1037
1038
1039
1024
1025
1026
1027
1028
1029
1031
1049
1048
1051
1050
1053
1055
1054
1041
1040
1042
1044
1046
1066
1067
1064
1071
1069
1059
1057
1063
1060
1061
1083
1082
1081
1080
1087
1086
1085
1084
1075
1074
1072
1079
1078
1077
1076
1221
1222
1217
1216
1218
1229
1228
1231
1230
1225
1224
1236
1237
1238
1239
1232
1234
1235
1244
1245
1246
1240
1242
1243
1250
1248
1271
1278
1279
1277
1274
1272
1273
1153
1152
1154
1157
1156
1159
1158
1160
1163
1162
1165
1164
1166
1169
1170
1171
1172
1174
1175
1176
1177
1179
1180
1181
1182
1186
1185
1191
1189
1188
1194
1197
1196
1202
1203
1200
1201
1207
1204
1205
1210
1211
1215
1212
1213
1406
1401
1400
1402
1399
1306
1305
1311
1310
1308
1299
1298
1297
1302
1301
1300
1290
1291
1288
1289
1294
1292
1293
1283
1281
1286
1287
1284
1285
1320
1321
1322
1323
1312
1313
1314
1318
1319
1495
1492
1493
1490
1491
1488
1489
1503
1500
1499
1497
1478
1477
1476
1475
1473
1472
1486
1485
1484
1482
1481
1480
1524
1526
1527
1520
1521
1523
1532
1533
1534
1529
1511
1510
1505
1507
1516
1519
1518
1513
1512
1426
1425
1431
1428
1429
1434
1435
1432
1433
1438
1436
1437
1411
1410
1409
1408
1415
1414
1412
1419
1418
1417
1416
1423
1422
1421
1420
1456
1457
1458
1459
1461
1462
1463
1464
1465
1466
1467
1468
1469
1470
1471
1441
1440
1443
1442
1445
1444
1447
1449
1448
1450
1452
1454
1549
1550
1551
1545
1546
1547
1540
1541
1542
1543
1536
1537
1538
1556
1553
1552
1763
1761
1760
1767
1766
1765
1764
1771
1770
1769
1768
1775
1773
1772
1779
1776
1781
1786
1787
1785
1790
1791
1788
1789
1731
1730
1735
1734
1737
1738
1741
1740
1743
1744
1745
1746
1747
1748
1749
1750
1752
1753
1756
1758
1703
1702
1701
1700
1699
1698
1697
1696
1711
1710
1709
1708
1707
1706
1705
1718
1719
1716
1717
1714
1715
1712
1726
1727
1724
1725
1722
1720
1721
1677
1679
1678
1672
1674
1684
1685
1686
1687
1680
1683
1692
1693
1694
1695
1688
1689
1913
1912
1915
1914
1918
1904
1907
1906
1911
1910
1903
1883
1882
1881
1887
1886
1885
1884
1875
1872
1877
1876
1866
1864
1870
1868
1869
1858
1859
1856
1857
1862
1863
1860
1852
1854
1848
1851
1850
1845
1847
1846
1840
1836
1838
1839
1833
1834
1828
1829
1824
1826
1827
1822
1821
1820
1819
1818
1817
1816
1813
1812
1811
1810
1809
1806
1807
1804
1802
1803
1800
1798
1799
1796
1795
1793
2033
2034
2035
2037
2038
2039
2040
2043
2044
2045
2046
2047
2017
2019
2018
2021
2023
2022
2024
2027
2026
2029
2028
2031
2030
2002
2003
2000
2010
2014
2015
2012
2013
1986
1984
1989
1988
1995
1992
1998
1997
1972
1973
1975
1969
1980
1981
1983
1976
1978
1979
1957
1953
1955
1954
1965
1964
1967
1966
1961
1963
1962
1943
1940
1941
1938
1939
1936
1937
1950
1951
1948
1949
1947
1944
1945
1927
1926
1925
1924
1923
1921
1935
1934
1933
1932
1931
1930
1929
1928
2200
2201
2203
2204
2206
2207
2192
2193
2194
2195
2196
2197
2198
2185
2184
2187
2189
2188
2191
2190
2179
2178
2180
2183
2234
2235
2232
2238
2239
2237
2226
2227
2224
2225
2230
2231
2229
2219
2218
2222
2220
2211
2210
2209
2213
2212
2268
2269
2271
2264
2265
2266
2267
2260
2261
2262
2263
2257
2258
2259
2253
2252
2255
2254
2249
2248
2251
2250
2245
2244
2247
2246
2241
2240
2302
2303
2301
2299
2296
2294
2295
2292
2290
2291
2288
2289
2287
2284
2283
2282
2281
2280
2279
2277
2276
2274
2272
2064
2066
2069
2068
2070
2073
2077
2078
2048
2049
2050
2051
2052
2053
2054
2055
2057
2058
2059
2060
2061
2062
2063
2107
2106
2105
2111
2110
2109
2082
2080
2081
2084
2135
2134
2128
2130
2141
2140
2142
2137
2136
2139
2116
2117
2118
2119
2113
2114
2115
2124
2125
2120
2122
2167
2166
2165
2164
2163
2160
2175
2173
2172
2171
2169
2168
2150
2151
2148
2149
2146
2147
2145
2158
2159
2154
2155
2152
2810
2811
2808
2809
2815
2812
2813
2803
2800
2801
2806
2807
2804
2805
2795
2793
2792
2799
2797
2787
2786
2785
2784
2791
2790
2789
2788
2777
2778
2780
2781
2782
2783
2768
2770
2771
2772
2773
2774
2775
2761
2760
2763
2762
2765
2764
2766
2755
2754
2757
2756
2759
2615
2613
2612
2611
2610
2609
2608
2623
2622
2621
2620
2619
2675
2672
2679
2678
2677
2676
2683
2682
2681
2680
2687
2685
2684
2659
2657
2662
2660
2661
2666
2667
2670
2668
2641
2640
2643
2645
2644
2647
2646
2648
2653
2652
2655
2624
2625
2626
2627
2628
2629
2630
2631
2632
2633
2635
2637
2639
2989
2991
2990
2985
2984
2987
2981
2980
2982
2977
2976
2979
3006
3001
3002
2996
2997
2998
2992
2993
2994
2995
2959
2957
2952
2951
2950
2946
2945
2944
2974
2975
2972
2970
2971
2968
2969
2966
2967
2965
2963
2960
2961
3049
3048
3051
3050
3053
3052
3055
3054
3041
3042
3044
3046
3064
3065
3066
3056
3062
3063
3019
3016
3023
3022
3021
3020
3011
3010
3009
3008
3015
3014
3013
3012
3034
3032
3033
3038
3036
3037
3026
3024
3030
3031
3029
2852
2853
2854
2855
2848
2849
2850
2851
2860
2861
2857
2858
2859
2868
2871
2870
2865
2864
2866
2877
2876
2879
2873
2872
2875
2874
2822
2823
2820
2821
2819
2817
2830
2829
2826
2827
2825
2839
2837
2836
2835
2833
2832
2847
2846
2845
2844
2842
2841
2840
2912
2913
2915
2916
2917
2919
2920
2921
2922
2923
2924
2925
2929
2928
2931
2933
2932
2935
2934
2937
2936
2939
2940
2943
2882
2883
2880
2881
2886
2887
2884
2885
2890
2891
2888
2894
2895
2892
2893
2898
2897
2896
2903
2901
2900
2907
2906
2905
2904
2911
2910
3284
3285
3286
3287
3282
3283
3292
3295
3289
3291
3318
3316
3317
3315
3312
3313
3324
3323
3320
3321
3303
3301
3300
3299
3297
3296
3311
3310
3309
3306
3305
3527
3526
3525
3524
3522
3521
3520
3535
3533
3531
3529
3536
3537
3458
3457
3462
3461
3460
3465
3464
3471
3470
3468
3473
3478
3479
3482
3483
3480
3481
3486
3485
3488
3490
3492
3495
3494
3497
3496
3499
3498
3501
3500
3503
3502
3505
3506
3507
3508
3509
3510
3511
3512
3513
3514
3515
3407
3404
3405
3402
3400
3401
3399
3394
3395
3423
3422
3421
3419
3417
3416
3415
3412
3410
3408
3437
3438
3433
3435
3428
3429
3430
3431
3424
3425
3427
3453
3452
3455
3449
3448
3451
3450
3444
3447
3446
3441
3440
3443
3442
3338
3339
3337
3342
3343
3340
3341
3331
3334
3335
3333
3353
3352
3358
3357
3347
3345
3344
3349
3348
3368
3370
3372
3374
3375
3360
3361
3362
3363
3367
3385
3384
3386
3389
3391
3377
3376
3379
3381
3383
3382
