956
958
952
954
955
948
949
950
944
946
947
940
943
942
937
936
939
938
932
935
934
929
931
927
925
920
918
916
917
915
912
909
908
907
905
904
901
900
899
898
1017
1019
1020
1023
1008
1009
1010
1011
1013
1014
1015
1000
1002
1004
1007
1006
994
997
996
999
987
984
985
988
989
978
979
976
982
983
980
971
968
974
973
963
961
960
967
966
965
964
1100
1101
1102
1103
1096
1097
1098
1099
1093
1094
1095
1088
1089
1090
1091
1117
1118
1113
1112
1115
1114
1108
1111
1110
1105
1107
1106
1135
1132
1133
1130
1128
1129
1126
1127
1124
1122
1123
1120
1121
1151
1150
1149
1148
1147
1146
1144
1143
1142
1141
1140
1138
1137
1136
1032
1034
1035
1036
1038
1039
1024
1025
1026
1027
1029
1030
1049
1051
1050
1053
1052
1054
1041
1040
1043
1044
1047
1046
1066
1067
1070
1071
1068
1069
1056
1057
1063
1060
1083
1082
1080
1087
1086
1085
1084
1075
1074
1073
1072
1079
1077
1076
1220
1223
1222
1217
1216
1219
1218
1229
1228
1231
1230
1225
1224
1227
1236
1237
1238
1239
1232
1235
1245
1246
1247
1241
1242
1243
1250
1249
1248
1270
1271
1278
1279
1276
1277
1274
1275
1273
1153
1152
1155
1154
1157
1156
1159
1158
1161
1160
1163
1162
1165
1164
1167
1166
1170
1171
1172
1173
1174
1175
1176
1177
1178
1179
1180
1181
1187
1186
1184
1191
1190
1189
1188
1195
1199
1198
1196
1202
1203
1200
1201
1206
1207
1204
1205
1210
1211
1208
1215
1213
1404
1406
1401
1403
1402
1399
1306
1305
1311
1310
1309
1308
1299
1297
1301
1300
1290
1291
1288
1289
1295
1292
1282
1280
1281
1286
1287
1284
1285
1321
1323
1312
1313
1315
1316
1317
1318
1495
1492
1493
1490
1489
1502
1503
1500
1501
1499
1497
1479
1478
1477
1476
1472
1487
1486
1485
1484
1482
1481
1480
1524
1525
1527
1521
1522
1523
1532
1533
1534
1535
1528
1529
1509
1508
1511
1510
1504
1506
1516
1519
1513
1512
1514
1426
1427
1424
1430
1431
1428
1429
1435
1432
1433
1438
1439
1436
1437
1411
1409
1415
1414
1413
1419
1417
1416
1423
1422
1421
1420
1457
1459
1460
1461
1463
1464
1466
1467
1469
1470
1441
1440
1443
1442
1445
1444
1446
1448
1451
1450
1453
1452
1455
1454
1549
1550
1551
1544
1545
1546
1547
1541
1542
1543
1536
1537
1538
1539
1557
1553
1552
1555
1763
1761
1760
1767
1766
1765
1764
1771
1770
1769
1768
1773
1779
1776
1777
1783
1780
1781
1786
1787
1785
1790
1789
1729
1731
1730
1733
1732
1734
1737
1736
1739
1741
1740
1743
1744
1745
1746
1747
1748
1749
1750
1752
1756
1758
1759
1703
1702
1701
1700
1698
1697
1696
1711
1710
1709
1708
1707
1705
1704
1718
1719
1717
1714
1715
1712
1726
1727
1724
1725
1722
1720
1721
1677
1679
1678
1675
1685
1686
1680
1681
1682
1683
1692
1693
1694
1695
1688
1689
1690
1691
1913
1915
1914
1917
1919
1918
1904
1906
1909
1908
1911
1910
1902
1903
1883
1882
1881
1880
1887
1886
1885
1875
1874
1879
1878
1877
1866
1864
1865
1870
1871
1869
1858
1859
1857
1863
1860
1852
1855
1848
1851
1845
1847
1841
1840
1836
1837
1838
1839
1833
1834
1835
1828
1829
1830
1831
1825
1826
1827
1823
1822
1820
1819
1818
1816
1813
1811
1809
1807
1804
1805
1802
1803
1800
1801
1798
1796
1797
1795
1792
1793
2032
2033
2034
2035
2036
2037
2038
2039
2042
2043
2044
2045
2046
2047
2017
2019
2018
2020
2023
2025
2024
2029
2028
2030
2003
2000
2001
2006
2007
2010
2011
2008
2014
2015
2012
1987
1986
1985
1984
1990
1989
1995
1998
1997
1996
1972
1973
1975
1969
1970
1971
1980
1981
1983
1976
1978
1979
1957
1956
1959
1958
1953
1955
1954
1965
1967
1966
1961
1963
1943
1940
1941
1938
1939
1936
1937
1951
1948
1949
1947
1944
1945
1926
1925
1924
1923
1922
1921
1920
1935
1934
1933
1932
1931
1930
1929
1928
2201
2202
2203
2204
2206
2207
2192
2194
2195
2197
2198
2199
2185
2186
2189
2188
2191
2190
2179
2178
2181
2180
2183
2235
2232
2239
2236
2237
2227
2224
2230
2231
2228
2219
2218
2217
2216
2223
2222
2220
2211
2210
2209
2214
2213
2212
2268
2270
2271
2265
2266
2267
2260
2262
2263
2256
2257
2258
2259
2253
2252
2255
2254
2248
2251
2250
2245
2244
2247
2246
2241
2240
2242
2302
2303
2300
2301
2298
2299
2296
2295
2292
2293
2290
2289
2286
2285
2284
2283
2280
2279
2277
2276
2275
2274
2272
2064
2067
2069
2068
2071
2070
2073
2072
2075
2077
2048
2049
2050
2051
2052
2053
2054
2055
2058
2059
2061
2062
2063
2107
2106
2104
2111
2110
2109
2082
2083
2080
2133
2135
2134
2130
2141
2143
2137
2136
2139
2117
2118
2119
2112
2113
2114
2115
2124
2125
2127
2120
2121
2122
2123
2167
2166
2165
2164
2163
2175
2172
2171
2170
2169
2168
2150
2148
2149
2146
2147
2145
2158
2159
2156
2155
2152
2153
2811
2809
2815
2812
2813
2802
2803
2800
2801
2806
2807
2804
2805
2795
2794
2792
2799
2798
2797
2796
2787
2784
2790
2789
2788
2776
2777
2778
2779
2780
2781
2782
2772
2774
2775
2761
2760
2762
2765
2764
2766
2755
2754
2756
2759
2758
2615
2613
2611
2610
2609
2623
2622
2621
2620
2616
2675
2673
2672
2678
2677
2676
2683
2682
2684
2659
2657
2662
2663
2660
2661
2666
2667
2664
2665
2668
2669
2641
2643
2642
2645
2644
2647
2646
2649
2648
2653
2652
2655
2654
2625
2626
2627
2628
2629
2632
2633
2634
2637
2639
2989
2985
2984
2987
2986
2981
2980
2982
2979
2978
3007
3000
3001
3002
2998
2999
2992
2993
2994
2995
2959
2958
2957
2953
2952
2951
2950
2946
2945
2944
2975
2972
2973
2970
2971
2968
2969
2966
2967
2963
3048
3051
3053
3052
3055
3054
3041
3040
3043
3042
3045
3047
3064
3056
3058
3059
3060
3061
3062
3063
3019
3018
3016
3022
3021
3020
3011
3010
3009
3008
3015
3013
3012
3034
3035
3032
3033
3036
3037
3026
3027
3024
3031
3028
2852
2853
2855
2849
2850
2851
2860
2861
2856
2857
2859
2869
2868
2871
2870
2864
2867
2877
2876
2879
2878
2872
2875
2874
2823
2820
2818
2819
2817
2830
2831
2828
2829
2826
2827
2825
2839
2838
2837
2836
2835
2834
2833
2832
2847
2846
2844
2843
2842
2841
2840
2912
2915
2916
2917
2918
2919
2921
2922
2923
2924
2925
2926
2927
2929
2928
2931
2935
2934
2936
2939
2938
2941
2940
2943
2882
2883
2880
2881
2886
2887
2885
2890
2891
2888
2889
2894
2895
2892
2893
2899
2898
2897
2896
2903
2902
2901
2906
2904
3284
3286
3287
3281
3282
3293
3295
3288
3289
3290
3316
3317
3314
3315
3312
3313
3324
3325
3322
3323
3320
3321
3303
3302
3301
3300
3299
3298
3296
3311
3310
3309
3307
3304
3525
3523
3522
3521
3520
3535
3534
3533
3532
3531
3530
3529
3536
3459
3457
3456
3463
3462
3461
3460
3465
3471
3470
3474
3472
3478
3479
3477
3482
3483
3480
3481
3487
3484
3489
3488
3491
3490
3492
3495
3499
3498
3500
3503
3502
3504
3505
3506
3507
3508
3509
3510
3511
3512
3514
3515
3517
3406
3407
3404
3405
3402
3403
3401
3398
3399
3396
3397
3394
3395
3422
3419
3418
3416
3415
3412
3411
3410
3409
3408
3437
3432
3433
3435
3428
3429
3424
3427
3453
3455
3454
3449
3448
3451
3445
3447
3446
3441
3440
3443
3442
3338
3339
3336
3337
3342
3343
3340
3341
3331
3328
3329
3334
3335
3333
3354
3353
3352
3359
3347
3346
3345
3344
3351
3350
3349
3348
3369
3372
3373
3374
3375
3360
3361
3363
3364
3366
3367
3385
3387
3386
3389
3388
3391
3390
3377
3376
3379
3378
3381
3380
3383
3382
