949
945
947
943
936
912
905
904
898
986
990
988
989
976
970
963
1101
1097
1089
1116
1113
1109
1111
1106
1128
1129
1127
1136
1033
1039
1049
1051
1046
1057
1080
1079
1223
1216
1231
1230
1225
1235
1245
1242
1270
1279
1273
1160
1167
1172
1174
1175
1179
1185
1188
1202
1211
1212
1405
1400
1306
1305
1304
1311
1309
1308
1289
1294
1280
1284
1285
1495
1493
1491
1488
1503
1496
1475
1473
1484
1527
1522
1509
1510
1506
1513
1426
1427
1434
1439
1436
1461
1463
1443
1445
1446
1449
1453
1548
1542
1543
1554
1766
1765
1764
1770
1773
1777
1785
1743
1745
1752
1757
1758
1698
1708
1705
1704
1719
1724
1722
1679
1672
1912
1914
1917
1904
1880
1884
1876
1865
1870
1868
1858
1857
1862
1851
1845
1828
1829
1805
1800
1798
1792
1793
2032
2036
2037
2044
2025
2031
2002
2003
2012
1980
1979
1957
1955
1966
1962
1943
1938
1947
1926
1925
1922
1935
1934
2202
2185
2184
2178
2235
2232
2233
2228
2217
2216
2220
2211
2209
2270
2257
2258
2253
2250
2302
2303
2300
2290
2284
2281
2277
2064
2072
2079
2049
2058
2059
2062
2104
2111
2109
2082
2081
2132
2131
2141
2137
2117
2124
2121
2163
2175
2170
2156
2802
2803
2807
2799
2787
2786
2780
2783
2768
2763
2765
2609
2608
2678
2677
2681
2687
2685
2664
2640
2645
2644
2648
2652
2629
2635
2990
2986
2980
2996
2998
2952
2951
2945
2971
2963
3066
3058
3063
3019
3022
3021
3020
3010
3008
3012
3033
3026
3027
2852
2848
2850
2860
2862
2858
2869
2871
2870
2865
2864
2876
2875
2823
2818
2831
2826
2825
2839
2845
2840
2920
2926
2933
2932
2935
2940
2943
2886
2889
2897
2901
2910
3293
3294
3317
3322
3323
3320
3298
3311
3309
3304
3526
3521
3535
3531
3463
3473
3486
3491
3490
3495
3497
3499
3498
3509
3403
3396
3423
3421
3419
3418
3410
3409
3408
3432
3429
3453
3450
3447
3446
3331
3345
3374
3363
3364
3391
3381
