954
955
949
945
929
928
919
916
910
907
905
902
901
899
1017
1018
1019
1011
1014
1004
995
976
980
968
973
972
961
1092
1088
1111
1134
1123
1150
1148
1032
1034
1038
1027
1028
1031
1055
1045
1047
1071
1068
1058
1073
1076
1221
1220
1218
1227
1226
1239
1234
1247
1242
1250
1248
1155
1156
1159
1158
1163
1177
1179
1188
1195
1199
1202
1205
1213
1406
1300
1294
1292
1283
1286
1287
1477
1486
1485
1522
1535
1531
1509
1508
1511
1504
1519
1427
1424
1435
1409
1458
1463
1468
1471
1441
1445
1446
1451
1454
1548
1547
1541
1536
1537
1770
1779
1786
1784
1785
1791
1729
1738
1740
1746
1747
1751
1710
1707
1722
1673
1914
1919
1918
1904
1911
1902
1883
1882
1881
1886
1884
1874
1879
1871
1859
1856
1860
1845
1840
1838
1839
1833
1835
1830
1820
1803
1801
1796
1797
1795
1792
2038
2042
2044
2046
2023
2003
2009
2012
1985
1989
1996
1970
1962
1943
1950
1924
1933
1932
2205
2207
2197
2185
2179
2180
2238
2223
2212
2270
2253
2299
2292
2291
2282
2072
2075
2051
2107
2111
2084
2132
2131
2137
2139
2166
2160
2171
2150
2803
2805
2789
2779
2780
2782
2773
2764
2756
2611
2608
2681
2659
2664
2665
2642
2649
2629
2630
2632
2989
2991
2986
2980
2979
3002
2997
2959
2974
2972
3050
3053
3052
3054
3042
3045
3044
3047
3066
3020
3036
3030
3031
3028
3029
2852
2850
2851
2869
2871
2864
2873
2822
2826
2824
2835
2847
2846
2845
2844
2840
2915
2922
2928
2932
2934
2936
2939
2940
2880
2887
2895
2892
2898
3284
3282
3290
3317
3327
3300
3306
3520
3531
3536
3460
3472
3487
3485
3495
3508
3510
3515
3405
3395
3393
3419
3412
3438
3433
3454
3449
3339
3331
3335
3352
3358
3347
3344
3351
3368
3372
3373
3363
3367
3381
