956
958
952
954
949
950
951
945
946
943
937
936
939
933
934
929
931
930
926
924
925
922
920
916
917
915
912
911
908
906
904
903
902
901
900
898
1016
1017
1020
1021
1022
1008
1011
1012
1013
1015
1001
1000
1003
1002
1005
1004
1007
1006
993
992
995
994
997
996
986
987
984
990
991
988
989
978
976
980
971
970
975
974
973
972
963
962
961
960
967
966
964
1101
1103
1092
1093
1094
1095
1088
1089
1090
1091
1117
1116
1118
1112
1115
1109
1108
1111
1110
1104
1107
1106
1134
1135
1132
1133
1130
1131
1128
1126
1127
1124
1125
1122
1123
1120
1121
1151
1150
1149
1148
1147
1146
1145
1143
1142
1141
1140
1139
1138
1137
1136
1032
1033
1036
1024
1025
1026
1027
1028
1030
1031
1049
1048
1051
1050
1053
1052
1055
1054
1040
1042
1045
1044
1046
1066
1067
1065
1071
1068
1069
1056
1063
1060
1061
1083
1082
1081
1080
1087
1086
1085
1084
1074
1073
1072
1079
1077
1076
1221
1222
1216
1219
1218
1229
1228
1231
1230
1224
1227
1226
1236
1238
1239
1232
1234
1245
1246
1247
1242
1243
1250
1249
1278
1279
1277
1275
1272
1273
1153
1152
1155
1154
1156
1159
1158
1161
1160
1163
1162
1165
1164
1167
1168
1169
1170
1171
1174
1175
1176
1177
1178
1180
1181
1183
1187
1186
1191
1190
1189
1195
1194
1193
1199
1197
1196
1202
1200
1201
1206
1207
1204
1205
1210
1211
1208
1209
1214
1215
1212
1405
1406
1402
1399
1306
1311
1310
1309
1308
1298
1297
1296
1302
1301
1300
1290
1291
1289
1294
1292
1282
1283
1280
1281
1287
1284
1285
1320
1321
1322
1323
1312
1314
1315
1316
1317
1319
1495
1492
1493
1490
1491
1488
1502
1500
1498
1499
1496
1497
1479
1478
1477
1475
1474
1473
1472
1487
1484
1483
1482
1481
1480
1524
1525
1527
1520
1521
1522
1523
1533
1534
1535
1529
1530
1531
1509
1508
1511
1510
1504
1507
1506
1516
1519
1518
1512
1514
1426
1427
1424
1425
1430
1431
1428
1435
1432
1438
1439
1436
1437
1410
1409
1415
1414
1413
1412
1419
1418
1417
1416
1423
1422
1421
1420
1459
1460
1461
1462
1463
1464
1466
1467
1468
1469
1470
1443
1442
1445
1444
1449
1448
1451
1450
1453
1452
1455
1454
1548
1550
1551
1544
1546
1547
1542
1536
1537
1538
1539
1556
1553
1552
1555
1554
1763
1762
1767
1766
1765
1771
1770
1769
1768
1773
1772
1779
1776
1777
1782
1783
1780
1781
1786
1787
1785
1791
1788
1729
1730
1733
1732
1734
1737
1736
1738
1741
1743
1742
1744
1745
1747
1748
1749
1750
1751
1752
1753
1756
1757
1758
1759
1701
1699
1698
1697
1696
1711
1710
1709
1708
1707
1706
1718
1719
1716
1717
1714
1715
1726
1727
1725
1722
1720
1721
1677
1676
1679
1678
1673
1672
1675
1674
1684
1686
1687
1680
1681
1682
1683
1693
1694
1688
1689
1690
1691
1913
1914
1917
1919
1918
1904
1907
1906
1909
1908
1911
1910
1903
1883
1881
1880
1886
1885
1884
1875
1874
1872
1879
1878
1876
1870
1871
1868
1858
1859
1856
1857
1863
1860
1852
1855
1848
1850
1846
1841
1840
1836
1837
1838
1839
1833
1834
1828
1829
1830
1831
1824
1825
1827
1823
1822
1820
1818
1817
1816
1815
1813
1812
1811
1810
1808
1806
1807
1804
1805
1802
1803
1798
1799
1796
1797
1794
1792
1793
2032
2033
2035
2036
2037
2038
2040
2042
2044
2017
2018
2021
2020
2023
2022
2024
2027
2029
2028
2031
2030
2002
2003
2000
2001
2006
2007
2011
2008
2012
2013
1987
1986
1985
1984
1990
1989
1988
1992
1999
1998
1997
1996
1972
1973
1970
1971
1981
1982
1983
1978
1979
1957
1956
1958
1955
1954
1964
1967
1963
1962
1943
1940
1941
1938
1939
1936
1937
1950
1951
1948
1944
1945
1927
1925
1924
1923
1922
1921
1920
1935
1934
1932
1931
1930
1929
1928
2202
2203
2204
2205
2206
2207
2192
2193
2194
2195
2196
2197
2198
2199
2185
2184
2187
2186
2189
2188
2190
2179
2178
2181
2180
2183
2182
2234
2235
2232
2233
2238
2239
2236
2226
2227
2231
2228
2229
2219
2218
2217
2223
2220
2211
2209
2208
2215
2214
2213
2212
2268
2269
2270
2265
2266
2260
2262
2263
2256
2257
2258
2259
2253
2252
2255
2254
2249
2248
2250
2245
2244
2247
2246
2241
2240
2243
2242
2303
2300
2301
2298
2299
2296
2297
2294
2292
2293
2290
2291
2288
2289
2286
2285
2284
2283
2281
2280
2279
2277
2274
2272
2064
2067
2066
2069
2068
2071
2073
2072
2075
2079
2078
2049
2050
2051
2052
2053
2054
2055
2058
2059
2060
2062
2106
2105
2104
2111
2109
2083
2080
2081
2133
2132
2134
2131
2130
2143
2142
2137
2136
2139
2117
2119
2112
2113
2114
2115
2124
2125
2120
2121
2122
2123
2166
2165
2163
2162
2161
2160
2173
2169
2168
2150
2151
2148
2149
2146
2147
2144
2145
2156
2157
2154
2155
2152
2153
2810
2811
2808
2809
2815
2812
2813
2802
2803
2801
2807
2804
2805
2795
2793
2792
2799
2798
2796
2787
2786
2785
2784
2791
2789
2788
2776
2777
2779
2780
2781
2782
2783
2768
2770
2772
2775
2760
2763
2762
2765
2764
2767
2766
2755
2754
2757
2758
2613
2612
2610
2609
2608
2622
2621
2619
2675
2673
2672
2678
2676
2682
2681
2680
2687
2686
2684
2658
2659
2657
2662
2663
2660
2661
2666
2664
2671
2668
2669
2641
2640
2643
2642
2645
2644
2646
2649
2648
2653
2654
2625
2627
2628
2629
2630
2631
2633
2634
2635
2636
2639
2991
2990
2985
2984
2987
2986
2981
2980
2983
2977
2976
2979
3007
3000
3001
3002
2996
2998
2999
2992
2993
2959
2958
2951
2950
2947
2946
2945
2944
2974
2972
2973
2970
2968
2969
2966
2967
2962
2963
2960
2961
3049
3048
3051
3052
3055
3041
3040
3043
3042
3045
3044
3047
3046
3064
3065
3066
3058
3059
3060
3062
3063
3019
3018
3017
3016
3023
3022
3021
3020
3011
3010
3009
3015
3014
3013
3012
3034
3032
3033
3039
3037
3027
3024
3025
3030
3031
3028
3029
2852
2854
2855
2848
2849
2850
2851
2861
2862
2863
2857
2858
2859
2868
2865
2864
2867
2866
2879
2878
2873
2872
2874
2822
2823
2820
2821
2818
2830
2831
2828
2829
2827
2824
2825
2838
2836
2835
2834
2833
2832
2846
2845
2844
2843
2842
2841
2840
2913
2915
2917
2918
2919
2920
2921
2923
2924
2925
2926
2927
2928
2931
2933
2932
2934
2937
2939
2938
2941
2940
2943
2882
2883
2880
2881
2886
2887
2885
2891
2888
2894
2895
2892
2893
2899
2897
2896
2903
2902
2901
2900
2906
2905
2904
2910
3284
3285
3286
3287
3281
3282
3283
3293
3295
3288
3289
3290
3291
3315
3313
3324
3325
3322
3323
3320
3321
3302
3301
3300
3299
3298
3296
3311
3310
3309
3307
3306
3305
3304
3527
3526
3525
3524
3523
3522
3520
3535
3533
3532
3531
3530
3528
3536
3537
3458
3457
3456
3463
3462
3461
3460
3465
3464
3471
3470
3474
3475
3472
3478
3479
3477
3483
3480
3481
3487
3484
3485
3489
3488
3491
3490
3493
3492
3495
3494
3497
3496
3501
3500
3503
3502
3504
3505
3506
3507
3509
3510
3511
3512
3513
3514
3515
3516
3517
3518
3519
3406
3407
3404
3405
3402
3400
3401
3398
3399
3396
3397
3395
3392
3393
3423
3422
3419
3416
3415
3410
3409
3408
3436
3437
3432
3433
3434
3435
3428
3429
3430
3431
3424
3453
3452
3455
3449
3445
3444
3447
3441
3442
3339
3336
3337
3343
3340
3341
3330
3331
3329
3335
3354
3353
3352
3359
3358
3347
3345
3351
3350
3348
3368
3369
3373
3374
3375
3360
3361
3362
3364
3365
3366
3385
3384
3387
3386
3389
3388
3391
3390
3377
3376
3379
3378
3381
3380
3383
3382
