956
958
952
953
955
948
949
950
951
944
945
947
940
943
937
936
939
933
932
935
928
930
926
927
924
925
922
923
920
918
919
916
917
915
911
910
909
908
907
906
905
904
903
902
901
900
899
1017
1018
1019
1020
1021
1022
1008
1009
1010
1011
1013
1015
1001
1000
1003
1002
1005
1004
1007
993
992
995
994
997
996
998
985
990
988
989
979
976
982
983
980
981
970
968
975
974
973
972
963
962
961
960
967
966
965
964
1100
1101
1102
1097
1098
1092
1093
1094
1095
1088
1089
1090
1117
1116
1119
1118
1113
1112
1115
1114
1109
1108
1111
1110
1105
1104
1106
1134
1135
1132
1133
1130
1131
1128
1129
1126
1124
1125
1123
1120
1151
1150
1148
1147
1145
1144
1143
1142
1141
1140
1139
1138
1136
1032
1033
1034
1035
1036
1037
1038
1024
1025
1026
1028
1029
1030
1031
1049
1051
1053
1052
1041
1043
1042
1045
1044
1046
1066
1067
1064
1065
1070
1071
1068
1069
1058
1059
1056
1057
1063
1060
1061
1083
1082
1081
1080
1087
1085
1084
1075
1074
1073
1072
1079
1078
1077
1221
1220
1223
1222
1217
1216
1219
1218
1229
1228
1225
1224
1227
1226
1236
1237
1238
1239
1233
1234
1235
1244
1245
1246
1247
1240
1242
1243
1249
1248
1270
1271
1278
1279
1276
1277
1274
1275
1273
1153
1152
1155
1157
1156
1159
1158
1161
1160
1163
1162
1165
1164
1167
1166
1168
1169
1170
1171
1172
1173
1174
1175
1177
1178
1180
1181
1182
1183
1187
1185
1184
1190
1189
1188
1195
1193
1199
1198
1196
1202
1203
1200
1201
1207
1204
1205
1210
1208
1209
1214
1215
1212
1405
1404
1407
1406
1400
1403
1402
1306
1304
1311
1310
1309
1308
1299
1297
1303
1301
1290
1291
1288
1289
1294
1293
1283
1280
1281
1286
1287
1284
1285
1320
1322
1323
1314
1315
1316
1317
1319
1494
1495
1492
1493
1490
1491
1488
1489
1502
1503
1498
1499
1496
1497
1479
1478
1477
1476
1475
1473
1472
1487
1486
1485
1484
1483
1482
1481
1480
1524
1525
1526
1527
1520
1521
1522
1523
1532
1533
1535
1528
1509
1508
1510
1505
1504
1507
1517
1516
1519
1518
1513
1512
1514
1426
1424
1425
1430
1431
1428
1434
1435
1438
1439
1436
1437
1411
1410
1409
1408
1415
1413
1412
1419
1418
1417
1416
1422
1420
1458
1459
1461
1462
1463
1464
1465
1467
1468
1469
1471
1441
1440
1443
1442
1444
1447
1446
1448
1453
1455
1454
1548
1549
1551
1544
1545
1546
1547
1540
1541
1542
1536
1537
1538
1552
1555
1762
1761
1760
1767
1766
1765
1770
1769
1768
1773
1776
1777
1782
1783
1781
1786
1784
1785
1790
1791
1789
1729
1731
1733
1735
1734
1737
1739
1738
1741
1740
1743
1742
1744
1746
1748
1749
1750
1751
1753
1756
1757
1758
1759
1702
1701
1700
1699
1697
1711
1710
1709
1708
1707
1706
1704
1718
1719
1716
1717
1714
1715
1712
1713
1726
1727
1724
1725
1722
1720
1721
1676
1673
1675
1674
1685
1686
1687
1680
1681
1682
1683
1692
1695
1688
1689
1690
1691
1913
1912
1915
1919
1918
1906
1911
1902
1903
1883
1881
1880
1885
1874
1872
1879
1878
1877
1866
1864
1865
1870
1871
1868
1869
1858
1859
1856
1857
1862
1863
1854
1848
1850
1845
1847
1846
1841
1837
1838
1839
1833
1834
1828
1829
1830
1831
1824
1825
1826
1827
1823
1820
1819
1818
1817
1816
1815
1813
1812
1811
1810
1809
1806
1804
1805
1802
1803
1801
1797
1794
1792
1793
2032
2033
2034
2037
2038
2039
2040
2042
2043
2045
2046
2047
2017
2019
2018
2021
2023
2022
2025
2024
2027
2026
2029
2028
2031
2030
2002
2000
2001
2006
2007
2010
2011
2008
2009
2015
2012
2013
1987
1985
1984
1989
1988
1995
1992
1999
1998
1997
1973
1975
1969
1980
1981
1976
1978
1957
1956
1959
1958
1953
1954
1967
1966
1961
1962
1942
1943
1940
1941
1938
1939
1937
1950
1951
1948
1949
1947
1944
1945
1927
1926
1925
1924
1922
1935
1934
1933
1932
1931
1930
1928
2200
2201
2202
2203
2205
2207
2192
2193
2194
2195
2196
2197
2199
2185
2184
2187
2186
2189
2188
2191
2190
2179
2178
2181
2180
2183
2182
2235
2233
2238
2239
2236
2237
2226
2224
2230
2231
2228
2229
2219
2217
2223
2222
2221
2220
2210
2209
2208
2215
2212
2268
2269
2270
2271
2264
2265
2266
2267
2260
2261
2263
2257
2258
2253
2252
2255
2249
2248
2251
2250
2245
2244
2247
2246
2240
2243
2242
2302
2303
2300
2301
2298
2299
2296
2294
2292
2293
2290
2291
2287
2286
2285
2284
2283
2282
2281
2280
2277
2276
2275
2274
2272
2064
2067
2066
2069
2068
2071
2070
2073
2075
2077
2079
2048
2049
2050
2051
2052
2053
2054
2055
2057
2058
2059
2060
2061
2062
2063
2107
2106
2111
2110
2109
2083
2080
2081
2084
2132
2135
2134
2128
2131
2141
2143
2142
2137
2139
2116
2117
2118
2119
2112
2113
2115
2124
2125
2127
2120
2121
2122
2123
2167
2166
2164
2163
2162
2160
2175
2172
2171
2170
2169
2168
2150
2148
2149
2147
2144
2145
2158
2156
2154
2155
2152
2810
2811
2809
2815
2812
2813
2803
2800
2801
2806
2807
2805
2794
2793
2792
2799
2798
2797
2796
2787
2786
2785
2791
2789
2788
2778
2779
2780
2781
2782
2768
2771
2772
2774
2761
2765
2764
2766
2755
2754
2757
2756
2759
2758
2615
2613
2612
2611
2610
2608
2623
2622
2621
2620
2619
2616
2675
2673
2672
2679
2678
2677
2682
2680
2686
2685
2684
2658
2657
2662
2663
2660
2661
2666
2667
2664
2665
2670
2671
2668
2641
2640
2643
2642
2647
2646
2649
2648
2653
2652
2654
2624
2625
2626
2627
2628
2629
2631
2632
2633
2635
2636
2637
2639
2989
2991
2990
2984
2986
2981
2980
2982
2977
2976
2978
3006
3007
3001
3002
2997
2998
2999
2992
2995
2959
2952
2951
2950
2947
2946
2945
2944
2974
2975
2972
2973
2971
2968
2969
2966
2965
2962
2960
2961
3049
3048
3051
3050
3053
3040
3043
3045
3044
3047
3064
3065
3066
3056
3058
3059
3060
3061
3062
3063
3019
3017
3016
3023
3022
3011
3010
3009
3008
3015
3014
3013
3012
3034
3033
3038
3036
3037
3026
3027
3025
3030
3031
3028
3029
2852
2853
2848
2849
2850
2860
2861
2862
2863
2857
2858
2859
2869
2871
2865
2864
2867
2866
2877
2876
2873
2872
2875
2822
2823
2820
2821
2818
2819
2817
2830
2831
2829
2825
2838
2837
2834
2832
2847
2846
2844
2843
2842
2841
2912
2915
2916
2917
2919
2920
2921
2922
2923
2924
2925
2926
2927
2929
2928
2931
2933
2932
2935
2934
2937
2939
2938
2940
2882
2883
2880
2884
2885
2891
2888
2889
2894
2895
2892
2893
2899
2898
2897
2896
2903
2902
2901
2900
2907
2906
2904
2910
3284
3285
3286
3287
3282
3283
3292
3293
3294
3290
3291
3318
3316
3317
3314
3315
3312
3313
3327
3324
3325
3323
3320
3321
3303
3302
3301
3300
3298
3297
3296
3311
3310
3309
3307
3306
3305
3304
3527
3526
3524
3523
3522
3521
3520
3535
3534
3533
3532
3531
3530
3529
3528
3536
3537
3459
3458
3456
3460
3465
3464
3468
3475
3472
3473
3477
3482
3483
3481
3487
3489
3488
3491
3490
3492
3497
3496
3499
3501
3500
3503
3502
3504
3505
3506
3508
3509
3510
3512
3513
3515
3516
3517
3518
3519
3406
3407
3405
3402
3403
3400
3398
3399
3396
3394
3395
3393
3423
3422
3421
3419
3418
3417
3416
3412
3411
3410
3408
3436
3437
3438
3432
3435
3428
3429
3430
3424
3425
3427
3453
3452
3454
3449
3448
3445
3447
3446
3441
3440
3336
3342
3343
3341
3330
3331
3329
3334
3335
3333
3354
3353
3352
3359
3358
3357
3347
3346
3344
3350
3369
3373
3374
3375
3360
3361
3362
3363
3364
3365
3366
3367
3384
3387
3389
3388
3391
3390
3377
3376
3379
3380
3383
3382
