956
958
952
953
954
955
949
950
944
945
946
947
940
943
942
937
939
938
933
932
935
934
929
928
931
930
927
924
925
922
923
920
919
916
915
912
911
909
907
906
905
904
903
902
900
899
898
1016
1018
1020
1021
1023
1008
1009
1010
1011
1012
1013
1014
1015
1001
1000
1003
1002
1007
1006
992
995
994
997
996
998
986
984
990
991
978
979
976
982
983
980
981
970
968
973
972
963
962
961
960
967
966
965
964
1101
1102
1103
1096
1097
1098
1099
1092
1093
1094
1095
1088
1089
1090
1117
1116
1119
1118
1113
1112
1114
1110
1105
1104
1107
1106
1134
1135
1132
1131
1128
1129
1126
1127
1125
1122
1123
1151
1149
1148
1147
1146
1145
1143
1142
1141
1140
1137
1136
1032
1033
1034
1035
1036
1037
1039
1024
1025
1027
1029
1049
1048
1051
1050
1052
1055
1054
1041
1040
1043
1042
1045
1044
1047
1046
1066
1067
1064
1070
1068
1069
1058
1056
1060
1061
1083
1082
1081
1080
1086
1085
1084
1075
1074
1073
1078
1223
1222
1216
1219
1218
1229
1228
1231
1230
1225
1227
1236
1238
1239
1232
1234
1235
1245
1246
1240
1241
1243
1249
1270
1271
1278
1279
1277
1274
1275
1273
1153
1152
1154
1156
1159
1161
1160
1163
1162
1164
1167
1168
1169
1170
1171
1172
1173
1174
1175
1176
1177
1178
1179
1181
1182
1183
1186
1185
1191
1190
1189
1195
1193
1199
1198
1196
1202
1203
1206
1205
1211
1208
1209
1215
1212
1404
1407
1406
1400
1403
1402
1306
1305
1304
1311
1309
1308
1299
1298
1297
1296
1301
1300
1290
1291
1288
1289
1294
1295
1292
1282
1283
1280
1281
1286
1287
1284
1320
1321
1322
1323
1312
1313
1315
1316
1317
1318
1494
1495
1492
1490
1491
1488
1489
1502
1500
1501
1499
1497
1479
1478
1477
1476
1475
1474
1472
1487
1485
1483
1482
1481
1480
1524
1525
1527
1520
1521
1522
1523
1532
1533
1534
1535
1529
1530
1509
1511
1510
1505
1504
1506
1517
1516
1519
1518
1513
1512
1426
1427
1424
1425
1430
1431
1428
1429
1434
1435
1432
1433
1439
1436
1411
1409
1408
1415
1413
1412
1418
1417
1422
1421
1420
1456
1457
1458
1459
1460
1461
1462
1463
1464
1465
1466
1467
1468
1469
1470
1471
1443
1442
1445
1444
1447
1446
1449
1448
1451
1452
1455
1454
1548
1549
1550
1551
1544
1545
1546
1547
1540
1541
1543
1536
1537
1539
1557
1553
1552
1555
1762
1761
1760
1767
1766
1765
1764
1771
1769
1768
1775
1773
1772
1779
1776
1777
1782
1783
1780
1781
1786
1787
1784
1790
1788
1789
1729
1730
1732
1735
1734
1736
1743
1742
1745
1747
1748
1749
1750
1751
1753
1757
1758
1701
1700
1698
1697
1711
1710
1709
1707
1706
1705
1718
1719
1716
1714
1715
1713
1726
1727
1724
1725
1722
1720
1677
1679
1678
1672
1674
1685
1686
1687
1682
1683
1694
1688
1691
1913
1912
1914
1917
1919
1918
1904
1907
1906
1910
1902
1903
1883
1882
1881
1880
1887
1886
1885
1875
1874
1879
1878
1877
1876
1866
1864
1865
1871
1869
1858
1859
1856
1862
1863
1852
1855
1854
1851
1850
1845
1847
1846
1841
1840
1836
1838
1833
1834
1835
1828
1830
1831
1824
1825
1826
1827
1823
1822
1821
1820
1819
1818
1817
1815
1813
1811
1810
1809
1806
1807
1804
1805
1803
1801
1798
1799
1796
1797
1794
1795
1792
2032
2034
2035
2036
2040
2042
2043
2044
2046
2047
2017
2021
2020
2023
2025
2027
2026
2031
2030
2002
2000
2001
2006
2007
2010
2011
2008
2009
2014
2015
2012
2013
1987
1986
1985
1984
1990
1989
1988
1995
1992
1999
1998
1996
1972
1970
1971
1980
1981
1982
1983
1976
1978
1979
1957
1956
1959
1958
1964
1967
1961
1963
1962
1942
1943
1940
1941
1950
1951
1949
1947
1944
1945
1927
1926
1925
1924
1923
1922
1935
1934
1933
1932
1931
2200
2202
2203
2204
2205
2206
2192
2194
2195
2196
2197
2198
2199
2184
2187
2186
2189
2188
2191
2190
2178
2181
2180
2182
2235
2232
2238
2236
2226
2227
2225
2231
2228
2229
2219
2217
2216
2223
2222
2221
2220
2211
2210
2209
2208
2215
2214
2213
2212
2269
2270
2271
2265
2266
2261
2262
2263
2256
2257
2258
2259
2252
2254
2249
2248
2250
2245
2244
2247
2246
2241
2240
2243
2242
2302
2303
2300
2301
2298
2299
2297
2294
2293
2290
2291
2288
2289
2287
2286
2285
2284
2283
2282
2281
2280
2279
2277
2276
2275
2272
2064
2067
2066
2069
2068
2071
2073
2072
2075
2077
2079
2048
2049
2050
2051
2052
2053
2055
2057
2058
2059
2060
2061
2104
2111
2109
2082
2083
2080
2081
2084
2133
2132
2135
2134
2131
2130
2141
2140
2143
2142
2137
2136
2139
2116
2117
2112
2113
2114
2115
2124
2125
2127
2120
2121
2122
2123
2167
2166
2165
2163
2162
2161
2160
2173
2172
2171
2170
2169
2168
2150
2151
2148
2146
2147
2144
2159
2156
2154
2155
2152
2810
2811
2809
2812
2800
2801
2806
2807
2804
2805
2795
2794
2793
2792
2797
2787
2786
2785
2784
2791
2790
2789
2788
2776
2777
2779
2781
2782
2783
2768
2770
2771
2772
2773
2774
2761
2760
2763
2764
2767
2766
2755
2754
2759
2758
2615
2613
2612
2610
2609
2608
2623
2622
2620
2619
2616
2675
2673
2672
2679
2678
2676
2683
2681
2680
2687
2685
2658
2659
2657
2662
2663
2660
2661
2666
2667
2665
2671
2668
2669
2641
2640
2643
2642
2645
2647
2646
2653
2652
2655
2624
2625
2626
2627
2628
2629
2631
2632
2633
2635
2637
2989
2991
2985
2984
2986
2981
2980
2982
2977
2976
2979
2978
3006
3007
3002
2996
2998
2992
2993
2995
2959
2958
2953
2952
2951
2950
2947
2946
2945
2944
2974
2975
2972
2973
2970
2971
2968
2969
2967
2965
2962
2963
2960
2961
3049
3051
3052
3055
3054
3041
3042
3045
3044
3046
3064
3065
3066
3059
3061
3062
3019
3018
3017
3022
3020
3010
3009
3008
3015
3014
3013
3034
3032
3033
3038
3039
3036
3026
3027
3024
3025
3030
3031
3028
2852
2854
2855
2848
2849
2851
2861
2862
2856
2857
2858
2859
2869
2868
2871
2870
2865
2864
2867
2866
2877
2876
2879
2878
2872
2874
2822
2823
2820
2821
2818
2819
2830
2831
2828
2829
2826
2827
2824
2825
2837
2836
2835
2833
2846
2845
2844
2842
2841
2840
2913
2915
2916
2917
2918
2919
2920
2923
2924
2925
2928
2931
2933
2932
2935
2934
2937
2936
2939
2938
2941
2943
2882
2883
2880
2881
2886
2884
2885
2890
2891
2888
2894
2892
2893
2899
2898
2897
2903
2902
2901
2900
2907
2906
2905
2904
2910
3285
3286
3287
3281
3282
3283
3293
3295
3290
3318
3316
3317
3314
3315
3312
3313
3327
3324
3325
3322
3323
3320
3321
3303
3302
3300
3299
3298
3296
3311
3310
3309
3307
3306
3304
3527
3526
3525
3524
3523
3521
3520
3534
3533
3532
3530
3529
3528
3536
3537
3459
3458
3457
3463
3462
3461
3465
3464
3471
3470
3468
3474
3475
3472
3473
3479
3482
3483
3480
3481
3486
3487
3484
3485
3489
3488
3490
3493
3492
3495
3494
3499
3498
3500
3503
3502
3504
3505
3507
3509
3511
3512
3513
3516
3518
3519
3406
3407
3405
3402
3403
3400
3398
3399
3396
3397
3394
3395
3392
3423
3422
3421
3419
3418
3417
3416
3415
3412
3411
3410
3436
3437
3438
3432
3433
3434
3435
3429
3430
3424
3425
3427
3453
3452
3455
3454
3449
3448
3451
3450
3445
3444
3447
3446
3441
3443
3442
3338
3339
3336
3337
3343
3340
3341
3331
3328
3329
3334
3335
3333
3354
3352
3358
3357
3347
3346
3345
3344
3351
3350
3348
3369
3370
3372
3373
3374
3375
3362
3363
3365
3367
3385
3384
3387
3386
3389
3388
3391
3390
3377
3376
3379
3378
3380
3382
