956
958
952
953
954
955
948
949
950
951
944
945
946
947
943
942
936
939
938
933
932
935
934
929
928
930
926
927
924
925
922
920
918
919
916
917
915
911
910
909
908
906
905
904
903
902
901
900
899
898
1016
1017
1018
1019
1020
1021
1023
1008
1009
1010
1011
1013
1014
1015
1001
1000
1002
1005
1007
1006
993
995
994
997
996
999
998
986
987
984
985
988
989
978
976
982
983
980
971
970
968
975
973
972
963
962
961
960
966
1100
1101
1102
1103
1096
1098
1099
1092
1094
1095
1088
1089
1090
1116
1119
1118
1113
1112
1115
1114
1109
1111
1110
1105
1104
1107
1106
1134
1135
1132
1130
1131
1128
1129
1126
1127
1124
1125
1123
1120
1151
1150
1149
1147
1146
1145
1144
1143
1142
1141
1140
1139
1138
1136
1032
1033
1035
1036
1037
1038
1039
1024
1025
1026
1028
1029
1030
1031
1048
1051
1050
1053
1052
1055
1041
1040
1042
1045
1044
1047
1046
1066
1064
1070
1071
1068
1069
1056
1057
1060
1061
1083
1081
1080
1087
1086
1085
1084
1075
1074
1073
1072
1079
1078
1077
1076
1223
1222
1217
1218
1228
1231
1227
1226
1236
1237
1238
1239
1232
1233
1235
1244
1245
1246
1247
1240
1241
1243
1250
1270
1271
1278
1277
1275
1272
1273
1153
1155
1154
1157
1156
1159
1158
1161
1160
1163
1162
1165
1164
1167
1166
1168
1169
1170
1171
1172
1174
1175
1176
1177
1178
1179
1180
1181
1182
1183
1187
1185
1191
1190
1188
1195
1199
1198
1196
1202
1203
1200
1201
1206
1207
1204
1211
1208
1209
1214
1215
1213
1405
1407
1406
1400
1403
1402
1399
1311
1309
1308
1299
1297
1296
1303
1302
1300
1291
1288
1289
1294
1292
1282
1283
1280
1281
1286
1287
1284
1285
1320
1321
1322
1323
1312
1313
1315
1316
1318
1319
1494
1492
1493
1490
1491
1488
1489
1502
1503
1498
1499
1496
1497
1478
1477
1476
1475
1472
1487
1486
1485
1482
1481
1524
1525
1526
1527
1520
1521
1532
1535
1528
1529
1531
1509
1508
1511
1510
1505
1504
1507
1506
1517
1516
1519
1518
1512
1514
1426
1427
1424
1425
1430
1431
1428
1429
1434
1435
1433
1438
1439
1436
1437
1411
1409
1408
1415
1414
1413
1412
1419
1418
1417
1421
1456
1457
1459
1460
1462
1463
1465
1466
1467
1468
1469
1470
1471
1441
1440
1447
1449
1448
1451
1453
1452
1454
1548
1549
1550
1551
1544
1545
1546
1547
1540
1541
1542
1543
1536
1537
1538
1539
1557
1553
1555
1554
1763
1762
1760
1767
1766
1765
1764
1770
1769
1768
1775
1773
1779
1776
1782
1783
1780
1781
1786
1787
1784
1785
1790
1791
1788
1789
1729
1731
1730
1733
1732
1735
1737
1736
1739
1741
1743
1744
1745
1746
1747
1748
1749
1751
1752
1753
1757
1758
1759
1703
1702
1701
1700
1699
1696
1711
1710
1709
1708
1707
1706
1705
1704
1718
1719
1716
1714
1715
1712
1726
1727
1724
1725
1720
1721
1676
1679
1678
1673
1675
1684
1686
1680
1681
1683
1692
1693
1694
1695
1689
1690
1691
1912
1915
1914
1917
1919
1918
1904
1907
1906
1909
1908
1911
1910
1903
1883
1881
1880
1886
1884
1875
1874
1872
1877
1876
1864
1871
1868
1869
1858
1859
1856
1857
1862
1863
1852
1855
1854
1848
1850
1847
1846
1840
1838
1839
1833
1834
1835
1828
1829
1830
1824
1825
1827
1821
1818
1816
1815
1813
1812
1811
1806
1804
1805
1802
1800
1798
1799
1796
1794
1795
1792
1793
2032
2034
2035
2036
2037
2038
2039
2040
2042
2043
2044
2045
2046
2047
2021
2020
2024
2027
2026
2029
2028
2031
2030
2002
2006
2007
2010
2011
2008
2009
2014
2015
2012
1987
1986
1985
1984
1990
1989
1995
1999
1998
1997
1996
1972
1973
1975
1969
1971
1980
1981
1976
1978
1979
1957
1956
1959
1958
1953
1955
1954
1965
1964
1967
1966
1961
1942
1943
1940
1941
1938
1939
1936
1937
1951
1948
1949
1947
1944
1945
1927
1926
1925
1923
1922
1921
1920
1935
1934
1933
1932
1931
1930
1929
1928
2201
2202
2203
2204
2205
2206
2207
2192
2193
2194
2195
2197
2185
2184
2187
2186
2190
2179
2178
2181
2180
2183
2234
2235
2232
2233
2238
2239
2237
2226
2227
2224
2225
2230
2231
2228
2229
2219
2218
2217
2216
2223
2220
2211
2210
2209
2208
2215
2213
2270
2264
2265
2267
2260
2261
2262
2263
2256
2258
2253
2252
2249
2248
2250
2245
2244
2247
2240
2243
2242
2302
2303
2296
2297
2294
2295
2292
2293
2290
2291
2287
2286
2284
2282
2281
2280
2279
2275
2272
2064
2067
2066
2069
2068
2071
2072
2078
2048
2049
2050
2051
2052
2053
2054
2055
2058
2060
2061
2062
2063
2107
2106
2104
2111
2110
2082
2080
2081
2084
2133
2135
2134
2131
2130
2141
2140
2143
2137
2136
2117
2119
2113
2114
2115
2124
2125
2121
2122
2123
2167
2163
2162
2160
2175
2172
2170
2169
2150
2151
2148
2149
2146
2147
2144
2158
2159
2157
2154
2155
2152
2811
2808
2809
2813
2802
2803
2800
2806
2807
2804
2805
2795
2793
2792
2799
2798
2797
2796
2787
2786
2785
2784
2791
2790
2789
2788
2776
2778
2779
2780
2781
2782
2783
2768
2772
2773
2774
2761
2760
2765
2764
2767
2766
2755
2754
2756
2759
2758
2615
2612
2611
2610
2609
2608
2623
2622
2621
2620
2619
2675
2673
2672
2679
2678
2676
2682
2681
2680
2687
2686
2684
2658
2660
2666
2667
2664
2665
2670
2671
2668
2669
2641
2640
2643
2642
2645
2644
2647
2649
2652
2654
2624
2626
2627
2628
2629
2630
2631
2632
2633
2635
2636
2637
2639
2989
2991
2985
2984
2986
2983
2977
2979
2978
3006
3000
3001
3002
2996
2997
2998
2999
2992
2993
2994
2995
2959
2958
2951
2950
2947
2945
2944
2974
2975
2972
2973
2970
2971
2968
2969
2966
2965
2962
2963
2960
2961
3049
3048
3051
3050
3052
3055
3054
3041
3040
3043
3042
3045
3047
3046
3064
3066
3056
3058
3060
3061
3062
3063
3019
3018
3016
3023
3022
3020
3011
3010
3009
3008
3015
3014
3013
3012
3034
3032
3038
3039
3036
3037
3026
3024
3025
3030
3031
3028
3029
2852
2853
2855
2848
2849
2850
2851
2860
2862
2863
2856
2857
2859
2869
2868
2871
2870
2865
2864
2867
2866
2877
2876
2879
2878
2873
2875
2822
2823
2820
2821
2818
2819
2817
2830
2831
2828
2829
2826
2827
2824
2825
2839
2838
2837
2834
2833
2847
2845
2844
2843
2842
2841
2840
2912
2913
2915
2916
2917
2918
2919
2921
2922
2923
2924
2925
2926
2927
2929
2928
2931
2933
2935
2934
2937
2936
2939
2938
2940
2943
2882
2883
2880
2881
2886
2887
2885
2890
2891
2888
2889
2895
2892
2893
2899
2898
2897
2896
2901
2900
2907
2905
2911
2910
3284
3285
3286
3287
3282
3283
3292
3293
3288
3289
3290
3316
3317
3314
3315
3312
3313
3327
3324
3325
3322
3323
3320
3321
3303
3302
3301
3299
3298
3297
3296
3311
3310
3309
3307
3306
3304
3527
3526
3524
3523
3521
3520
3535
3533
3531
3530
3529
3528
3536
3537
3459
3458
3457
3463
3462
3461
3466
3465
3464
3470
3468
3475
3472
3473
3478
3479
3477
3482
3483
3480
3481
3486
3487
3484
3485
3489
3488
3491
3490
3493
3495
3494
3497
3496
3499
3498
3500
3503
3502
3504
3505
3506
3507
3508
3509
3511
3513
3514
3515
3518
3406
3407
3404
3402
3400
3398
3399
3394
3395
3392
3393
3423
3419
3418
3417
3416
3415
3412
3411
3410
3409
3408
3436
3437
3438
3432
3433
3434
3435
3428
3429
3430
3431
3424
3425
3453
3452
3455
3449
3448
3451
3450
3445
3444
3447
3446
3441
3442
3338
3339
3336
3337
3342
3343
3341
3330
3331
3328
3329
3334
3335
3333
3354
3352
3359
3357
3347
3346
3345
3344
3351
3350
3348
3370
3373
3374
3375
3360
3361
3362
3364
3365
3366
3367
3385
3386
3388
3391
3390
3376
3379
3378
3381
3380
3383
3382
